0.0078125
0.0078125
0.0078125
0.0078125
0.0078125
0.0078125
0.0078125
0.0078125
0.0078125
0.0078125
0.0078125
0.0078125
0.0078125
0.0078125
0.0078125
0.0078125
0.0078125
0.0078125
0.0078125
0.0078125
0.0078125
0.0078125
0.0078125
0.0078125
0.0078125
0.0078125
0.0078125
0.0078125
0.0078125
0.0078125
0.0078125
0.015625
0.0078125
0.0078125
0.0078125
0.0078125
0.0078125
0.0078125
0.0078125
0.0078125
0.0078125
0.0078125
0.0078125
0.0078125
0.0078125
0.0078125
0.0078125
0.02734375
0.0078125
0.0078125
0.0078125
0.0078125
0.0078125
0.0078125
0.0078125
0.0078125
0.0078125
0.0078125
0.0078125
0.0078125
0.01953125
0.01953125
0.01953125
0.01953125
0.0078125
0.0078125
0.0078125
0.0078125
0.0078125
0.0078125
0.0078125
0.0078125
0.02734375
0.0078125
0.0078125
0.0078125
0.0078125
0.0078125
0.0078125
0.0078125
0.0078125
0.0078125
0.0078125
0.0078125
0.0078125
0.0078125
0.0078125
0.0078125
0.0078125
0.0078125
0.0078125
0.0078125
0.0078125
0.0078125
0.0078125
0.0078125
