0.119844316435698
0.119844316435698
0.119844316435698
0.119844316435698
0.119844316435698
0.119844316435698
0.119844316435698
0.119844316435698
0.119844316435698
0.119844316435698
0.119844316435698
0.119844316435698
0.119844316435698
0.119844316435698
0.119844316435698
0.119844316435698
0.119840073448296
0.119840073448296
0.119840073448296
0.119842194941997
0.119842194941997
0.119842194941997
0.119842194941997
0.119842194941997
0.119842194941997
0.119842194941997
0.119842194941997
0.119842194941997
0.119842194941997
0.119842194941997
0.119842194941997
0.119842194941997
0.119842194941997
0.119842194941997
0.119842194941997
0.119842194941997
0.119842194941997
0.119844316435698
0.119844316435698
0.119840073448296
0.119840073448296
0.119840073448296
0.119840073448296
0.119840073448296
0.119840073448296
0.119840073448296
0.119840073448296
0.119840073448296
0.119844316435698
0.119844316435698
0.119844316435698
0.119844316435698
0.119844316435698
0.119844316435698
0.119844316435698
0.119844316435698
0.119844316435698
0.119844316435698
0.119844316435698
0.119844316435698
0.119844316435698
0.119844316435698
0.119844316435698
0.119844316435698
0.119844316435698
0.119844316435698
0.119842194941997
0.119842194941997
0.119842194941997
0.119842194941997
0.119842194941997
0.119842194941997
0.119842194941997
0.119842194941997
0.119842194941997
0.119842194941997
0.119842194941997
0.119842194941997
0.119842194941997
0.119842194941997
0.119842194941997
0.119841827175356
0.119839706073146
0.119839706073146
0.119837584579445
0.119837584579445
0.119837584579445
0.119837584579445
0.119837584579445
0.119837584579445
0.119837584579445
0.119837584579445
0.119837584579445
0.119837584579445
0.119837584579445
0.119837584579445
