3.1448068215449e-05
3.1448068215449e-05
3.1448068215449e-05
3.1448068215449e-05
3.1448068215449e-05
3.1448068215449e-05
3.1448068215449e-05
3.1448068215449e-05
3.1448068215449e-05
3.1448068215449e-05
3.1448068215449e-05
3.1448068215449e-05
3.1448068215449e-05
3.1448068215449e-05
3.1448068215449e-05
3.1448068215449e-05
3.1448068215449e-05
3.1448068215449e-05
3.1448068215449e-05
3.1448068215449e-05
3.1448068215449e-05
3.1448068215449e-05
3.1448068215449e-05
3.1448068215449e-05
3.1448068215449e-05
3.1448068215449e-05
3.1448068215449e-05
3.1448068215449e-05
3.1448068215449e-05
3.1448068215449e-05
3.1448068215449e-05
3.1448068215449e-05
3.1448068215449e-05
3.1448068215449e-05
3.1448068215449e-05
3.1448068215449e-05
3.1448068215449e-05
3.1448068215449e-05
3.1448068215449e-05
3.1448068215449e-05
3.1448068215449e-05
3.1448068215449e-05
3.1448068215449e-05
3.1448068215449e-05
3.1448068215449e-05
3.1448068215449e-05
3.1448068215449e-05
3.1448068215449e-05
3.1448068215449e-05
3.1448068215449e-05
3.1448068215449e-05
3.1448068215449e-05
3.1448068215449e-05
3.1448068215449e-05
3.1448068215449e-05
3.1448068215449e-05
3.1448068215449e-05
3.1448068215449e-05
3.1448068215449e-05
3.1448068215449e-05
3.1448068215449e-05
3.1448068215449e-05
3.1448068215449e-05
3.1448068215449e-05
3.1448068215449e-05
3.1448068215449e-05
3.1448068215449e-05
3.1448068215449e-05
3.1448068215449e-05
3.1448068215449e-05
3.1448068215449e-05
3.1448068215449e-05
3.1448068215449e-05
3.1448068215449e-05
3.1448068215449e-05
3.1448068215449e-05
3.1448068215449e-05
3.1448068215449e-05
3.1448068215449e-05
3.1448068215449e-05
3.1448068215449e-05
3.14418266135901e-05
3.14418266135901e-05
3.143583334099e-05
3.143583334099e-05
3.143583334099e-05
3.143583334099e-05
3.143583334099e-05
3.143583334099e-05
3.143583334099e-05
3.143583334099e-05
3.143583334099e-05
3.143583334099e-05
3.143583334099e-05
3.143583334099e-05
3.143583334099e-05
