0.0630459345234409
0.0630459345234409
0.0630459345234409
0.0630459345234409
0.0630459345234409
0.0630459345234409
0.0630459345234409
0.0630459345234409
0.0630459345234409
0.0630459345234409
0.0630459345234409
0.0630459345234409
0.0630459345234409
0.0630459345234409
0.0630459345234409
0.0630459345234409
0.0630459345234409
0.0630459345234409
0.0630459345234409
0.0630459345234409
0.0630459345234409
0.0630459345234409
0.0630459345234409
0.0630459345234409
0.0630459345234409
0.0630459345234409
0.0630459345234409
0.0630459345234409
0.0630459345234409
0.0630459345234409
0.0630459345234409
0.0630459345234409
0.0630459345234409
0.0630459345234409
0.0630459345234409
0.0630459345234409
0.0630459345234409
0.0630459345234409
0.0630459345234409
0.0630459345234409
0.0630459345234409
0.0630459345234409
0.0630459345234409
0.0630488601739894
0.0630488601739894
0.0630488601739894
0.0630488601739894
0.0630488601739894
0.0630488601739894
0.0630488601739894
0.0630488601739894
0.0630488601739894
0.0630488601739894
0.0630488601739894
0.0630488601739894
0.0630488601739894
0.0630488601739894
0.0630488601739894
0.0569760478989496
0.0569760478989496
0.0569760478989496
0.0569760478989496
0.0569760478989496
0.0569760478989496
0.0569760478989496
0.0569760478989496
0.0569760478989496
0.0569760478989496
0.0569760478989496
0.0569760478989496
0.0569760478989496
0.0569760478989496
0.0569760478989496
0.0569760478989496
0.0569760478989496
0.0569756649359896
0.0569756649359896
0.0569756649359896
0.0569756649359896
0.0569756649359896
0.0569756649359896
0.0569756649359896
0.0569756649359896
0.0569756649359896
0.0600115112125088
0.0569756649359896
0.0569756649359896
0.0569756649359896
0.0569756649359896
0.0569756649359896
0.0569756649359896
0.0569756649359896
0.0569756649359896
0.0569756649359896
0.0569756649359896
0.0569756649359896