0.0475806816931669
0.0475806816931669
0.0475806816931669
0.0475806816931669
0.0475806816931669
0.0475806816931669
0.0475806816931669
0.0475806816931669
0.0475806816931669
0.0475806816931669
0.0475806816931669
0.0475806816931669
0.0475806816931669
0.0475806816931669
0.0475806816931669
0.0475806816931669
0.0475806816931669
0.0475806816931669
0.0475806816931669
0.0475806816931669
0.0475806816931669
0.0475806816931669
0.0475806816931669
0.0475806816931669
0.0475806816931669
0.0475806816931669
0.0475806816931669
0.0475806816931669
0.0475806816931669
0.0475806816931669
0.0475806816931669
0.0475806816931669
0.0475806816931669
0.0475806816931669
0.0475806816931669
0.0475806816931669
0.0475806816931669
0.0475806816931669
0.0475806816931669
0.0475806816931669
0.0475806816931669
0.0475806816931669
0.0475806816931669
0.0475825387487625
0.0475825387487625
0.0475825387487625
0.0475825387487625
0.0475825387487625
0.0475825387487625
0.0475825387487625
0.0475825387487625
0.0475825387487625
0.0475825387487625
0.0475825387487625
0.0475825387487625
0.0475825387487625
0.0475825387487625
0.0475825387487625
0.0475825387487625
0.0475825387487625
0.0475825387487625
0.0475825387487625
0.0475825387487625
0.0475825387487625
0.0475825387487625
0.0475825387487625
0.0475825387487625
0.0475825387487625
0.0475825387487625
0.0475825387487625
0.0475825387487625
0.0475825387487625
0.0475825387487625
0.0475825387487625
0.0475825387487625
0.0475825387487625
0.0475825387487625
0.0475825387487625
0.0475825387487625
0.0475825387487625
0.0475825387487625
0.0475825387487625
0.0475825387487625
0.0475825387487625
0.0475825387487625
0.0475825387487625
0.0475825387487625
0.0475825387487625
0.0475825387487625
0.0475825387487625
0.0475825387487625
0.0475825387487625
0.0475825387487625
0.0475825387487625
0.0475825387487625
0.0475825387487625