0.872638444258261
0.872638444258261
0.872638444258261
0.872638444258261
0.872638444258261
0.872638444258261
0.872638444258261
0.872638444258261
0.872638444258261
0.872638444258261
0.872638444258261
0.872635208577765
0.872635208577765
0.872635208577765
0.872635208577765
0.872635208577765
0.872635208577765
0.872635208577765
0.872635208577765
0.872635208577765
0.872635208577765
0.872635208577765
0.872635208577765
0.872635208577765
0.872635208577765
0.872635208577765
0.872635208577765
0.872635208577765
0.872635208577765
0.872635208577765
0.872635208577765
0.872635208577765
0.872635208577765
0.872635208577765
0.872635208577765
0.872635208577765
0.872635208577765
0.872635208577765
0.872635208577765
0.872635208577765
0.872635208577765
0.872635208577765
0.872635208577765
0.872627348189825
0.872627348189825
0.872630119244307
0.872630119244307
0.872630119244307
0.872630119244307
0.872630119244307
0.872630119244307
0.872630119244307
0.872630119244307
0.872630119244307
0.872630119244307
0.872630119244307
0.872630119244307
0.872630119244307
0.878702931519347
0.878702931519347
0.878702931519347
0.878702931519347
0.878702931519347
0.878702931519347
0.878702931519347
0.878702931519347
0.878702931519347
0.878702931519347
0.878702931519347
0.878702931519347
0.878702931519347
0.878702931519347
0.878702931519347
0.878702931519347
0.878702931519347
0.87869930709519
0.87869930709519
0.87869930709519
0.87869930709519
0.87869930709519
0.87869930709519
0.87869930709519
0.87869930709519
0.87869930709519
0.87566346081867
0.87869930709519
0.87869930709519
0.87869930709519
0.87869930709519
0.87869930709519
0.87869930709519
0.87869930709519
0.87869930709519
0.87869930709519
0.87869930709519
0.87869930709519