0.0935829763069508
0.0935829763069508
0.0935829763069508
0.0935829763069508
0.0935829763069508
0.0935829763069508
0.0935829763069508
0.0935829763069508
0.0935829763069508
0.0935829763069508
0.0935829763069508
0.0935829763069508
0.0935829763069508
0.0935829763069508
0.0935829763069508
0.0935829763069508
0.0935829763069508
0.0935829763069508
0.0935829763069508
0.0935829763069508
0.0935829763069508
0.0935829763069508
0.0935829763069508
0.0935829763069508
0.0935829763069508
0.0935829763069508
0.0935829763069508
0.0935829763069508
0.0935829763069508
0.0935829763069508
0.0935829763069508
0.0935829763069508
0.0935829763069508
0.0935829763069508
0.0935829763069508
0.0935829763069508
0.0935829763069508
0.0935829763069508
0.0935829763069508
0.0935829763069508
0.0935829763069508
0.0935829763069508
0.0935829763069508
0.093581471875367
0.093581471875367
0.0935777739550516
0.0935810096355476
0.0935810096355476
0.0935810096355476
0.0935810096355476
0.0935810096355476
0.0935810096355476
0.0935810096355476
0.0935810096355476
0.0935810096355476
0.0935810096355476
0.0935810096355476
0.0935810096355476
0.0935810096355476
0.0935810096355476
0.0935810096355476
0.0935810096355476
0.0935810096355476
0.0935810096355476
0.0935810096355476
0.0935810096355476
0.0935810096355476
0.0935810096355476
0.0935810096355476
0.0935810096355476
0.0935810096355476
0.0935810096355476
0.0935810096355476
0.0935810096355476
0.0935810096355476
0.0935745081470093
0.0935745081470093
0.0935745081470093
0.0935777432308465
0.0935777432308465
0.0935777432308465
0.0935777432308465
0.0935777432308465
0.0935777432308465
0.0935777432308465
0.0935777432308465
0.0935777432308465
0.0935777432308465
0.0935777432308465
0.0935777432308465
0.0935777432308465
0.0935777432308465
0.0935777432308465
0.0935777432308465
0.0935777432308465
0.0935777432308465