0.000716845878136201
0.000716845878136201
0.000716845878136201
0.000716845878136201
0.000716845878136201
0.000716845878136201
0.000716845878136201
0.000716845878136201
0.000716845878136201
0.000716845878136201
0.000716845878136201
0.000716845878136201
0.000716845878136201
0.000716845878136201
0.000716845878136201
0.000716845878136201
0.000716845878136201
0.000716845878136201
0.000716845878136201
0.000716845878136201
0.000716845878136201
0.000716845878136201
0.000716845878136201
0.000716845878136201
0.000716845878136201
0.000716845878136201
0.000716845878136201
0.000716845878136201
0.000716845878136201
0.000716845878136201
0.000716845878136201
0.000716845878136201
0.000716845878136201
0.000716845878136201
0.000716845878136201
0.000716845878136201
0.000716845878136201
0.000716845878136201
0.000716845878136201
0.000716845878136201
0.000716845878136201
0.000716845878136201
0.000716845878136201
0.000716845878136201
0.000716845878136201
0.000716845878136201
0.000716845878136201
0.000716845878136201
0.000716845878136201
0.000716845878136201
0.000716845878136201
0.000716845878136201
0.000716845878136201
0.000716845878136201
0.000716845878136201
0.000716845878136201
0.000716845878136201
0.000716845878136201
0.000716845878136201
0.000716845878136201
0.000716845878136201
0.000716845878136201
0.000716845878136201
0.000716845878136201
0.000716845878136201
0.000716845878136201
0.000716845878136201
0.000716845878136201
0.000716845878136201
0.000716845878136201
0.000716845878136201
0.000716845878136201
0.000716845878136201
0.000716845878136201
0.000716845878136201
0.000716845878136201
0.000716845878136201
0.000716845878136201
0.000716845878136201
0.000716845878136201
0.000716845878136201
0.000716845878136201
0.000716845878136201
0.000716845878136201
0.000716845878136201
0.000716845878136201
0.000716845878136201
0.000716845878136201
0.000716845878136201
0.000716845878136201
0.000716845878136201
0.000716845878136201
0.000716845878136201
0.000716845878136201
0.000716845878136201
0.000716845878136201
0.000716845878136201
0.000716845878136201
0.000716845878136201
0.000716845878136201
0.000716845878136201
0.000716845878136201
0.000716845878136201
0.000716845878136201
0.000716845878136201
0.000716845878136201
0.000716845878136201
0.000716845878136201
0.000716845878136201
0.000716845878136201
0.000716845878136201
0.000716845878136201
0.000716845878136201
0.000716845878136201
0.000716845878136201
0.000716845878136201
0.000716845878136201
0.000716845878136201
0.000716845878136201
0.000716845878136201
0.000716845878136201
0.000716845878136201
0.000716901257466815
0.000716845878136201
0.000716845878136201
0.000716845878136201
0.000716845878136201
0.000716845878136201
0.000716845878136201
0.000716845878136201
0.000716845878136201
0.000716845878136201
0.000716845878136201
0.000716845878136201
0.000716845878136201
0.000716845878136201
0.000716845878136201
0.000716845878136201
0.000716845878136201
0.000716845878136201
0.000716845878136201
0.000716845878136201
0.000716845878136201
0.000716845878136201
0.000716845878136201
0.000716845878136201
0.000716845878136201
0.000716845878136201
0.000716845878136201
0.000716845878136201
0.000716845878136201
0.000716845878136201
0.000716845878136201
0.000716845878136201
0.000716845878136201
0.000716845878136201
0.000716845878136201
0.000716845878136201
0.000716845878136201
0.000716845878136201
0.000716845878136201
0.000716845878136201
0.000716845878136201
0.000716845878136201
0.000716869612135035
0.000716861700802091
0.000716845878136201
0.000716845878136201
0.000716845878136201
0.000716845878136201
0.000716845878136201
0.000716845878136201
0.000716845878136201
0.000716845878136201
0.000716845878136201
0.000716845878136201
0.000716845878136201
0.000717336380778784
0.000716861700802091
0.000717344292111729
0.000717352203444673
0.000717352203444673
0.000717352203444673
0.000717352203444673
0.000717352203444673
0.000717352203444673
0.000717352203444673
0.000716845878136201
0.000716845878136201
0.000716845878136201
0.000716845878136201
0.000716845878136201
0.000716845878136201
0.000716845878136201
0.000716845878136201
0.000716845878136201
0.000716845878136201
0.000716845878136201
0.000716845878136201
0.000716845878136201
0.000716845878136201
0.000716845878136201
0.000716845878136201
0.000716845878136201
0.000716845878136201
0.000716845878136201
0.000716845878136201
0.000716845878136201
0.000716845878136201
0.000716845878136201
0.000716845878136201
0.000716845878136201
0.000716845878136201
0.000716845878136201
0.000716845878136201
0.000716845878136201
0.000716845878136201
0.000716845878136201
0.000716845878136201
0.000716845878136201
0.000716845878136201
0.000716845878136201
0.000716845878136201
0.000716845878136201
0.000716845878136201
0.000716845878136201
0.000716845878136201
0.000716845878136201
0.000716845878136201
0.000716845878136201
0.000716845878136201
0.000716845878136201
0.000716845878136201
0.000716845878136201
0.000716845878136201
0.000716845878136201
0.000716845878136201
0.000716845878136201
0.000716845878136201
0.000716845878136201
0.000716845878136201
0.000716845878136201
0.000716845878136201
0.000716845878136201
0.000716845878136201
0.000716845878136201
0.000716845878136201
0.000716845878136201
0.000716845878136201
0.000716845878136201
0.000716845878136201
0.000716845878136201
0.000716845878136201
0.000716845878136201
0.000716845878136201
0.000716845878136201
0.000716845878136201
0.000716845878136201
0.000716845878136201
0.000716845878136201
0.000716845878136201
0.000716845878136201
0.000716845878136201
0.000716845878136201
0.000716845878136201
0.000716845878136201
0.000716845878136201
0.000716845878136201
0.000716845878136201
0.000716845878136201
0.000716845878136201
0.000716845878136201
0.000716845878136201
0.000716845878136201
0.000716845878136201
0.000716845878136201
0.000716845878136201
0.000716845878136201
0.000716845878136201
0.000716845878136201
0.000716845878136201
0.000716845878136201
0.000716845878136201
0.000716845878136201
0.000716845878136201
0.000716845878136201
0.000716845878136201
0.000716845878136201
0.000716845878136201
0.000716845878136201
0.000716845878136201
0.000716845878136201
0.000716845878136201
0.000716845878136201
0.000716845878136201
0.000716845878136201
0.000716845878136201
0.000716845878136201
0.000717344292111729
0.000717344292111729
0.000717352203444673
0.000717360114777618
0.000717360114777618
0.000717360114777618
0.000717360114777618
0.000716845878136201
0.000717360114777618
0.000717360114777618
0.000717360114777618
0.000717360114777618
0.000717360114777618
0.000717344292111729
0.000717360114777618
0.000716845878136201
0.000716845878136201
0.000716845878136201
0.000716845878136201
0.000716845878136201
0.000716845878136201
0.000716845878136201
0.000716845878136201
0.000716845878136201
0.000716845878136201
0.000716845878136201
0.000716845878136201
0.000716845878136201
0.000716845878136201
0.000716845878136201
0.000716845878136201
0.000716845878136201
0.000716845878136201
0.000716845878136201
0.000716845878136201
0.000716845878136201
0.000716845878136201
0.000716845878136201
0.000716845878136201
0.000716845878136201
0.000716845878136201
0.000716845878136201
0.000716845878136201
0.000716845878136201
0.000716845878136201
0.000716845878136201
0.000716845878136201
0.000716845878136201
0.000716845878136201
0.000716845878136201
0.000716845878136201
0.000716845878136201
0.000716845878136201
0.000716845878136201
0.000716845878136201
0.000716845878136201
0.000716845878136201
0.000716845878136201
0.000716845878136201
0.000716845878136201
0.000716845878136201
0.000716845878136201
0.000716845878136201
0.000716845878136201
0.000716845878136201
0.000716845878136201
0.000716845878136201
0.000716845878136201
0.000716845878136201
0.000716845878136201
0.000716845878136201
0.000716845878136201
0.000716845878136201
0.000716845878136201
0.000716845878136201
0.000716845878136201
0.000716845878136201
0.000716845878136201
0.000716845878136201
0.000716845878136201
0.000716845878136201
0.000716845878136201
0.000716845878136201
0.000716845878136201
0.000716845878136201
0.000716845878136201
0.000716845878136201
0.000716845878136201
0.000716845878136201
0.000716845878136201
0.000716845878136201
0.000716845878136201
0.000716845878136201
0.000716845878136201
0.000716845878136201
0.000716845878136201
0.000716845878136201
0.000716845878136201
0.000716845878136201
0.000716845878136201
0.000716845878136201
0.000716845878136201
0.000716845878136201
0.000717122774789272
0.000717360114777618
0.000717360114777618
0.000717360114777618
0.000717360114777618
0.000717360114777618
0.000717360114777618
0.000717360114777618
0.000716845878136201
0.000716845878136201
0.000716845878136201
0.000716845878136201
0.000716845878136201
0.000716845878136201
0.000716845878136201
0.000716845878136201
0.000716845878136201
0.000716845878136201
0.000716845878136201
0.000716845878136201
0.000716845878136201
0.000716845878136201
0.000716845878136201
0.000716845878136201
0.000716845878136201
0.000716845878136201
0.000716845878136201
0.000716845878136201
0.000716845878136201
0.000716845878136201
0.000716845878136201
0.000716845878136201
0.000716845878136201
0.000716845878136201
0.000716845878136201
0.000716845878136201
0.000716845878136201
0.000716845878136201
0.000716845878136201
0.000716845878136201
0.000716845878136201
0.000716845878136201
0.000716845878136201
0.000716845878136201
0.000716845878136201
0.000716845878136201
0.000716845878136201
0.000716845878136201
0.000716845878136201
0.000716845878136201
0.000716845878136201
0.000716845878136201
0.000716845878136201
0.000716845878136201
0.000716845878136201
0.000716845878136201
0.000716845878136201
0.000716845878136201
0.000716845878136201
0.000716845878136201
0.000716845878136201
0.000716845878136201
0.000716845878136201
0.000716845878136201
0.000716845878136201
0.000716845878136201
0.000716845878136201
0.000716845878136201
0.000716845878136201
0.000716845878136201
0.000716845878136201
0.000716845878136201
0.000716845878136201
0.000716845878136201
0.000716845878136201
0.000716845878136201
0.000716845878136201
0.000716845878136201
0.000716845878136201
0.000716845878136201
0.000716845878136201
0.000716845878136201
0.000716845878136201
0.000716845878136201
0.000716845878136201
0.000716845878136201
0.000716845878136201
0.000716845878136201
0.000716845878136201
0.000716845878136201
0.000716845878136201
0.000716845878136201
0.000716845878136201
0.000716845878136201
0.000716845878136201
0.000716845878136201
0.000716845878136201
0.000716845878136201
0.000716845878136201
0.000716845878136201
0.000716845878136201
0.000716845878136201
0.000716845878136201
0.000716845878136201
0.000716845878136201
0.000716853789469146
0.000716869612135035
0.000716869612135035
0.000716845878136201
0.000716845878136201
0.000716845878136201
0.000716845878136201
0.000716845878136201
0.000716845878136201
0.000716845878136201
0.000716845878136201
0.000716845878136201
0.000716845878136201
0.000716845878136201
0.000716845878136201
0.000716845878136201
0.000716845878136201
0.000716845878136201
0.000716845878136201
0.000716845878136201
0.000716845878136201
0.000716845878136201
0.000716845878136201
0.000716845878136201
0.000716845878136201
0.000716845878136201
0.000716845878136201
0.000716845878136201
0.000716845878136201
0.000716845878136201
0.000716845878136201
0.000716845878136201
0.000716845878136201
0.000716845878136201
0.000716845878136201
0.000716845878136201
0.000716845878136201
0.000716845878136201
0.000716845878136201
0.000716845878136201
0.000716845878136201
0.000716845878136201
0.000716845878136201
0.000716845878136201
0.000716765875526527
0.000716765875526527
0.000716765875526527
0.000716765875526527
0.000716765875526527
0.000716765875526527
0.000716765875526527
0.000716765875526527
0.000716765875526527
0.000716765875526527
0.000716765875526527
0.000716765875526527
0.000716765875526527
0.000716765875526527
0.000716765875526527
0.000716765875526527
0.000716765875526527
0.000716765875526527
0.000716765875526527
0.000716765875526527
0.000716765875526527
0.000716765875526527
0.000716765875526527
0.000717230550480894
0.000716765875526527
0.000716765875526527
0.000716845878136201
0.000716845878136201
0.000716853789469146
0.000716845878136201
0.000716845878136201
0.000716845878136201
0.000716845878136201
0.000716845878136201
0.000716845878136201
0.000716845878136201
0.000716845878136201
0.000716845878136201
0.000716845878136201
0.000716845878136201
0.000716845878136201
0.000716845878136201
0.000716845878136201
0.000716845878136201
0.000716845878136201
0.000716845878136201
0.000716845878136201
0.000716845878136201
0.000716845878136201
0.000716845878136201
0.000716845878136201
0.000716845878136201
0.000716845878136201
0.000716845878136201
0.000716845878136201
0.000716845878136201
0.000716845878136201
0.000716845878136201
0.000716845878136201
0.000716845878136201
0.000716845878136201
0.000716845878136201
0.000716845878136201
0.000716845878136201
0.000716845878136201
0.000716845878136201
0.000716845878136201
0.000716845878136201
0.000716845878136201
0.000716845878136201
0.000716845878136201
0.000716845878136201
0.000716845878136201
0.000716845878136201
0.000716845878136201
0.000716845878136201
0.000716845878136201
0.000716877531983947
0.000716845878136201
0.000716845878136201
0.000716845878136201
0.000716845878136201
0.000716845878136201
0.000716845878136201
0.000716845878136201
0.000716845878136201
0.000716845878136201
0.000716845878136201
0.000716845878136201
0.000716845878136201
0.000716845878136201
0.000716845878136201
0.000716845878136201
0.000716845878136201
0.000716845878136201
0.000716845878136201
0.000716845878136201
0.000716845878136201
0.000716845878136201
0.000716845878136201
0.000716845878136201
0.000716845878136201
0.000716845878136201
0.000716845878136201
0.000716845878136201
0.000716845878136201
0.000716845878136201
0.000716845878136201
0.000716845878136201
0.000716845878136201
0.000716845878136201
0.000716845878136201
0.000716845878136201
0.000716845878136201
0.000716845878136201
0.000716845878136201
0.000716845878136201
0.000716845878136201
0.000716845878136201
0.000716845878136201
0.000716845878136201
0.000716845878136201
0.000716845878136201
0.000716845878136201
0.000716845878136201
0.000716845878136201
0.000716845878136201
0.000716845878136201
0.000716845878136201
0.000716845878136201
0.000716845878136201
0.000716845878136201
0.000716845878136201
0.000716845878136201
0.000716845878136201
0.000716845878136201
0.000716845878136201
0.000716845878136201
0.000716845878136201
0.000716845878136201
0.000716845878136201
0.000716845878136201
0.000716845878136201
0.000717360114777618
0.000717360114777618
0.000717360114777618
0.000717360114777618
0.000717360114777618
0.000717360114777618
0.000717360114777618
0.000717360114777618
0.000717360114777618
0.000717360114777618
0.000717360114777618
0.000717360114777618
0.000717360114777618
0.000717360114777618
0.000717360114777618
0.00071755289901097
0.000717875089734386
0.000717375960160903
0.000717360114777618
0.000717360114777618
0.000717360114777618
0.000717360114777618
0.000717360114777618
0.000717360114777618
0.000717360114777618
0.000717360114777618
0.000717360114777618
0.000717360114777618
0.000717360114777618
0.000717360114777618
0.000717360114777618
0.000717360114777618
0.000717360114777618
0.000717360114777618
0.000717360114777618
0.000717360114777618
0.000717360114777618
0.000717360114777618
0.000717360114777618
0.000717360114777618
0.000716845878136201
0.000716845878136201
0.000716845878136201
0.000716845878136201
0.000716845878136201
0.000716845878136201
0.000716845878136201
0.000716845878136201
0.000716845878136201
0.000716845878136201
0.000716845878136201
0.000716845878136201
0.000716845878136201
0.000716845878136201
0.000716845878136201
0.000716845878136201
0.000716845878136201
0.000716845878136201
0.000716845878136201
0.000716845878136201
0.000716845878136201
0.000716845878136201
0.000716845878136201
0.000716845878136201
0.000716845878136201
0.000716845878136201
0.000716845878136201
0.000716845878136201
0.000716845878136201
0.000716845878136201
0.000716845878136201
0.000716845878136201
0.000716845878136201
0.000716845878136201
0.000716845878136201
0.000716845878136201
0.000716845878136201
0.000716845878136201
0.000716845878136201
0.000716845878136201
0.000716845878136201
0.000716845878136201
0.000716845878136201
0.000716845878136201
0.000716845878136201
0.000716845878136201
0.000717360114777618
0.000716845878136201
0.000716845878136201
0.000716845878136201
0.000716845878136201
0.000716845878136201
0.000716845878136201
0.000716845878136201
0.000716845878136201
0.000716845878136201
0.000716845878136201
0.000716845878136201
0.000716845878136201
0.000716845878136201
0.000716845878136201
0.000716845878136201
0.000716845878136201
0.000716845878136201
0.000717360114777618
0.000716845878136201
0.000716845878136201
0.000716845878136201
0.000716845878136201
0.000716845878136201
0.000716845878136201
0.000716845878136201
0.000716845878136201
0.000716845878136201
0.000716845878136201
0.000716845878136201
0.000716845878136201
0.000716845878136201
0.000716845878136201
0.000716845878136201
0.000716845878136201
0.000716845878136201
0.000716845878136201
0.000716845878136201
0.000716845878136201
0.000716845878136201
0.000716845878136201
0.000716845878136201
0.000716845878136201
0.000716845878136201
0.000716845878136201
0.000716845878136201
0.000716845878136201
0.000716845878136201
0.000716845878136201
0.000716845878136201
0.000716845878136201
0.000716845878136201
0.000716845878136201
0.000716845878136201
0.000716845878136201
0.000716845878136201
0.000716845878136201
0.000716845878136201
0.000716845878136201
0.000716845878136201
0.000716845878136201
0.000716845878136201
0.000716845878136201
0.000716845878136201
0.000716845878136201
0.000716845878136201
0.000716845878136201
0.000716845878136201
0.000716845878136201
0.000716845878136201
0.000716845878136201
0.000716845878136201
0.000716845878136201
0.000716845878136201
0.000716845878136201
0.000716845878136201
0.000716845878136201
0.000716845878136201
0.000716845878136201
0.000716845878136201
0.000716845878136201
0.000716845878136201
0.000716845878136201
0.000716845878136201
0.000716845878136201
0.000716845878136201
0.000716845878136201
0.000716845878136201
0.000716845878136201
0.000716845878136201
0.000716845878136201
0.000716845878136201
0.000716845878136201
0.000716845878136201
0.000716845878136201
0.000716845878136201
0.000716845878136201
0.000716845878136201
0.000716845878136201
0.000716845878136201
0.000716845878136201
0.000716845878136201
0.000716845878136201
0.000716845878136201
0.000716845878136201
0.000716845878136201
0.000716845878136201
0.000716845878136201
0.000716845878136201
0.000716845878136201
0.000716845878136201
0.000716845878136201
0.000716845878136201
0.000716845878136201
0.000716845878136201
0.000716845878136201
0.000716845878136201
0.000716845878136201
0.000716845878136201
0.000716845878136201
0.000716845878136201
0.000716845878136201
0.000716845878136201
0.000716845878136201
0.000716845878136201
0.000716845878136201
0.000716845878136201
0.000716845878136201
0.000716845878136201
0.000716845878136201
0.000716845878136201
0.000716845878136201
0.000716845878136201
0.000716845878136201
0.000716845878136201
0.000716717434151586
0.000716839291009453
0.000716839291009453
0.000716839291009453
0.000716839291009453
0.000716839291009453
0.000716839291009453
0.000716710849385015
0.000716710849385015
0.000716710849385015
0.000716710849385015
0.000716710849385015
0.000716710849385015
0.000716710849385015
0.000716710849385015
0.000716710849385015
0.000716710849385015
0.000716710849385015
0.000716710849385015
0.000716710849385015
0.000716710849385015
0.000716710849385015
0.000716710849385015
0.000716710849385015
0.000716710849385015
0.000716710849385015
0.000716710849385015
0.000716711837150138
0.000716710849385015
0.000716710849385015
0.000716710849385015
0.000716710849385015
0.000716710849385015
0.000716710849385015
0.000716710849385015
0.000716710849385015
0.000716708874031725
0.000716708874031725
0.000716708874031725
0.000716708874031725
0.000716708874031725
0.000716708874031725
0.000716708874031725
0.000716708874031725
0.000716708874031725
0.000716693072620669
0.000716845878136201
0.000716845878136201
0.000716845878136201
0.000716845878136201
0.000716845878136201
0.000716845878136201
0.000716845878136201
0.000716845878136201
0.000716845878136201
0.000716845878136201
0.000716845878136201
0.000702740688685875
0.00070323488045007
0.00070323488045007
0.00070323488045007
0.00070323488045007
0.00070323488045007
0.00070323488045007
0.00070323488045007
0.00070323488045007
0.00070323488045007
0.000702740688685875
0.000702740688685875
0.000702740688685875
0.000702740688685875
0.000702740688685875
0.000702740688685875
0.000702740688685875
0.000702740688685875
0.000702740688685875
0.000702740688685875
0.000702740688685875
0.000702617249253469
0.000702617249253469
0.000702617249253469
0.000702617249253469
0.000702617249253469
0.000702617249253469
0.000702617249253469
0.000702617249253469
0.000702617249253469
0.000702617249253469
0.000702617249253469
0.000702617249253469
0.000702617249253469
0.000702617249253469
0.000702617249253469
0.000702617249253469
0.000702617249253469
0.000702617249253469
0.00070212392487274
0.00070212392487274
0.00070212392487274
0.00070212392487274
0.00070212392487274
0.00070212392487274
0.00070212392487274
0.000702864171498858
0.00070212392487274
0.00070212392487274
0.00070212392487274
0.00070212392487274
0.00070212392487274
0.00070212392487274
0.00070212392487274
0.00070212392487274
0.00070212392487274
0.00070212392487274
0.00070212392487274
0.00070212392487274
0.00070212392487274
0.00070212392487274
0.00070212392487274
0.00070212392487274
0.00070212392487274
0.00070212392487274
0.00070212392487274
0.00070212392487274
0.00070212392487274
0.00070212392487274
0.00070212392487274
0.00070212392487274
0.00070212392487274
0.00070212392487274
0.00070212392487274
0.00070212392487274
0.00070212392487274
0.00070212392487274
0.00070212392487274
0.00070212392487274
0.00070212392487274
0.00070212392487274
0.00070212392487274
0.00070212392487274
0.00070212392487274
0.00070212392487274
0.00070212392487274
0.00070212392487274
0.00070212392487274
0.00070212392487274
0.00070212392487274
0.00070212392487274
0.00070212392487274
0.00070212392487274
0.00070212392487274
0.00070212392487274
0.00070212392487274
0.00070245159653331
0.00070212392487274
0.00070212392487274
0.00070212392487274
0.00070212392487274
0.000702457245013534
0.00070212392487274
0.00070212392487274
0.00070212392487274
0.00070212392487274
0.00070212392487274
0.00070212392487274
0.00070212392487274
0.00070212392487274
0.00070212392487274
0.00070212392487274
0.00070212392487274
0.00070212392487274
0.00070212392487274
0.00070212392487274
0.00070212392487274
0.00070212392487274
0.00070212392487274
0.00070212392487274
0.00070212392487274
0.00070212392487274
0.00070212392487274
0.00070212392487274
0.00070212392487274
0.00070212392487274
0.00070212392487274
0.00070212392487274
0.00070212392487274
0.00070212392487274
0.00070212392487274
0.00070212392487274
0.00070212392487274
0.00070212392487274
0.00070212392487274
0.00070212392487274
0.00070212392487274
0.00070212392487274
0.00070212392487274
0.00070212392487274
0.00070212392487274
0.00070212392487274
0.00070212392487274
0.00070212392487274
0.00070212392487274
0.00070212392487274
0.00070212392487274
0.00070212392487274
0.00070212392487274
0.00070212392487274
0.00070212392487274
0.00070212392487274
0.00070212392487274
0.00070212392487274
0.00070212392487274
0.00070212392487274
0.00070212392487274
0.00070212392487274
0.00070212392487274
0.00070212392487274
0.00070212392487274
0.000702459167494674
0.000702464947624456
0.000702464947624456
0.000701989155092677
0.000704001285627415
0.000704213731914292
0.000704213731914292
0.000702976118319625
0.000701989155092677
0.000701989155092677
0.000701985306404618
0.000701985306404618
0.000701985306404618
0.000701985306404618
0.000701985306404618
0.000701985306404618
0.000701985306404618
0.000701985306404618
0.000701985306404618
0.000701985306404618
0.00070212392487274
0.00070212392487274
0.00070212392487274
0.00070212392487274
0.00070212392487274
0.00070212392487274
0.00070212392487274
0.00070212392487274
0.00070212392487274
0.00070212392487274
0.00070212392487274
0.00070212392487274
0.00070212392487274
0.00070212392487274
0.00070212392487274
0.00070212392487274
0.00070212392487274
0.00070212392487274
0.00070212392487274
0.00070212392487274
0.00070212392487274
0.00070212392487274
0.00070212392487274
0.00070212392487274
0.00070212392487274
0.00070212392487274
0.00070212392487274
0.00070212392487274
0.00070212392487274
0.00070212392487274
0.00070212392487274
0.00070212392487274
0.00070212392487274
0.00070212392487274
0.00070212392487274
0.00070212392487274
0.00070212392487274
0.00070212392487274
0.00070212392487274
0.00070212392487274
0.00070212392487274
0.00070212392487274
0.00070212392487274
0.00070212392487274
0.00070212392487274
0.00070212392487274
0.00070212392487274
0.00070212392487274
0.00070212392487274
0.00070212392487274
0.00070212392487274
0.00070212392487274
0.00070212392487274
0.00070212392487274
0.00070212392487274
0.00070212392487274
0.00070212392487274
0.00070212392487274
0.00070212392487274
0.00070212392487274
0.00070212392487274
0.00070212392487274
0.00070212392487274
0.00070212392487274
0.00070212392487274
0.00070212392487274
0.00070212392487274
0.00070212392487274
0.00070212392487274
0.00070212392487274
0.00070212392487274
0.00070212392487274
0.00070212392487274
0.00070212392487274
0.00070212392487274
0.00070212392487274
0.00070212392487274
0.00070212392487274
0.00070212392487274
0.00070212392487274
0.00070212392487274
0.00070212392487274
0.00070212392487274
0.00070212392487274
0.00070212392487274
0.00070212392487274
0.00070212392487274
0.000702163749317485
0.000702247191011236
0.000702247191011236
0.000702247191011236
0.000702247191011236
0.000702247191011236
0.000702247191011236
0.000702247191011236
0.000702247191011236
0.000702247191011236
0.000702247191011236
0.000702247191011236
0.000702247191011236
0.000702247191011236
0.000702247191011236
0.000702247191011236
0.000702247191011236
0.000702247191011236
0.000702247191011236
0.000702247191011236
0.000702247191011236
0.000702247191011236
0.000702247191011236
0.000702247191011236
0.000702370500438982
0.000702370500438982
0.000702370500438982
0.000702370500438982
0.000702370500438982
0.000702370500438982
0.000702370500438982
0.000702370500438982
0.000702370500438982
0.000702247191011236
0.000702247191011236
0.000702247191011236
0.000702247191011236
0.000702247191011236
0.000702247191011236
0.000702247191011236
0.000702247191011236
0.000702247191011236
0.000702247191011236
0.000702247191011236
0.000702247191011236
0.000702247191011236
0.000702247191011236
0.000702247191011236
0.000702247191011236
0.000702247191011236
0.000702247191011236
0.000702247191011236
0.000702247191011236
0.000702247191011236
0.000702247191011236
0.000702247191011236
0.000702247191011236
0.000702247191011236
0.000702247191011236
0.000702247191011236
0.000702247191011236
0.000702247191011236
0.000702247191011236
0.000702247191011236
0.000702247191011236
0.000702247191011236
0.000702247191011236
0.000702247191011236
0.000702247191011236
0.000702247191011236
0.000702247191011236
0.000702247191011236
0.000702247191011236
0.000702247191011236
0.000702247191011236
0.000702247191011236
0.000702247191011236
0.000702247191011236
0.000702247191011236
0.000702247191011236
0.000702247191011236
0.000702247191011236
0.000702247191011236
0.000702247191011236
0.000702247191011236
0.000702247191011236
0.000702247191011236
0.000702247191011236
0.000702247191011236
0.000702247191011236
0.000702247191011236
0.000702247191011236
0.000702247191011236
0.000702247191011236
0.000702247191011236
0.000702247191011236
0.000702247191011236
0.000702247191011236
0.000702247191011236
0.000702247191011236
0.000702247191011236
0.000702247191011236
0.000702247191011236
0.000702247191011236
0.000702256824560279
0.000702370500438982
0.000702370500438982
0.000702370500438982
0.000702370500438982
0.000702370500438982
0.000702370500438982
0.000702370500438982
0.000702370500438982
0.000702370500438982
0.000702370500438982
0.000702370500438982
0.000702370500438982
0.000702370500438982
0.000702864171498858
0.000702838691606982
0.000702598165085065
0.000702598165085065
0.000702598165085065
0.000702598165085065
0.000702598165085065
0.000702104864448228
0.000702104864448228
0.000702104864448228
0.000702104864448228
0.000702104864448228
0.000702104864448228
0.000702104864448228
0.000702104864448228
0.000702104864448228
0.000702104864448228
0.000702104864448228
0.000702104864448228
0.000702104864448228
0.000702104864448228
0.000702104864448228
0.000702104864448228
0.000702104864448228
0.000702104864448228
0.000702104864448228
0.000702104864448228
0.000702104864448228
0.000702104864448228
0.000702104864448228
0.000702104864448228
0.000702104864448228
0.000702104864448228
0.000702104864448228
0.000702104864448228
0.000702104864448228
0.000702104864448228
0.000702104864448228
0.000702104864448228
0.000702104864448228
0.000702104864448228
0.000702104864448228
0.000702104864448228
0.000702104864448228
0.000702104864448228
0.000702104864448228
0.000702104864448228
0.000702104864448228
0.000702104864448228
0.000702104864448228
0.000702104864448228
0.000702104864448228
0.000702104864448228
0.000702104864448228
0.000702104864448228
0.000702104864448228
0.000702104864448228
0.000702104864448228
0.000702104864448228
0.000702104864448228
0.000702104864448228
0.000702104864448228
0.000702104864448228
0.000702104864448228
0.000701980968070638
0.000701980968070638
0.000701980968070638
0.000701980968070638
0.000701980968070638
0.000701980968070638
0.000701980968070638
0.000701980968070638
0.000701980968070638
0.000701980968070638
0.000701980968070638
0.000701980968070638
0.000701980968070638
0.000701980968070638
0.000701980968070638
0.000701980968070638
0.000701980968070638
0.000701980968070638
0.000701980968070638
