0.0072212202177959
0.0072212202177959
0.0072212202177959
0.0072212202177959
0.0072212202177959
0.0072212202177959
0.00722125951992549
0.00722125951992549
0.00722123986613819
0.0072212202177959
0.00721355002021438
0.00722314122225071
0.00719815017926132
0.00719812888397881
0.00719812888397881
0.00719814270421652
0.00719814270421652
0.00719814270421652
0.00719814270421652
0.00719814270421652
0.00719814270421652
0.00719814270421652
0.00719814270421652
0.00719816234167617
0.00719816234167617
0.00719814852143846
0.00719727387415048
0.00719727387415048
0.00719727387415048
0.00719727387415048
0.00719727387415048
0.00719727387415048
0.00719727387415048
0.00719729351705021
0.00719686334554759
0.00719686334554759
0.00719686334554759
0.00719686334554759
0.00707368710338884
0.00698734274112946
0.00717582037546742
0.00718341236912116
0.00718682887121405
0.00718680922831432
0.00718680922831432
0.00718678959085467
0.00718673672671197
0.00718678959085467
0.00718678959085467
0.00718677600707135
0.00718664157375971
0.00718213064009669
0.00718643242435955
0.00718630801140989
0.0071863757232221
0.00718630700176939
0.00718630700176939
0.00718630700176939
0.00718542745440874
0.00719700466716076
0.00719700466716076
0.00719700466716076
0.00719702432094807
0.00719702432094807
0.00719702432094807
0.00719661673420042
0.00719661673420042
0.00719581440229612
0.00719581440229612
0.00719581440229612
0.00719581440229612
0.00719581440229612
0.00719581440229612
0.00719581440229612
0.00719581440229612
0.00719581440229612
0.00719581440229612
0.00719582680910871
0.00719761279283856
0.00719579474850882
0.00719579474850882
0.00719573581980715
0.00719573581980715
0.00719573581980715
0.00719571618778513
0.00719571618778513
0.00719571618778513
0.00719571618778513
0.00719571618778513
0.00719573581980715
0.00720349842011536
0.00720349842011536
0.00720349842011536
0.00720349842011536
0.00720349842011536
0.00720349842011536
0.00720780854349907
0.00720780854349907
0.00720780854349907
0.00720780854349907
0.00720780854349907
0.00720780854349907
0.00720782820273386
0.00720782820273386
0.00720782820273386
0.00720782820273386
0.00720782820273386
0.00720782820273386
0.00720782820273386
0.00720782820273386
0.00720782820273386
0.00720782820273386
0.00720784786741861
0.00720784786741861
0.00720784786741861
0.00720784786741861
0.00720784786741861
0.00721910521479977
0.00720789816242445
0.00720788434218674
0.00720784786741861
0.00720784786741861
0.00720776924136948
0.00720008522355024
0.00720826526715331
0.00720008522355024
0.00719921057626226
0.00719921057626226
0.00719913690420469
0.00719919093336252
0.00719919093336252
0.00720009595470818
0.00720010942276267
0.00720016347042839
0.00720010942276267
0.00720016347042839
0.00720012289081716
0.00720012289081716
0.0071996931598792
0.0071997466199748
0.0071997466199748
0.0071997466199748
0.0071997466199748
0.0071997466199748
0.0071997466199748
0.00719932096853748
0.00719932096853748
0.00719848336642996
0.00719848336642996
0.00719807126954515
0.00719809091916653
0.00719809091916653
0.00719809091916653
0.00719809091916653
0.00719727977977768
0.00719727977977768
0.00719727977977768
0.00719727977977768
0.00719727977977768
0.00719727977977768
0.00719690025521903
0.0071965052466134
0.0071965052466134
0.00719609468892623
0.00719609468892623
0.00719609468892623
0.00719607503930484
0.00719530529857177
0.00719530529857177
0.00719532494819316
0.00719530529857177
0.00719530529857177
0.00719441651870655
0.00719441651870655
0.00719441651870655
0.00719435615313268
0.00719427623069266
0.00719425659195458
0.00728060532461902
0.00728060532461902
0.00728060532461902
0.00720953609667084
0.00720953609667084
0.00720953609667084
0.00728060532461902
0.00720953609667084
0.00720953609667084
0.00720953609667084
0.00720953609667084
0.00720953609667084
0.00720953609667084
0.00720953609667084
0.0072003607774648
0.00720030652110064
0.00720030652110064
0.00720030652110064
0.00720030652110064
0.00720030652110064
0.00720030652110064
0.00720030652110064
0.00720030652110064
0.00720033347103246
0.00719943157243481
0.00719943157243481
0.00719943157243481
0.00719943157243481
0.00719943157243481
0.00719943157243481
0.00719943157243481
0.00719943157243481
0.00719943157243481
0.00719943157243481
0.00719943157243481
0.00719943157243481
0.00719943157243481
0.00719943157243481
0.00719943157243481
0.00719943157243481
0.00719943157243481
0.00719900125392674
0.00720213820168827
0.00720284015275464
0.00720284015275464
0.00720465105424794
0.00719800866079197
0.00720312036169819
0.0072030846409805
0.00720291842921302
0.00720291842921302
0.00720301594525398
0.00720301594525398
0.00720301594525398
0.0072030646698957
0.0072030646698957
0.00720263843923805
0.00720252926152027
0.007202107631767
0.007202107631767
0.007202107631767
0.00720018498374233
0.00720018498374233
0.00720018498374233
0.00720018498374233
0.00720020938363574
0.00720020938363574
0.00720011183419029
0.00720011183419029
0.00720011183419029
0.0072001362090239
0.0072001362090239
0.0072001362090239
0.00719971910607891
0.00720164175410358
0.00720164175410358
0.00720217114863534
0.00720218463974761
0.00720218463974761
0.00720155583680033
0.0072008208401249
0.00720079646529129
0.00720039251381143
0.00719999280816746
0.00719999280816746
0.00720005516290942
0.00720001584177379
0.00720000498307366
0.00719999280816746
0.00719999280816746
0.00719999280816746
0.00719999280816746
0.0071999324425936
0.00719991191460111
0.00720092410758489
0.00721398379007255
0.00721177221966282
0.00721174786568236
0.00721174786568236
0.00721174786568236
0.00721174786568236
0.00721174786568236
0.00721174786568236
0.00721174786568236
0.00721174786568236
0.00682471969235717
0.00695588787827777
0.00714524924828615
0.00714508466037443
0.00714509815610537
0.00712859419771452
0.0071295621151485
0.0071286076888268
0.0071286076888268
0.0071286076888268
0.0071286076888268
0.0071286076888268
0.00712773123093261
0.00712773123093261
0.00712773123093261
0.00712773123093261
0.00712730017626569
0.00712730017626569
0.00712730017626569
0.00712730017626569
0.00712730017626569
0.00712730017626569
0.00712730017626569
0.00712730017626569
0.00712687380061822
0.00709734632152125
0.00713648868599917
0.00713648868599917
0.00713648868599917
0.00713648868599917
0.00713648868599917
0.00713648868599917
0.00713504839612996
0.00713504839612996
0.00713504839612996
0.0071350680672184
0.0071350680672184
0.0071350680672184
0.00711934285452588
0.00713465096427342
0.0071342383156232
0.00713425799216571
0.00713384972683725
0.00713384972683725
0.00713384972683725
0.00713383196413523
0.00713383196413523
0.00713383196413523
0.00713348200482593
0.00713348200482593
0.00713348200482593
0.00713342155174987
0.00713342155174987
0.00713228390682027
0.00713247276095071
0.00713358439024322
0.00713264691236858
0.00713264691236858
0.00713266176129286
0.00713271066725503
0.0071327260373186
0.00713288408461276
0.00713286430947259
0.00713286430947259
0.00713286430947259
0.00713286430947259
0.00713285205079675
0.00713282477568622
0.00713282477568622
0.00713274577401944
0.00713274577401944
0.00713271878717624
0.00713279778884301
0.00713279778884301
0.00713281755298803
0.00713271878717624
0.00713271878717624
0.00713256104690828
0.00713256104690828
0.00713177410815141
0.00709430265428538
0.00714950986462942
0.00714372743699343
0.00714560635625419
0.00714367120010374
0.00714357395073339
0.00714356042724061
0.00714356042724061
0.00714348168319119
0.00714348168319119
0.00714348168319119
0.00714348168319119
0.00714439138088977
0.00714349386226545
0.00714349386226545
0.00714348168319119
0.00714348168319119
0.00714348168319119
0.00714348168319119
0.00714348168319119
0.00714348168319119
0.00714111501587381
0.00714111501587381
0.00714111501587381
0.00714111501587381
0.00714111501587381
0.00714111501587381
0.00714120845881245
0.00714118508835868
0.00714118508835868
0.00714118508835868
0.00714118508835868
0.00714014502499092
0.00714014502499092
0.00714014502499092
0.00714014502499092
0.00714016839544468
0.00714016839544468
0.00714016839544468
0.00714016839544468
0.00714007495250604
0.0071395634343013
0.00714005835649455
0.00713954008975536
0.00713954008975536
0.0071395865721249
0.00713955454225681
0.00713904305032589
0.007137919386854
0.007137919386854
0.00713795246582933
0.00713749903341542
0.00716702357271797
0.00716700912516262
0.00716702707582601
0.00716702357271797
0.00716652323874409
0.0071665521338548
0.00716653612440157
0.0071677040910222
0.00716652323874409
0.00716652323874409
0.00716650879118874
0.00716650879118874
0.00716592044397734
0.00716600919307959
0.00716543076757908
0.00716543076757908
0.00716543076757908
0.00716543076757908
0.00716543076757908
0.00716543076757908
0.00716494629272263
0.00716494629272263
0.00716471830265992
0.00716471830265992
0.00716471830265992
0.00716471830265992
0.00716471830265992
0.00713515439145389
0.00713467503569779
0.00713467503569779
0.0071348619094464
0.00713483852754442
0.00713483852754442
0.00713483852754442
0.00713483852754442
0.0071348619094464
0.00713488529783819
0.00713488529783819
0.00713497891636226
0.00713497891636226
0.00713497891636226
0.00713497891636226
0.00713450459899808
0.00713450459899808
0.00713450459899808
0.00713450459899808
0.00713429410338363
0.00714351376137267
0.0071435410945855
0.0071435410945855
0.00675635242955148
0.00713178240412615
0.00713056163964256
0.00713176639467292
0.0071316889093366
0.0071316889093366
0.00713274993958179
0.0071316889093366
0.0071316889093366
0.0071316889093366
0.0071316889093366
0.0071316889093366
0.0071316889093366
0.0071316889093366
0.0071316889093366
0.00714490273501258
0.00714490273501258
0.00714677919371343
0.00714491755571659
0.00714491755571659
0.00714388058571416
0.00714388058571416
0.00714301416504163
0.00714305309706035
0.00714305309706035
0.00714305309706035
0.00714305309706035
0.00714262697763496
0.00714262697763496
0.00714262697763496
0.00714270490650173
0.00714270490650173
0.00714270490650173
0.00714270490650173
0.00714270490650173
0.00696148465306468
0.00692365840423658
0.00692179389265726
0.006921825121256
0.00692177536830634
0.00692267678187473
0.00692075202579686
0.00692115331198082
0.00692035095537075
0.00692074207060673
0.00691268899312591
0.00691261503873396
0.00691282860125165
0.00691262578045801
0.00691357808461804
0.00691221829835293
0.00691220690561529
0.00691220690561529
0.00693692784425032
0.00693690936844494
0.00693692170173585
0.00693690936844494
0.00693692170173585
0.00693690936844494
0.00693690936844494
0.00693689089775199
0.00693690323104289
0.00693689089775199
0.00693689089775199
0.00693689089775199
0.00693690323104289
0.00693689089775199
0.00693694169420124
0.00693694169420124
0.00693694169420124
0.00693695402749214
0.00694095387204581
0.0069369724981851
0.00693696016489419
0.00693696016489419
0.00693696016489419
0.00693696016489419
0.00693696016489419
0.00693696016489419
0.00693696016489419
0.00693690936844494
0.00693690936844494
0.00693690936844494
0.00693862655114817
0.00715775678235265
0.00715775678235265
0.00715775678235265
0.00715775678235265
0.00715775678235265
0.0071573444526123
0.00715735727090705
0.00715735727090705
0.0071573444526123
0.00715737113046935
0.00715735727090705
0.0071573444526123
0.0071573444526123
0.0071573444526123
0.0071573444526123
0.00715836883638792
0.00716181352034817
0.00715834939052499
0.00715850080271886
0.00715850080271886
0.00715834939052499
0.00716121240744738
0.00716121240744738
0.00716121240744738
0.00716122445532246
0.00716532892423057
0.0071653957904011
0.00715309148370481
0.00715223344129014
0.007152210936569
0.00715223344129014
0.00715222822157313
0.00715222822157313
0.00715222822157313
0.00715228172367245
0.00715235970465702
0.00715235970465702
0.00715235970465702
0.00715237342356281
0.00715144320647746
0.00715144320647746
0.00715146271525505
0.00714706323798521
0.00714706323798521
0.00714706323798521
0.00714711143774172
0.0071466851725711
0.00714663697281459
0.00714663697281459
0.00714663697281459
0.00714663697281459
0.00714653964991077
0.00714553578910533
0.0071455224478943
0.00714554189502407
0.00714554189502407
0.00714554189502407
0.00714554189502407
0.00714744318029291
0.00714554189502407
0.00714554189502407
0.00714554189502407
0.00714554189502407
0.00714512040026261
0.00714512040026261
0.00714512040026261
0.00714494777754806
0.00714494777754806
0.00714494777754806
0.00714494777754806
0.00713318958581994
0.00713318958581994
0.00713320743486937
0.00713318958581994
0.00713318958581994
0.00713318958581994
0.00713318958581994
0.00713318958581994
0.00713318958581994
0.00713318958581994
0.00713320254721363
0.00713318958581994
0.00713318958581994
0.00713318958581994
0.00713318958581994
0.00713318958581994
0.00714954535643455
0.00714959912490235
0.0071495796444458
0.0071495796444458
0.0071495796444458
0.0071495796444458
0.0071495796444458
0.00714959912490235
0.00714959912490235
0.00714959912490235
0.00714959912490235
0.00714959912490235
0.00714959912490235
0.00714961210818658
0.00714959912490235
0.00714918596174588
0.00714918596174588
0.00714918596174588
0.00714918596174588
0.00714342478948435
0.0071426259127051
0.00714255916095307
0.00714218428959347
0.0071421648424637
0.0071421648424637
0.0071421648424637
0.0071421648424637
0.00714217766505989
0.0071421648424637
0.0071421648424637
0.0071421648424637
0.00714221302572051
0.00714221302572051
0.00710228548606114
0.00711744758495506
0.0071421648424637
0.0071421648424637
0.0071685740695738
0.0071685740695738
0.0071685740695738
0.0071685740695738
0.0071685740695738
0.0071685740695738
0.0071685740695738
0.0071685740695738
0.00716865925937449
0.00716865925937449
0.00716865925937449
0.00716868829492555
0.00715209053414121
0.00715209053414121
0.00715209053414121
0.00715125593623002
0.00715125593623002
0.00715125593623002
0.00715130307202473
0.00715130307202473
0.00715130307202473
0.00715130307202473
0.00715135612201165
0.00715135612201165
0.00715135612201165
0.00715135612201165
0.00715135612201165
0.00715136275837891
0.00715136275837891
0.00715136275837891
0.00715136275837891
0.0071513156225842
0.00715133790509466
0.00715133790509466
0.00715153899888709
0.00715065352563031
0.0071496476369899
0.00714956683486236
0.00714951375757582
0.00714952038825493
0.00714870637157381
0.00714870637157381
0.00714835690061326
0.00714830507958264
0.00714749979351516
0.00714749979351516
0.00714752482794742
0.00714751820181357
0.0071471474855824
0.00714714086058413
0.00714714086058413
0.00714677413860191
0.00714677413860191
0.00716166795077519
0.00716130515883431
0.00716132421487926
0.00716132421487926
0.00716132421487926
0.00716132421487926
0.0071371448261342
0.0071371448261342
0.00716132421487926
0.00716140049196501
0.00716140049196501
0.00716383334407232
0.00716142855054758
0.00716142855054758
0.00716138141475287
0.00716135638032061
0.00716055968515513
0.00716055968515513
0.00716055968515513
0.00716055968515513
0.00716020076041682
0.00716052579516436
0.00716052579516436
0.00716044917809259
0.00716044917809259
0.00716045674146549
0.00716044917809259
0.00716044917809259
0.00716044917809259
0.00716033621573879
0.00715956580426828
0.00715956580426828
0.00715956580426828
0.00715956580426828
0.00715956580426828
0.00715956580426828
0.00715956580426828
0.00715956580426828
0.0071595466686477
0.0071595714366994
0.0071595466686477
0.00690007883471398
0.0071595466686477
0.00716897469195438
0.00716900172224588
0.00716897469195438
0.00716897469195438
0.00716897469195438
0.00716897469195438
0.00716897469195438
0.0071690321147916
0.00716872641230364
0.00716872641230364
0.00716874547892738
0.00716874547892738
0.00716791194795675
0.00716791194795675
0.00716786471519145
0.00716791194795675
0.00716791194795675
0.00716793101987349
0.00716793101987349
0.00716793101987349
0.00716793101987349
0.00716793101987349
0.00716793101987349
0.00716793101987349
0.0071662516401014
0.00716623867337578
0.00716623867337578
0.00716623867337578
0.00716631501402078
0.00716631501402078
0.00716631501402078
0.00716594023792671
0.00716594023792671
0.00716592840338931
0.00716592114481394
0.00716592114481394
0.00716592114481394
0.00716592114481394
0.0071658952246279
0.0071658952246279
0.00716590818251081
0.00716590818251081
0.0071662143102712
0.0071662143102712
0.00716530545697868
0.00716493068088461
0.00716458583334204
0.00716447057259428
0.00716241809246613
0.00716241809246613
0.00716208304994858
0.00716208304994858
0.00716095053960782
0.00716095053960782
0.00716024404701151
0.00716024404701151
0.00715955230181447
0.00715887484702821
0.0071582112443526
0.0071582112443526
0.00715595855491541
0.00715532141164267
0.00715500760369432
0.00713992768282344
0.00713993432830699
0.00713993432830699
0.00713993432830699
0.00713993432830699
0.00713993432830699
0.00713993432830699
0.00713962363314672
0.0071393160046876
0.00713852750152636
0.00713852750152636
0.00713735454977056
0.00713726149268806
0.00713726149268806
0.00713726149268806
0.00713726149268806
0.00713726149268806
0.00713725486768979
0.00713725486768979
0.00713725486768979
0.00713725486768979
0.00713725486768979
0.00713725486768979
0.00713725486768979
0.00713725486768979
0.00713725486768979
0.00713725486768979
0.00713725486768979
0.00713725486768979
0.00713725486768979
0.00713725486768979
0.00713725486768979
0.00713725486768979
0.00713087997957133
0.00713087997957133
0.00713087328291865
0.00713087328291865
0.00711583014672561
0.0071007499318757
0.0071007499318757
0.0071007499318757
0.00709904704037604
0.00709866814586335
0.00709866814586335
0.00711372158557432
0.00712838993173144
0.0071270635904924
0.0071270635904924
0.00712669693495952
0.00713053738134292
0.00713059018687236
0.00713059018687236
0.00712671003523675
0.00712671003523675
0.00712671003523675
0.00712677507917571
0.00712592177961631
0.00712589563116892
0.00712597456707249
0.00712588927612411
0.00712591608340469
0.00712589068266628
0.00712932415936681
0.0071294297704257
0.0071294297704257
0.00712846070754347
0.00712846070754347
0.00712846741914018
0.00712846741914018
0.00712849427704611
0.00712849427704611
0.00712852716959847
0.00712850099440385
0.0071284741318885
0.0071284741318885
0.00714286435681193
0.0071673413568107
0.00714205990847437
0.00714125751084856
0.00714125751084856
0.00713965328981262
0.00713965328981262
0.0071500018055414
0.0071500018055414
0.00715097813045258
0.00715100454677804
0.0071492336642986
0.0071498379115718
0.00714884335714104
0.00714805668430648
0.00714805668430648
0.00714652198244751
0.00714652198244751
0.00693426574897498
0.00692905488831491
0.00711771546915388
0.00711958482535087
0.00711957747316146
0.00711957747316146
0.00711958914689198
0.00711957747316146
0.00712055851417881
0.00712057172234155
0.00711955812473898
0.00711955812473898
0.00711878957283612
0.00711878957283612
0.00711877023517333
0.00711877023517333
0.00711880891587753
0.00711880891587753
0.00711880891587753
0.00711880891587753
0.00711880891587753
0.00711880891587753
0.00711878957283612
0.00711878957283612
0.00712067170185127
0.00712069812270085
0.00712069812270085
0.00712069812270085
0.00712069812270085
0.00712062775219503
0.00712062775219503
0.00712062775219503
0.00712060840125091
0.00712060840125091
0.00712065103295194
0.00712062775219503
0.00715963259668018
0.00715963259668018
0.00715963259668018
0.00715963259668018
0.00715963259668018
0.00715956333221757
0.00715956333221757
0.00715956333221757
0.00715957518708224
0.00715957518708224
0.00715957518708224
0.00715951782535259
0.00715951782535259
0.00715780610241846
0.00715778699246803
0.00715775285491947
0.00715775285491947
0.00715775285491947
0.00715775285491947
0.00715775285491947
0.00715777197018135
0.00715777197018135
0.00715777786871608
0.00715777197018135
0.00715779840711723
0.00715781918676411
0.00715781918676411
0.00715775285491947
0.00715691165431961
0.00715691165431961
0.0071569378022462
0.00715689254436918
0.00715711883670115
0.00715702433875554
0.00715702433875554
0.00715702433875554
0.00715713114935339
0.0071579746866311
0.0071579746866311
0.0071579746866311
0.00717862549188643
0.00715801291433572
0.00715711496071023
0.00715617905612203
0.00715620717867425
0.00715620717867425
0.0071554120840075
0.00711631962475674
0.00711469759707854
0.00711469759707854
0.00711469759707854
0.00711389957202223
0.00711389957202223
0.00711391187526242
0.00711391187526242
0.00711391187526242
0.00711312219567021
0.0071123026444849
0.00711232174912629
0.00711232174912629
0.00711078358159167
0.00711078358159167
0.00711078358159167
0.00711077178544238
0.00711077178544238
0.00711077178544238
0.00711096312425198
0.00711096312425198
0.00711094396641146
0.00711096312425198
0.00711096312425198
0.00711096312425198
0.00711020616031677
0.00711020616031677
0.0071548870862876
0.00712510235542987
0.00712510235542987
0.00711765617271544
0.00711757957332847
0.00711747347096114
0.00711756193335836
0.00711756193335836
0.00711738970449918
0.00711738970449918
0.00711738970449918
0.0071174289385839
0.00711738970449918
0.00711738970449918
0.00711738970449918
0.00711738970449918
0.00711738970449918
0.00711738970449918
0.00711738970449918
0.00711738970449918
0.00711738970449918
0.00711174001705402
0.00717202313730441
0.00717777883874347
0.00717777883874347
0.00717777883874347
0.00717777883874347
0.00717777883874347
0.00717777883874347
0.00717777883874347
0.00717772033246852
0.00717772033246852
0.00717772033246852
0.00717772033246852
0.00717772033246852
0.00717772033246852
0.00717772033246852
0.00717772033246852
0.00717772033246852
0.00717772033246852
0.00717772033246852
0.00717779835166617
0.00717779835166617
0.00717779835166617
0.00717779835166617
0.00717606656709702
0.00717606656709702
0.00717606656709702
0.00717606656709702
0.00717606656709702
0.00717520532424862
0.00713902253280831
0.0071619024970964
0.00696378800437649
0.00716340017024201
0.00716340017024201
0.00718431269886358
0.00716718647862039
0.00716718647862039
0.00716718647862039
0.00716718647862039
0.00716738788104667
0.00716732554600881
0.00716762357559053
0.00716748650817453
0.00716748650817453
0.0071674649952794
0.0071674649952794
0.0071674649952794
0.0071674649952794
0.00716576407401948
0.00716576407401948
0.00716492740730693
0.0071648494097632
0.00716320292636333
0.0071631834405019
0.00716069156368152
0.00716044778100623
0.00716043442151175
0.00716043442151175
0.00716051237577709
0.00716051237577709
0.00716051237577709
0.00716051237577709
0.00716051237577709
0.00716051237577709
0.00716051237577709
0.00716051237577709
0.00716051237577709
0.00716059041663851
0.00716057282120675
0.00716057282120675
0.00716057282120675
0.00716057282120675
0.00716057282120675
0.00689352974134404
0.00715890370587749
0.00715890370587749
0.00715882577323661
0.00715882577323661
0.00715882577323661
0.00715873051866491
0.00715873051866491
0.00715873051866491
0.00715854078499969
0.00715854078499969
0.00715854078499969
0.00715854078499969
0.00715854078499969
0.00715854078499969
0.00715854078499969
0.00715854078499969
0.0071594683862724
0.00715571207278601
0.00715253893651251
0.00715253893651251
0.00722485062206486
0.00715444184987286
0.00716441209844642
0.00716441209844642
0.00715987345351426
0.00715987345351426
0.00716435229540932
0.00716435229540932
0.00716435229540932
0.00716435229540932
0.00716435229540932
0.00716435229540932
0.00716435229540932
0.00716435229540932
0.00716435229540932
0.00716435229540932
0.00716435229540932
0.00716435174545497
0.00716435174545497
0.00716252080924971
0.00716252080924971
0.00716250744517849
0.00716319797651716
0.00716250744517849
0.00716250744517849
0.00716250744517849
0.00716250744517849
0.00717419583528944
0.00718180748873086
0.00718180748873086
0.00717011909861991
0.00718180748873086
0.00717011909861991
0.00717011909861991
0.00717011909861991
0.00717011909861991
0.00717011909861991
0.0071700996235658
0.0071700996235658
0.0071700996235658
0.0071700996235658
0.0071700996235658
0.0071700996235658
0.0071700996235658
0.00716923853057544
0.00716923853057544
0.00716838683126723
0.00716838683126723
0.00716838683126723
0.00716838683126723
0.00716671100546712
0.00716671100546712
0.00716659165893595
0.00716611928111241
0.00716524825174288
0.00716527956114778
0.00716524825174288
0.00716524825174288
0.00716524825174288
0.00716524825174288
0.00716524825174288
0.00716524825174288
0.00716524825174288
0.00716524825174288
0.00716524825174288
0.00716524825174288
0.00716524825174288
0.00716524825174288
0.00716524825174288
0.00716524825174288
0.00716524825174288
0.00716524825174288
0.00716524825174288
0.00716532618438376
0.00713897662925417
0.00694304414827129
0.00712713390257036
0.00713474555601178
0.00713813074671012
0.00713813074671012
0.00713813074671012
0.0071379221342682
0.0071379221342682
0.0071379221342682
0.0071379221342682
0.0071379221342682
0.0071379221342682
0.0071379221342682
0.0071379221342682
0.0071379221342682
0.0071379221342682
0.0071379221342682
0.0071379221342682
0.0071379221342682
0.0071379221342682
0.0071379221342682
0.0071379221342682
0.0071379221342682
0.00715939418424404
0.00715941325708178
0.00715942507134415
0.00715942507134415
0.00696363900044602
0.00715197888862972
0.00715570197998693
0.00715942507134415
0.00715942507134415
0.00715942507134415
0.00715942507134415
0.00715942507134415
0.00715942507134415
0.00715783698368362
0.00715781788965307
0.00715780605917485
0.00715780605917485
0.00715780605917485
0.00715780605917485
0.00715780605917485
0.00715780605917485
0.00715780605917485
0.00715682625924872
0.00715681319017804
0.00715597154518648
0.00715597154518648
0.00715597154518648
0.00715597154518648
0.00715597154518648
0.00715589524821592
0.0071550155156254
0.0071550155156254
0.00715933248244296
0.00714897758971954
0.00716209251490219
0.00716105922384086
0.00716105877898548
0.00716110457251132
0.00720031063967945
0.00717569882974328
0.00717569882974328
0.00717569882974328
0.00717551067292341
0.00717551067292341
0.00717551067292341
0.00717469611592041
0.00717469611592041
0.00717469611592041
0.00717467738520015
0.00717469600821567
0.00717470747787272
0.00717470747787272
0.00717470747787272
0.00717470747787272
0.00717470747787272
0.00717470747787272
0.00717470747787272
0.00717470747787272
0.00717470747787272
0.00717465726037461
0.00717465726037461
0.00717464471653051
0.0071746949171757
0.0071746949171757
0.00717470747787272
0.00717468885485721
0.00717467738520015
0.00717467738520015
0.0071747276701949
0.0071747276701949
0.0071747276701949
0.00717465322873621
0.0071746073888176
0.0071746073888176
0.00717380103485525
0.00717380103485525
0.00717380103485525
0.00717380103485525
0.00717380103485525
0.00717380103485525
0.00717380103485525
0.00717380103485525
0.00717380103485525
0.00717380103485525
0.00717395140890512
0.00717395140890512
0.00717395140890512
0.00717407186903461
0.00717407186903461
0.00717407186903461
0.0071743434286977
0.0071743434286977
0.0071743434286977
0.0071743434286977
0.0071743434286977
0.0071743434286977
