0.0067403905320213
0.0067403905320213
0.0067403905320213
0.0067403905320213
0.0067403905320213
0.0067403905320213
0.0067403905320213
0.0067403905320213
0.0067403905320213
0.0067403905320213
0.0067403905320213
0.0067403905320213
0.0067403905320213
0.0067403905320213
0.0067403905320213
0.0067403905320213
0.0067403905320213
0.0067403905320213
0.0067403905320213
0.0067403905320213
0.0067403905320213
0.0067403905320213
0.0067403905320213
0.0067403905320213
0.0067403905320213
0.0067403905320213
0.0067403905320213
0.0067403905320213
0.0067403905320213
0.0067403905320213
0.0067403905320213
0.0067403905320213
0.0067403905320213
0.0067403905320213
0.0067403905320213
0.0067403905320213
0.0067403905320213
0.0067403905320213
0.0067403905320213
0.00669627693952061
0.00665216334701992
0.00665216334701992
0.00665216334701992
0.00665216334701992
0.0067403905320213
0.0067403905320213
0.0067403905320213
0.0067403905320213
0.0067403905320213
0.0067403905320213
0.0067403905320213
0.0067403905320213
0.0067403905320213
0.0067403905320213
0.0067403905320213
0.0067403905320213
0.0067403905320213
0.0067403905320213
0.0067403905320213
0.0067403905320213
0.0067403905320213
0.0067403905320213
0.0067403905320213
0.0067403905320213
0.0067403905320213
0.0067403905320213
0.0067403905320213
0.0067403905320213
0.0067403905320213
0.00674051738634912
0.0067403905320213
0.0067403905320213
0.0067403905320213
0.0067403905320213
0.0067403905320213
0.0067403905320213
0.0067403905320213
0.00699680078843155
0.00699680078843155
0.00699680078843155
0.00698209625759799
0.00676244732827164
0.00689478810577371
0.00689478810577371
0.00689478810577371
0.00679553252264716
0.0067403905320213
0.0067403905320213
0.0067403905320213
0.0067403905320213
0.0067403905320213
0.0067403905320213
0.0067403905320213
0.0064977657732675
0.0064977657732675
0.0064977657732675
0.0064977657732675
0.0064977657732675
0.0064977657732675
0.0067403905320213
0.0067403905320213
0.0067403905320213
0.0067403905320213
0.0067403905320213
0.0067403905320213
0.0067403905320213
0.0067403905320213
0.0067403905320213
0.0067403905320213
0.0067403905320213
0.0067403905320213
0.0067403905320213
0.0067403905320213
0.0067403905320213
0.0067403905320213
0.0067403905320213
0.0067403905320213
0.0067403905320213
0.0067403905320213
0.0067403905320213
0.00669627693952061
0.0067403905320213
0.00674109396895393
0.0067403905320213
0.0067403905320213
0.0067403905320213
0.0067403905320213
0.0067403905320213
0.0067403905320213
0.0067403905320213
0.0067403905320213
0.0067403905320213
0.0067403905320213
0.0067403905320213
0.0067403905320213
0.0067403905320213
0.0067403905320213
0.0067403905320213
0.0067403905320213
0.0067403905320213
0.0067403905320213
0.0067403905320213
0.0067403905320213
0.0067403905320213
0.0067403905320213
0.0067403905320213
0.0067403905320213
0.0067403905320213
0.0067403905320213
0.0067403905320213
0.0067411220479748
0.0067403905320213
0.00682861771702267
0.0067403905320213
0.00678450412452198
0.00670730533764578
0.00670730533764578
0.00696371559405603
0.00696371559405603
0.00696371559405603
0.00696371559405603
0.00679461348947006
0.00683872708197075
0.00673678560130941
0.00673711009658517
0.00673701120492336
0.00673686075897238
0.00673686075897238
0.00673671439931291
0.00673671439931291
0.00673671439931291
0.00673671439931291
0.00673671439931291
0.00673671439931291
0.00673711081908735
0.00675141893014647
0.00675141893014647
0.00675542195346796
0.00675164044746893
0.00675551293379683
0.00672615397723835
0.00672615397723835
0.00653855253911625
0.00653855253911625
0.00653855253911625
0.00653855253911625
0.00653855253911625
0.00653459830234792
0.00653452710035141
0.00653452710035141
0.00669997416407337
0.00678818025723038
0.00678818025723038
0.0068175893188975
0.0068175893188975
0.0068175893188975
0.0068175893188975
0.0068175893188975
0.0068175893188975
0.0068175893188975
0.0068175893188975
0.00656393616201854
0.00656393616201854
0.00656393616201854
0.00656393616201854
0.00656393616201854
0.00683966193781374
0.0068175893188975
0.0068175893188975
0.00696371559405603
0.00696371559405603
0.00696371559405603
0.00696371559405603
0.00687916454176305
0.00686813614363788
0.0068175893188975
0.0068175893188975
0.0068175893188975
0.0068175893188975
0.00681777960038924
0.00681777960038924
0.00734899659941759
0.00763114063286735
0.0076531974291177
0.0076531974291177
0.0076531974291177
0.0076531974291177
0.0076531974291177
0.0076531974291177
0.0076531974291177
0.0076531974291177
0.0076531974291177
0.00766974002630546
0.00766974002630546
0.00766974002630546
0.00766974002630546
0.00766974002630546
0.00766974002630546
0.00766974002630546
0.00766974002630546
0.00766974002630546
0.00766974002630546
0.00766974002630546
0.00766974002630546
0.00766974002630546
0.00766974002630546
0.00766974002630546
0.00766974002630546
0.00766974002630546
0.00766974002630546
0.00766978749430313
0.00766978749430313
0.00787114674041639
0.00787114674041639
0.00787100829208985
0.00787109927241872
0.00800334906959192
0.00800334906959192
0.00800334906959192
0.00780208080380752
0.00780212827180519
0.00780217580795505
0.00780217580795505
0.00780212827180519
0.00780209266442569
0.00780208080380752
0.00780208080380752
0.00759254123942925
0.00759254123942925
0.00745213972305159
0.00731922799869905
0.00731922799869905
0.00731918053070138
0.00731918053070138
0.00731922799869905
0.00731922799869905
0.00752876756307732
0.00752872009507965
0.00752872009507965
0.00752872009507965
0.00752872009507965
0.00752872009507965
0.00752872009507965
0.00780902521409445
0.00781270134680284
0.00781270134680284
0.00781270134680284
0.00695792911935729
0.00695792911935729
0.00694138652216953
0.00694138652216953
0.00694138652216953
0.00694138652216953
0.00694138652216953
0.00694138652216953
0.00694138652216953
0.00694138652216953
0.00694138652216953
0.00694581232330853
0.00694581232330853
0.00694589934797092
0.00694636627563644
0.00694636627563644
0.00706224752494667
0.00660236156998927
0.00659770755676759
0.00660236156998927
0.00730875685065
0.00730875685065
0.00637883663296537
0.00637331847823631
0.00637272902713843
0.00641746371606878
0.00641286316126071
0.00649557614719951
0.00649557614719951
0.00649562361519718
0.00650665201332235
0.00644778642199043
0.00636874956876002
0.00636874956876002
0.00636874956876002
0.00636874956876002
0.00636874956876002
0.00636874956876002
0.0063770208673539
0.00636874956876002
0.00636874956876002
0.00636874956876002
0.00636874956876002
0.00636874956876002
0.00615921000438175
0.00615921000438175
0.00615921000438175
0.00615921000438175
0.00615921000438175
0.00615921000438175
0.00615921000438175
0.00615921000438175
0.00615921000438175
0.00636874956876002
0.00636874956876002
0.00636874956876002
0.00636874956876002
0.00636874956876002
0.00636874956876002
0.00636851307702038
0.00636851307702038
0.00636851307702038
0.00636851307702038
0.00636851307702038
0.00636851307702038
0.00636851307702038
0.00636851307702038
0.00636851307702038
0.00636851307702038
0.00636851307702038
0.00636851307702038
0.00636851307702038
0.00636851307702038
0.00636851307702038
0.00636851307702038
0.00636851307702038
0.00636851307702038
0.00636851307702038
0.00636851307702038
0.0060845318252972
0.00608448806226526
0.00608448806226526
0.00608448806226526
0.00608467817857314
0.00608461488790958
0.00608457929329487
0.0060845318252972
0.0060845318252972
0.00608448806226526
0.00608448806226526
0.00608448806226526
0.00608448806226526
0.00609551646039044
0.00609551646039044
0.00635748467889521
0.00635748467889521
0.00636851307702038
0.00636874956876002
0.00636874956876002
0.00636874956876002
0.00635772117063485
0.00635772117063485
0.00635772117063485
0.00635772117063485
0.00635772117063485
0.00635772117063485
0.00635772117063485
0.00635772117063485
0.00635772117063485
0.00628419851646704
0.00628419851646704
0.00628419851646704
0.00628419851646704
0.00628419851646704
0.0062865053133738
0.00628862370339482
0.00628870677239074
0.00628870677239074
0.00628870677239074
0.00628870677239074
0.00628870677239074
0.00609005320214463
0.00650752357850178
0.0065782891331383
0.0065782891331383
0.00652314714251244
0.00612612481000623
0.0061261722780039
0.0061261722780039
0.00612612481000623
0.00612626741860268
0.00612626741860268
0.00612621981415376
0.00612612481000623
0.00612612481000623
0.00612612481000623
0.00612612481000623
0.00612612481000623
0.00612612481000623
0.00622813749266408
0.00622813749266408
0.00622813749266408
0.00622813749266408
0.0062998220804777
0.0062998220804777
0.0062998220804777
0.0062998220804777
0.00620424263005954
0.00615369580531916
0.00615369580531916
0.00615921000438175
0.00615921000438175
0.00615921000438175
0.00615921000438175
0.00615921000438175
0.00615921000438175
0.00615921000438175
0.00615921000438175
0.00615921000438175
0.00615921000438175
0.00609303961563072
0.00635772117063485
0.00635772117063485
0.00635772117063485
0.00635772117063485
0.00635772117063485
0.00635772117063485
0.00635772117063485
0.00635772117063485
0.00635772117063485
0.00635772117063485
0.00635772117063485
0.00635772117063485
0.00635772117063485
0.00635772117063485
0.00635772117063485
0.00635772117063485
0.00635772117063485
0.00635772117063485
0.00635772117063485
0.00642389155938589
0.00642389155938589
0.00642389155938589
0.00642389155938589
0.00642389155938589
0.00642389155938589
0.00642389155938589
0.00642389155938589
0.00642389155938589
0.00642389155938589
0.00642389155938589
0.00642389155938589
0.00642389155938589
0.00642389155938589
0.00642389155938589
0.00642389155938589
0.00642389155938589
0.00642389155938589
0.00642389155938589
0.00642389155938589
0.00642389155938589
0.00642389155938589
0.00642389155938589
0.00642389155938589
0.00642389155938589
0.00642389155938589
0.00642389155938589
0.00642389155938589
0.00642389155938589
0.00642389155938589
0.00642389155938589
0.00642389155938589
0.00642389155938589
0.00642389155938589
0.00642389155938589
0.00642389155938589
0.00642389155938589
0.00642389155938589
0.00642389155938589
0.00642412889937423
0.0064241763673719
0.0064241763673719
0.00642398649538122
0.00642398649538122
0.00642389155938589
0.00642389155938589
0.00642389155938589
0.00642389155938589
0.00642389155938589
0.00642389155938589
0.0064239469387165
0.00633566437438451
0.00633566437438451
0.00633566437438451
0.00633566437438451
0.00642389155938589
0.00642389155938589
0.00642389155938589
0.00642389155938589
0.00642393902738356
0.00641842482832097
0.00641842482832097
0.0064183773603233
0.0064183773603233
0.0064183773603233
0.0064183773603233
0.0064183773603233
0.00642389155938589
0.00645330062105301
0.00645330062105301
0.00645330062105301
0.00645330062105301
0.00642389155938589
0.00642389155938589
0.00642389155938589
0.00642389155938589
0.00642389155938589
0.00642389155938589
0.00670332147126924
0.00635408886397212
0.00635408886397212
0.00633203206772178
0.00633203206772178
0.0064122461842957
0.0064122461842957
0.00633138311683161
0.00633138311683161
0.00633138311683161
0.00633138311683161
0.00634241151495678
0.00634241151495678
0.00634241151495678
0.00634241151495678
0.00634241151495678
0.00634241151495678
0.00634241151495678
0.00634241151495678
0.00634241151495678
0.00634241151495678
0.00634241151495678
0.00634241151495678
0.00634241151495678
0.00646906475613395
0.00646906475613395
0.00646906475613395
0.00639921823467452
0.0063463944516823
0.00634244710957149
0.00634244710957149
0.00634306046584695
0.00634306046584695
0.0063432542935041
0.00634315540184229
0.00634310793384462
0.00634306046584695
0.00634306046584695
0.00634306046584695
0.00634306046584695
0.00635408886397212
0.00635408886397212
0.00635408886397212
0.00636511726209729
0.00636511726209729
0.00635408886397212
0.00635408886397212
0.00635408886397212
0.00635408886397212
0.00635408886397212
0.00635408886397212
0.00635408886397212
0.00635408886397212
0.00635417595110735
0.00635408886397212
0.00635408886397212
0.00635408886397212
0.00635408886397212
0.00635408886397212
0.00635408886397212
0.00635408886397212
0.00607837891084281
0.00607837891084281
0.00607837891084281
0.00607837891084281
0.00628791847522109
0.00630997527147143
0.00630997527147143
0.00630997527147143
0.00630997527147143
0.00630997527147143
0.00630997527147143
0.00630997527147143
0.00630997527147143
0.00630997527147143
0.00630997527147143
0.00630997527147143
0.00630997527147143
0.00630997527147143
0.00630997527147143
0.00630997527147143
0.00630997527147143
0.00588855453719261
0.00552972774887209
0.00626034747990816
0.0062438048827204
0.0062438048827204
0.0062438048827204
0.00629343267428367
0.00629343267428367
0.00629343267428367
0.00629343267428367
0.00629343267428367
0.00629343267428367
0.00631548947053402
0.00631548947053402
0.00631548947053402
0.00631548947053402
0.00631553693853169
0.00631553693853169
0.00629343267428367
0.00629343267428367
0.00629343267428367
0.00629343267428367
0.00629343267428367
0.00629343267428367
0.00629343267428367
0.00629343267428367
0.00629343267428367
0.00629357528288012
0.00629357528288012
0.00629343267428367
0.00629343267428367
0.00629343267428367
0.00629343267428367
0.00629343267428367
0.00629343267428367
0.00629343267428367
0.00629343267428367
0.00629343267428367
0.00629343267428367
0.00629343267428367
0.00629343267428367
0.00629343267428367
0.00629343267428367
0.00629343267428367
0.00629343267428367
0.00629343267428367
0.00629343267428367
0.00629343267428367
0.00629343267428367
0.00629343267428367
0.00629343267428367
0.00629343267428367
0.00629343267428367
0.00629343267428367
0.00629343267428367
0.00629343267428367
0.00629343267428367
0.00629343267428367
0.00629343267428367
0.00629343267428367
0.00629343267428367
0.00629343267428367
0.00629343267428367
0.00629343267428367
0.00629343267428367
0.00629343267428367
0.00629794758613476
0.00629794758613476
0.00629794758613476
0.00629794758613476
0.00629794758613476
0.00629794758613476
0.00629794758613476
0.0062924294314057
0.0062924294314057
0.0062924294314057
0.0062924294314057
0.0062924294314057
0.0062924294314057
0.0062924294314057
0.0062924294314057
0.00629384659055522
0.00629694686456303
0.00629269484157572
0.0062924294314057
0.0062924294314057
0.0062924294314057
0.0062924294314057
0.0062924294314057
0.0062924294314057
0.0062924294314057
0.0062924294314057
0.0062924294314057
0.0062924294314057
0.0062924294314057
0.0062924294314057
0.00636048667306409
0.00634945036360597
0.00635496851833503
0.00635496851833503
0.00629794758613476
0.00629794758613476
0.00629794758613476
0.00629794758613476
0.00629794758613476
0.00629794758613476
0.00630453623007182
0.00630453623007182
0.00630453623007182
0.00630453623007182
0.00630453623007182
0.00630453623007182
0.00630453623007182
0.00630453623007182
0.00630453623007182
0.00630453623007182
0.00630453623007182
0.00630453623007182
0.00630453623007182
0.00630453623007182
0.00630453623007182
0.00630453623007182
0.00630453623007182
0.00630446107240885
0.00630446107240885
0.00630446107240885
0.00630446107240885
0.00630446107240885
0.00630446107240885
0.00630446107240885
0.00630446107240885
0.00630446107240885
0.00630446107240885
0.00630446107240885
0.00630446107240885
0.00630446107240885
0.00630446107240885
0.00630446107240885
0.00630446107240885
0.00630446107240885
0.00630446107240885
0.00608374784655771
0.00608374784655771
0.00608379605624284
0.00608379605624284
0.00608374784655771
0.00608374784655771
0.00608374784655771
0.00608374784655771
0.00608374784655771
0.00608374784655771
0.00608374784655771
0.00608804806326943
0.00608392863287695
0.00608384426592797
0.00608379605624284
0.00608374784655771
0.00608374784655771
0.00608374784655771
0.00608374784655771
0.00608374784655771
0.00608374784655771
0.00608374784655771
0.00608374784655771
0.00608374784655771
0.00608374784655771
0.00608374784655771
0.00608374784655771
0.00608374784655771
0.00608374784655771
0.00608809123976661
0.00608379605624284
0.00608379605624284
0.00608375989249803
0.00608374784655771
0.00608374784655771
0.00608374784655771
0.00608374784655771
0.00608374784655771
0.00611361642481338
0.00611361642481338
0.00611361642481338
0.00608374784655771
0.00608374784655771
0.00608374784655771
0.00611361642481338
0.00611361642481338
0.00611361642481338
0.00611361642481338
0.00611734999709534
0.00611734999709534
0.00611734999709534
0.00611734999709534
0.00611734999709534
0.00611734999709534
0.00611734999709534
0.00611734999709534
0.00611734999709534
0.00611734999709534
0.00611734999709534
0.00611734999709534
0.00611734999709534
0.00611734999709534
0.00611734999709534
0.00611734999709534
0.00611734999709534
0.006117392173006
0.00611734999709534
0.00611734999709534
0.00611734999709534
0.00611734999709534
0.00611734999709534
0.00611734999709534
0.00611734999709534
0.00611734999709534
0.00611734999709534
0.00611734999709534
0.00611734999709534
0.00611734999709534
0.00611734999709534
0.00612855071394122
0.00611734999709534
0.00611734999709534
0.00611734999709534
0.00611734999709534
0.00611734999709534
0.00611734999709534
0.00611734999709534
0.00612855071394122
0.00612855071394122
0.00612855071394122
0.00611734999709534
0.00611734999709534
0.00611734999709534
0.00611734999709534
0.00611734999709534
0.00611734999709534
0.00633754626678436
0.00633754626678436
0.00633754626678436
0.00638717405834764
0.00638717405834764
0.00638728489651975
0.00638728489651975
0.00633765710495647
0.00633754626678436
0.00633754626678436
0.00633754626678436
0.00633754626678436
0.00633754626678436
0.00633754626678436
0.00633754626678436
0.00633754626678436
0.00633754626678436
0.00633754626678436
0.00626034747990816
0.00633754626678436
0.00634857466490954
0.00634857466490954
0.00633754626678436
0.00629342476295073
0.00623276066192934
0.00623276066192934
0.00623276066192934
0.00627687425443002
0.00630444524974296
0.00630444524974296
0.00629341685161778
0.00629341685161778
0.00629341685161778
0.00629341685161778
0.00629341685161778
0.00629341685161778
0.00629341685161778
0.00629341685161778
0.00629341685161778
0.00634304464318106
0.00634315548135317
0.00634315548135317
0.00634315548135317
0.00634304464318106
0.00629341685161778
0.00629341685161778
0.00629341685161778
0.00629341685161778
0.00629341685161778
0.00629341685161778
0.00643840509264282
0.00626021309686804
0.0063153550874939
0.00633189768468166
0.00637049707811976
0.00637049707811976
0.00631167895478551
0.00636292349762213
0.00628390080616439
0.00628390080616439
0.00628390080616439
0.00628390080616439
0.00628390080616439
0.00628390080616439
0.00625909135652068
0.00625909135652068
0.00625909135652068
0.00625909135652068
0.00625909135652068
0.00625909135652068
0.00625909135652068
0.00625909135652068
0.00625909135652068
0.00625909135652068
0.00625909135652068
0.00625909135652068
0.00625909135652068
0.00627012074241093
0.0074941528142426
0.00754928492456195
0.00753825850249808
0.00752723208043421
0.00734162064235906
0.00734166809334158
0.00734166809334158
0.0071551377867611
0.00715076514729708
0.00715076514729708
0.00715076514729708
0.00715076514729708
0.00715076514729708
0.00715076514729708
0.00715076514729708
0.00715076514729708
0.00715076514729708
0.00633195112248628
0.00633753044411847
0.00633753044411847
0.00633753044411847
0.00633753044411847
0.00633753044411847
0.00633753044411847
0.00633753044411847
0.00633753044411847
0.00633753044411847
0.00633753044411847
0.00633753044411847
0.00619586475580269
0.00619836683308055
0.0061984276566823
0.00619712378889822
0.00619712378889822
0.00619712378889822
0.00619712378889822
0.00619712378889822
0.00620794278705899
0.00620794278705899
0.00620363811020856
0.006192826714998
0.006192826714998
0.006192826714998
0.006192826714998
0.006192826714998
0.006192826714998
0.006192826714998
0.006192826714998
0.0062495865398534
0.00630364351590616
0.00647283072309696
0.00647283072309696
0.00633589524608152
0.00633589524608152
0.00633589524608152
0.00633589524608152
0.00638017659406366
0.00638017659406366
0.00638012902547782
0.00638008152373699
0.00629806200958326
0.00629806200958326
0.00629806200958326
0.00629806200958326
0.00629806200958326
0.00629806200958326
0.00629806200958326
0.00633589524608152
0.00636391021805173
0.00636391021805173
0.00636391021805173
0.00636391021805173
0.00636391021805173
0.00636391021805173
0.00636391021805173
0.00563785198621871
0.00634500688161285
0.00634500688161285
0.00634500688161285
0.00634500688161285
0.00622618590971131
0.00622618590971131
0.00621538400317481
0.00621538400317481
0.00632340306853984
0.00632340306853984
0.00632340306853984
0.00632340306853984
0.00632340306853984
0.00632340306853984
0.00632340306853984
0.00632340306853984
0.00632340306853984
0.00632349800531728
0.00632349800531728
0.00632349800531728
0.00632340306853984
0.00628019544239383
0.00628019544239383
0.00632880402180809
0.00632904483538754
0.00632904483538754
0.00632904483538754
0.00632904483538754
0.00632783007072082
0.00632783007072082
0.00632783007072082
0.00632783007072082
0.00632783007072082
0.00632783007072082
0.00632783007072082
0.00632783007072082
0.00632783007072082
0.00632783007072082
0.00634368620830476
0.00634368620830476
0.00634368620830476
0.00634368620830476
0.00634368620830476
0.00634368620830476
0.00634368620830476
0.00634368620830476
0.00634368620830476
0.0063437579740206
0.00617914999305785
0.00616561345014905
0.0061792574616405
0.00620110341187612
0.00633272323017207
0.00642048872078116
0.00642344917076769
0.0064205248465923
0.0064205248465923
0.00642048872078116
0.00642048872078116
0.00642048872078116
0.00642048872078116
0.00642048872078116
0.00642048872078116
0.00631809564840389
0.00631809564840389
0.00631809564840389
0.00631809564840389
0.00631809564840389
0.00632083831998542
0.00631535297682236
0.00631535297682236
0.00629889694733315
0.00632083831998542
0.00631809564840389
0.00637294908003457
0.00631809564840389
0.00631809564840389
0.00631809564840389
0.00631809564840389
0.00631809564840389
0.00631809564840389
0.00631809564840389
0.00631809564840389
0.00631809564840389
0.00631809564840389
0.00631809564840389
0.00631809564840389
0.00636197839370844
0.00642871673552577
0.00642871673552577
0.00642871673552577
0.00631809564840389
0.00631809564840389
0.00631809564840389
0.00631809564840389
0.00631809564840389
0.00631809564840389
0.00631809564840389
0.00631809564840389
0.00631809564840389
0.00631809564840389
0.00631809564840389
0.00631809564840389
0.00631809564840389
0.00631809564840389
0.00631809564840389
0.00631809564840389
0.00631809564840389
0.00626324221677321
0.00629066893258855
0.00636198256653664
0.00636197839370844
0.00636207667317491
0.00636207667317491
0.00636462985987037
0.00636469345246633
0.00632078758664265
0.00631722788646187
0.0063346819513913
0.0063371366293568
0.00633708816423556
0.0063260710252562
0.00631706790756567
0.00631706790756567
0.00632706894132603
0.00631061579987289
0.00631061579987289
0.00631061579987289
0.00631061579987289
0.00631061579987289
0.0062886375079596
0.0062886375079596
0.0062886375079596
0.0062886375079596
0.00628300513947488
0.00628300513947488
0.00628300513947488
0.00628300513947488
0.00628300513947488
0.00628310007625231
0.00621828863703329
0.00621828863703329
0.00621819370025586
0.00621819370025586
0.00621819370025586
0.00621819370025586
0.00621819370025586
0.00621819370025586
0.00621819370025586
0.00621819370025586
0.00621819370025586
0.00621819370025586
0.00628300513947488
0.00628300513947488
0.00628300513947488
0.00628300513947488
0.00628300513947488
0.00629380704601138
0.00629380704601138
0.00631541085908439
0.00631541085908439
0.00631541085908439
0.00631541085908439
0.00553759365678217
0.00553759365678217
0.00567801844175672
0.00567801844175672
0.00642342992444943
0.00644503373752243
0.00629380704601138
0.00637302102727908
0.00637302102727908
0.00637302102727908
0.00637302102727908
0.00629380704601138
0.00632621276562089
0.00629385448104799
0.00629385448104799
0.00629380704601138
0.00629380704601138
0.00629380704601138
0.00629380704601138
0.00629380704601138
0.0063370146721574
0.0063370146721574
0.0063370146721574
0.0063370146721574
0.00628300513947488
0.00628300513947488
0.00628306444368768
0.00628306444368768
0.00628305257451149
0.00628300513947488
0.00628300513947488
0.00628300513947488
0.00627225066797498
0.00627225066797498
0.0062722388029678
0.00611017463489082
0.00611017463489082
0.00610477368162257
0.00610477368162257
0.00610477368162257
0.00610477368162257
0.00610477368162257
0.00610477368162257
0.00610477368162257
0.00610477368162257
0.00610477368162257
0.00610477368162257
0.00611557558815907
0.00611557558815907
0.00611557558815907
0.00611557558815907
0.00611557558815907
0.00611557558815907
0.00612097654142732
0.00612097654142732
0.00612097654142732
0.00612097654142732
0.00614978162552467
0.00521559436297683
0.0050730601723584
0.0050730601723584
0.00502264242531144
0.00502264242531144
0.00502264242531144
0.00504425003118871
0.00504425003118871
0.00504425003118871
0.00483229221039794
0.00478840176095974
0.00571569578423036
0.00571569578423036
0.00571569578423036
0.00571569578423036
0.00571569578423036
0.00571569578423036
0.00571569578423036
0.00571569578423036
0.00571569578423036
0.00571569578423036
0.00571569578423036
0.00569375055951125
0.00569372742680775
0.00598557568472246
0.00598557568472246
0.00598557568472246
0.00598557568472246
0.0057057249384538
0.0057057249384538
0.00580815396976782
0.00580815396976782
0.00580815396976782
0.00580713422055994
0.00572666839658991
0.00572666839658991
0.00572666839658991
0.00572666839658991
0.00572666839658991
0.00572666839658991
0.00572666839658991
0.00572666839658991
0.00572666839658991
0.00572666839658991
0.00572666839658991
0.00572666839658991
0.00572666839658991
0.00572666839658991
0.00577055884602811
0.00577055884602811
0.00577055884602811
0.00577055884602811
0.00572666839658991
0.00572666839658991
0.00572666839658991
0.00572666839658991
0.00572666839658991
0.00572666839658991
0.00572666839658991
0.00572666839658991
0.00572666839658991
0.00572666839658991
0.00572666839658991
0.00572666839658991
0.00572666839658991
0.00572666839658991
0.00572666839658991
0.00572666839658991
0.00572666839658991
0.00572666839658991
0.00572666839658991
0.00572666839658991
0.00572666839658991
0.00572666839658991
0.00572666839658991
0.00572666839658991
0.00572666839658991
0.00572666839658991
0.00572666839658991
0.00572666839658991
0.00572666839658991
0.00572666839658991
0.00572666839658991
0.00572666839658991
0.00572666839658991
0.00572666839658991
0.00572666839658991
0.00572666839658991
0.00572643787952353
0.00572643787952353
0.00572643787952353
0.00572643787952353
0.00572643787952353
0.00572643787952353
0.00572643787952353
0.00572643787952353
0.00572643787952353
0.00572643787952353
0.00572643787952353
0.00572643787952353
0.00572643787952353
0.00572643787952353
0.00572643787952353
0.00572643787952353
0.00572655637217675
0.00566829944788873
0.00566829944788873
0.00566829944788873
0.00566829944788873
0.00566829944788873
0.00566829944788873
0.00566829944788873
0.00566829944788873
0.00566829944788873
0.00566829944788873
0.00566829944788873
0.00566829944788873
0.00566829944788873
0.00567228388882148
0.00567214374941616
0.00566377910218714
0.00566377910218714
0.00566377910218714
0.00566377910218714
0.00566377910218714
0.00565987666234628
0.00565980614157922
0.00565980614157922
0.00565980614157922
0.00565980614157922
0.00565980614157922
0.00565980614157922
0.00565980614157922
0.00565980614157922
0.00565980614157922
0.00565981397395772
0.00565980614157922
0.00565980614157922
0.00565980614157922
0.00565980614157922
0.00565980614157922
0.00565980614157922
0.00565980614157922
0.00565980614157922
0.00567095487968143
0.00567095487968143
0.00565980614157922
0.00565980614157922
0.00565980614157922
0.00565980614157922
0.00565980614157922
0.00565980614157922
0.00565980614157922
0.00565980614157922
0.00565980614157922
0.00565980614157922
0.00565980614157922
0.00565980614157922
0.00565980614157922
0.00565980614157922
0.00565980614157922
0.00565980614157922
0.00565980614157922
0.00565980614157922
0.00565980614157922
0.00565980614157922
0.00565980614157922
0.00565980614157922
0.00565980614157922
0.00565980614157922
0.00565980614157922
0.00565980614157922
0.00565980614157922
0.00565980614157922
0.00565980614157922
0.00565980614157922
0.00565980614157922
0.00565980614157922
0.00565980614157922
0.00565980614157922
0.00565980614157922
0.00565980614157922
0.0056588769187473
0.0056588769187473
0.0056588769187473
0.0056588769187473
0.0056588769187473
0.0056588769187473
0.0056588769187473
0.0056588769187473
0.00574527180299082
0.00574527180299082
0.00574527180299082
0.00570718028114162
0.00564772034459652
0.00564772034459652
0.00564772034459652
0.00564772034459652
0.00564772034459652
0.00564772034459652
0.00564772034459652
