0.00017096939647803
0.00017096939647803
0.00017096939647803
0.00017096939647803
0.00017096939647803
0.00017096939647803
0.00017096939647803
0.00017096939647803
0.00017096939647803
0.00017096939647803
0.00017096939647803
0.00017096939647803
0.00017096939647803
0.00017096939647803
0.00017096939647803
0.00017096939647803
0.00017096939647803
0.00017096939647803
0.00017096939647803
0.00017096939647803
0.00017096939647803
0.00017096939647803
0.00017096939647803
0.00017096939647803
0.00017096939647803
0.00017096939647803
0.00017096939647803
0.00017096939647803
0.00017096939647803
0.00017096939647803
0.00017096939647803
0.00017096939647803
0.00017096939647803
0.00017096939647803
0.00017096939647803
0.00017096939647803
0.00017096939647803
0.00017096939647803
0.00017096939647803
0.00017096973523075
0.00017096973523075
0.00017096939647803
0.00017096939647803
0.00017096939647803
0.00017096939647803
0.00017096939647803
0.00017096939647803
0.00017096939647803
0.00017096939647803
0.00017096939647803
0.000170970392209017
0.00017096973523075
0.000170969406741616
0.000170969406741616
0.00017096973523075
0.00017096939647803
0.00017096939647803
0.00017096939647803
0.00017096939647803
0.00017096939647803
0.00017096939647803
0.00017096939647803
0.00017096939647803
0.00017096939647803
0.00017096939647803
0.00017096939647803
0.00017096939647803
0.00017096939647803
0.00017096939647803
0.00017096939647803
0.00017096939647803
0.00017096939647803
0.00017096939647803
0.00017096939647803
0.00017096939647803
0.00017096939647803
0.00017096939647803
0.00017096939647803
0.000171018239940151
0.00017096939647803
0.00017096939647803
0.00017096939647803
0.00017096939647803
0.00017096939647803
0.00017096939647803
0.00017096939647803
0.00017096939647803
0.00017096939647803
0.00017096939647803
0.00017096939647803
0.00017096939647803
0.00017096939647803
0.00017096939647803
0.00017096939647803
0.00017096939647803
0.00017096939647803
0.00017096939647803
0.00017096939647803
0.00017096939647803
0.00017096939647803
0.00017096939647803
0.00017096939647803
0.00017096939647803
0.00017096939647803
0.00017096939647803
0.00017096939647803
0.00017096939647803
0.00017096939647803
0.00017096939647803
0.00017096939647803
0.00017096939647803
0.00017096939647803
0.00017096939647803
0.00017096939647803
0.00017096939647803
0.00017096939647803
0.00017096939647803
0.000171268672210723
0.000170969406741616
0.000170969406741616
0.00017096939647803
0.00017096939647803
0.00017096939647803
0.00017096939647803
0.00017120220800329
0.00017096939647803
0.00017096939647803
0.00017096939647803
0.00017096939647803
0.00017096939647803
0.00017096939647803
0.000170995128086285
0.000170995456575419
0.000170995456575419
0.000170995456575419
0.000170995456575419
0.000170995785064553
0.000170995785064553
0.000170995785064553
0.000170995785064553
0.000170995785064553
0.000170995785064553
0.000170995785064553
0.000170995785064553
0.000170995785064553
0.000170995785064553
0.000170995785064553
0.000170995785064553
0.000170995785064553
0.000170995785064553
0.000170995785064553
0.000170995785064553
0.000170995785064553
0.000170995785064553
0.000170995785064553
0.000170995785064553
0.000170995785064553
0.000170995785064553
0.000170995785064553
0.000170995785064553
0.000170995785064553
0.000170995785064553
0.000170995785064553
0.000170995785064553
0.000170995785064553
0.000170995785064553
0.000170995785064553
0.000170995785064553
0.000170995785064553
0.000170995785064553
0.000170995785064553
0.000170995785064553
0.000170995128086285
0.000170995128086285
0.000170995128086285
0.000170995128086285
0.000170995128086285
0.000170995128086285
0.000170995128086285
0.000170995128086285
0.000170995128086285
0.000170995128086285
0.000170995128086285
0.000170995128086285
0.000170995128086285
0.000170995128086285
0.000170995128086285
0.000170995128086285
0.000170995128086285
0.000170995128086285
0.000170995128086285
0.000170995128086285
0.000170998632010944
0.000170998632010944
0.000170998632010944
0.000170998632010944
0.000170998632010944
0.000170998632010944
0.000170998632010944
0.000170998632010944
0.000170998632010944
0.000170998632010944
0.000170998632010944
0.000170998632010944
0.000170998632010944
0.000170998632010944
0.000170998632010944
0.000170998632010944
0.000170998632010944
0.000170998632010944
0.000170998632010944
0.000170998632010944
0.000170998632010944
0.000170998632010944
0.000170998632010944
0.000170998632010944
0.000170998632010944
0.000170998632010944
0.000170998632010944
0.000170998632010944
0.000171083399005911
0.00017110197461964
0.00017110197461964
0.00017110197461964
0.00017110197461964
0.000171103289700368
0.000171103289700368
0.000171103289700368
0.000171103289700368
0.000171103289700368
0.000171103289700368
0.000171103289700368
0.000171103289700368
0.000171103289700368
0.000171103289700368
0.000171103289700368
0.000171103289700368
0.000171103289700368
0.000171103289700368
0.000171103289700368
0.000171103289700368
0.000171103289700368
0.000171103289700368
0.000171103289700368
0.000171103289700368
0.000171103289700368
0.000171103289700368
0.000171103289700368
0.000171103289700368
0.000171103289700368
0.000171103289700368
0.000171103289700368
0.000171103289700368
0.000171103289700368
0.000171128735985371
0.000171129065036889
0.000171129065036889
0.000171112513270847
0.000171103289700368
0.000171103289700368
0.000171103289700368
0.000171103289700368
0.000171103289700368
0.000171104122596243
0.000171103289700368
0.000171103289700368
0.000171103289700368
0.000171103289700368
0.000171103289700368
0.000171103289700368
0.000171103289700368
0.000171103289700368
0.000171129065036889
0.000171129065036889
0.000171129065036889
0.000171128735985371
0.000171128735985371
0.000171128735985371
0.000171128735985371
0.000171128735985371
0.000171128735985371
0.000171128735985371
0.000171128735985371
0.000171135493868037
0.000171129065036889
0.000171129065036889
0.000171128735985371
0.000171128735985371
0.000171144959780934
0.000171170744266829
0.000171144959780934
0.000171144959780934
0.000171144959780934
0.000171144959780934
0.000171144959780934
0.000171144959780934
0.000171144959780934
0.000171144959780934
0.000171144959780934
0.000171144959780934
0.000171144959780934
0.000171144959780934
0.000171144959780934
0.000171144959780934
0.000171144959780934
0.000171144959780934
0.000171144959780934
0.000171144959780934
0.000171144959780934
0.000171144959780934
0.000171144959780934
0.000171144959780934
0.000171144959780934
0.000171144959780934
0.000171144959780934
0.000171120839576705
0.000171120839576705
0.000171120839576705
0.000171120839576705
0.000171120839576705
0.000171120839576705
0.000171121497679742
0.000171120839576705
0.000171120839576705
0.000171120839576705
0.000171120839576705
0.000171120839576705
0.000171120839576705
0.000171120839576705
0.000171120839576705
0.000171120839576705
0.000171121168628223
0.000171121168628223
0.000171121168628223
0.000171121168628223
0.000171121168628223
0.000171121168628223
0.000171125612105411
0.000171152050181613
0.000171130550470076
0.000171130550470076
0.000171130221418558
0.000171130221418558
0.000171129562752037
0.000171129562752037
0.000171129562752037
0.000171129562752037
0.000171129562752037
0.000171129562752037
0.000171129562752037
0.000171129562752037
0.000171129562752037
0.000171129562752037
0.000171129562752037
0.000171128904536349
0.000171128904536349
0.000171128904536349
0.000171128904536349
0.000171128904536349
0.000171128904536349
0.000171128739827428
0.000171128739827428
0.000171128739827428
0.000171175861546936
0.000171153531237118
0.000171153202072949
0.000171152049843314
0.000171151720679145
0.000171151720679145
0.000171151720679145
0.000171151720679145
0.000171150403120514
0.000171150403120514
0.000171150403120514
0.000171150403120514
0.000171173720302495
0.000171150732284683
0.000171150732284683
0.000171150403120514
0.000171150403120514
0.000171150403120514
0.000171150403120514
0.000171150403120514
0.000171150403120514
0.000171154546082709
0.000171154546082709
0.000171154546082709
0.000171154546082709
0.000171154546082709
0.000171154546082709
0.000171156109585618
0.000171155914131032
0.000171155914131032
0.000171155914131032
0.000171155914131032
0.000171155914131032
0.000171155914131032
0.000171155914131032
0.000171155914131032
0.000171156109585618
0.000171156109585618
0.000171156109585618
0.000171156109585618
0.000171154546082709
0.000171154546082709
0.000171167045476561
0.000171153960020027
0.000171153960020027
0.000171155131844469
0.000171154350628174
0.000171142634316667
0.000171127405744994
0.000171127405744994
0.000171127796219463
0.000171127991607133
0.000171127405744994
0.000171127015270525
0.000171126624796056
0.000171127015270525
0.000171127015270525
0.000171128186693932
0.000171127405744994
0.000171155914131032
0.000171127015270525
0.000171127015270525
0.000171126624796056
0.000171126624796056
0.000171124671353992
0.000171128185624214
0.000171124671353992
0.000171124671353992
0.000171124671353992
0.000171124671353992
0.000171124671353992
0.000171124671353992
0.000171124671353992
0.000171124671353992
0.000171124671353992
0.000171124671353992
0.000171124671353992
0.000171124671353992
0.000171124671353992
0.000171124671353992
0.000171124671353992
0.000171124671353992
0.000171127211059436
0.000171127211059436
0.000171127211059436
0.000171127211059436
0.000171127211059436
0.000171127211059436
0.000171127211059436
0.000171127211059436
0.000171127211059436
0.000171127211059436
0.000171127211059436
0.000171127211059436
0.000171127211059436
0.000171127211059436
0.000171127211059436
0.000171127211059436
0.000171126624796056
0.000171127211059436
0.000171127992008374
0.000171127992008374
0.00017115689120336
0.000171156500595213
0.000171127211059436
0.000171156500595213
0.000171155718709908
0.000171155718709908
0.000171183063321156
0.000171155718709908
0.000171155718709908
0.000171155718709908
0.000171155718709908
0.000171155718709908
0.000171155718709908
0.000171155718709908
0.000171155718709908
0.000171152948365747
0.000171152948365747
0.000171203305339323
0.000171153274095505
0.000171153274095505
0.000171129408769112
0.000171129408769112
0.000171129408769112
0.000171129734387358
0.000171129734387358
0.000171129734387358
0.000171129734387358
0.000171129734387358
0.000171129734387358
0.000171129734387358
0.000171130060117116
0.000171130060117116
0.000171130060117116
0.000171130060117116
0.000171130060117116
0.000171167057294971
0.000171173240928347
0.000171174217225918
0.000171174542844163
0.000171174217225918
0.000171195329629778
0.000171150018580585
0.000171168193272883
0.000171150018580585
0.000171159729952939
0.000171149855367223
0.000171148552559631
0.000171154140527079
0.000171148878066421
0.000171170633723549
0.000171148552559631
0.000171148227052842
0.000171148227052842
0.000171147901546052
0.00017114741318834
0.00017114741318834
0.00017114741318834
0.00017114741318834
0.00017114741318834
0.00017114741318834
0.000171146924969934
0.000171146924969934
0.000171146924969934
0.000171146924969934
0.000171146924969934
0.000171146924969934
0.000171146924969934
0.000171148227666056
0.000171148227666056
0.000171148227666056
0.000171148227666056
0.000171247178433543
0.000171148715884463
0.000171148715884463
0.000171148715884463
0.000171148715884463
0.000171148715884463
0.000171148715884463
0.000171148715884463
0.000171148715884463
0.00017114741318834
0.00017114741318834
0.00017114741318834
0.000171187674434439
0.000171104411461387
0.000171104411461387
0.000171104411461387
0.000171104411461387
0.000171104411461387
0.000171104411461387
0.000171104411461387
0.000171104411461387
0.000171104411461387
0.000171105062140827
0.000171104411461387
0.000171104411461387
0.000171104411461387
0.000171104411461387
0.000171104411461387
0.000171127617185964
0.000171215916354242
0.0001711271289954
0.000171130384286435
0.000171130384286435
0.0001711271289954
0.000171202988041656
0.000171202988041656
0.000171202988041656
0.000171203313659901
0.000171306880284469
0.000171308511166677
0.000171315095432874
0.000171291508988087
0.000171290856635218
0.000171291508988087
0.000171291508988086
0.000171291508988086
0.000171291508988086
0.000171292813917338
0.000171294445134731
0.000171294445134731
0.000171294445134731
0.000171294445134731
0.000171293140205479
0.000171293140205479
0.00017129330336355
0.000171178244591829
0.000171178244591829
0.000171178244591829
0.000171179547287951
0.000171179547287951
0.000171178244591829
0.000171178244591829
0.000171178244591829
0.000171178244591829
0.000171176127334212
0.000171151445767806
0.000171150794977024
0.00017115128319543
0.00017115128319543
0.00017115128319543
0.00017115128319543
0.00017115128319543
0.00017115128319543
0.00017115128319543
0.00017115128319543
0.00017115128319543
0.00017115128319543
0.00017115128319543
0.00017115128319543
0.000171151771553142
0.000171151771553142
0.000171151771553142
0.000171151771553142
0.000171153400313691
0.000171153400313691
0.000171153563192513
0.000171153400313691
0.000171153400313691
0.000171153400313691
0.000171153400313691
0.000171153400313691
0.000171153400313691
0.000171153400313691
0.000171153400313691
0.000171153400313691
0.000171153400313691
0.000171153400313691
0.000171153400313691
0.000171153400313691
0.000171278678952311
0.000171278678952311
0.000171278189897234
0.000171278189897234
0.000171278189897234
0.000171278189897234
0.000171278189897234
0.000171278678952311
0.000171278678952311
0.000171278678952311
0.000171278678952311
0.000171278678952311
0.000171278678952311
0.000171278678952311
0.000171278678952311
0.000171278678952311
0.000171278678952311
0.000171278678952311
0.000171278678952311
0.000171154539378456
0.000171154539378456
0.000171152911286943
0.000171152911286943
0.000171152423068537
0.000171152423068537
0.000171152423068537
0.000171152423068537
0.000171152423068537
0.000171152423068537
0.000171152423068537
0.000171152423068537
0.000171153725318721
0.000171153725318721
0.000171153725318721
0.000171152423068537
0.000171152423068537
0.000171152423068537
0.000171124601097598
0.000171124601097598
0.000171124601097598
0.000171124601097598
0.000171124601097598
0.000171124601097598
0.000171124601097598
0.000171124601097598
0.000171126830384198
0.000171126830384198
0.000171126830384198
0.000171126512171667
0.000171126671509645
0.000171126671509645
0.000171126671509645
0.000171126671509645
0.000171126671509645
0.000171126671509645
0.000171127945450042
0.000171127945450042
0.000171127945450042
0.000171127945450042
0.000171127945450042
0.000171127945450042
0.000171127945450042
0.00017112921939044
0.00017112921939044
0.00017112921939044
0.00017112921939044
0.00017112921939044
0.00017112920944454
0.000171127935504142
0.000171127298206901
0.000171127298206901
0.000171126979885323
0.000171126661563744
0.000171125387623347
0.000171125387623347
0.000171125387623347
0.000171125387623347
0.000171125387623347
0.000171125387623347
0.000171125387623347
0.000171125387623347
0.000171125387623347
0.000171125387623347
0.000171125387623347
0.000171125387623347
0.000171125387623347
0.000171125387623347
0.000171125387623347
0.000171125387623347
0.000171125387623347
0.000171125228285369
0.000171125228285369
0.000171125387623347
0.000171125387623347
0.000171125387623347
0.000171125387623347
0.000171125387623347
0.000171125387623347
0.000171125387623347
0.000171125387623347
0.000171125387623347
0.000171140515765367
0.000171127298315877
0.000171127298315877
0.000171125387623347
0.000171125387623347
0.000171125387623347
0.000171125387623347
0.000171125387623347
0.000171125387623347
0.000171125387623347
0.000171125387623347
0.000171125387623347
0.000171125387623347
0.000171125387623347
0.00017112554685225
0.000171125387623347
0.000171125387623347
0.000171125387623347
0.000171125387623347
0.000171125387623347
0.000171125387623347
0.000171125387623347
0.000171125387623347
0.000171125387623347
0.000171125387623347
0.000171125387623347
0.000171125387623347
0.000171125387623347
0.000171125387623347
0.000171125387623347
0.000171125387623347
0.000171125387623347
0.000171126671509645
0.000171126671509645
0.000171126671509645
0.000171126671509645
0.000171126671509645
0.000171126671509645
0.000171126671509645
0.000171126671509645
0.000171126671509645
0.000171126671509645
0.000171126671509645
0.000171126671509645
0.000171126671509645
0.000171126671509645
0.000171126671509645
0.000171126671509645
0.000171126671509645
0.000171126671509645
0.000171126671509645
0.000171126671509645
0.000171126671509645
0.000171126671509645
0.000171126671509645
0.000171126671509645
0.000171126671509645
0.000171126671509645
0.000171126671509645
0.000171126671509645
0.000171126671509645
0.000171126671509645
0.000171127945450042
0.000171127945450042
0.000171127945450042
0.000171126671509645
0.000171126671509645
0.000171126671509645
0.000171126671509645
0.000171126671509645
0.000171126671509645
0.000171126671509645
0.000171126671509645
0.000171126671509645
0.000171126671509645
0.000171126671509645
0.000171125397569247
0.000171125397569247
0.000171125397569247
0.000171125397569247
0.000171125397569247
0.000171125397569247
0.000171125397569247
0.000171125397569247
0.000171125397569247
0.000171125397569247
0.000171125397569247
0.000171125397569247
0.000171125397569247
0.000171125397569247
0.000171125397569247
0.000171125397569247
0.000171125397569247
0.000171125397569247
0.000171125397569247
0.000171125397569247
0.000171125397569247
0.000171125397569247
0.000171125397569247
0.000171125397569247
0.000171125397569247
0.000171125397569247
0.000171125397569247
0.000171125397569247
0.000171125397569247
0.000171125397569247
0.000171125397569247
0.000171125397569247
0.000171125397569247
0.000171125397569247
0.000171125397569247
0.000171125397569247
0.000171125397569247
0.000171125397569247
0.000171125397569247
0.000171125397569247
0.000171125397569247
0.000171125397569247
0.000171125397569247
0.000171125397569247
0.000171125397569247
0.000171125397569247
0.000171125397569247
0.000171125397569247
0.000171125397569247
0.000171125397569247
0.000171125397569247
0.000171125397569247
0.000171126792359248
0.000171126792359248
0.000171126792359248
0.000171126792359248
0.000171126792359248
0.000171126792359248
0.000171126792359248
0.000171126792359248
0.000171126792359248
0.000171126792359248
0.000171126792359248
0.000171126792359248
0.000171126792359248
0.00017112647048455
0.00017112647048455
0.00017112647048455
0.000171226404051547
0.000171227691991289
0.000171227691991289
0.00017112647048455
0.00017112647048455
0.00017112647048455
0.000171128402063528
0.000171125504364425
0.000171125504364425
0.000171126470153857
0.000171126148113834
0.000171125826294217
0.000171127758424293
0.000171213984859453
0.00017121784867868
0.00017121784867868
0.000171191809342405
0.000171191809342405
0.000171191809342405
0.000171191809342405
0.000171191809342405
0.000171191809342405
0.000171192131272197
0.000171191809342405
0.000171191809342405
0.000171191809342405
0.000171191487522787
0.000171191487522787
0.000171191487522787
0.000171191487522787
0.000171191487522787
0.000171191487522787
0.000171191487522787
0.000171191487522787
0.000171191487522787
0.00017121656062865
0.000171217204929271
0.000171191819628352
0.000171216882778961
0.000171191497588315
0.000171190521733355
0.000171190521733355
0.000171190531798883
0.000171190521733355
0.000171190521733355
0.000171190521733355
0.000171190521733355
0.000171190521733355
0.000171190521733355
0.000171190521733355
0.000171190521733355
0.000171190521733355
0.000171215594839218
0.000171215916989529
0.000171190521733355
0.000171190521733355
0.000171190521733355
0.000171190521733355
0.000171190521733355
0.000171190521733355
0.000171190521733355
0.000171190521733355
0.000171190521733355
0.000171190521733355
0.000171190521733355
0.000171190521733355
0.000171190521733355
0.000171190521733355
0.00017124035416523
0.000171240998576195
0.000171240998576195
0.000171240998576195
0.000171240998576195
0.000171240998576195
0.000171240998576195
0.000171240998576195
0.000171240998576195
0.000171240998576195
0.000171240998576195
0.000171240998576195
0.000171262212394865
0.000171262212394865
0.000171262212394865
0.000171262212394865
0.000171262212394865
0.000171262212394865
0.000171262212394865
0.000171262212394865
0.000171262212394865
0.000171262212394865
0.000171262212394865
0.000171262212394865
0.000171262212394865
0.000171262212394865
0.000171262212394865
0.000171262212394865
0.000171262212394865
0.000171262212394865
0.000171262212394865
0.000171262212394865
0.000171262212394865
0.000171262212394865
0.000171262371814722
0.000171262212394865
0.000171262212394865
0.000171262531261887
0.000171262531261887
0.000171262212394865
0.000171262212394865
0.000171262212394865
0.000171262212394865
0.000171262212394865
0.000171262531261887
0.000171262212394865
0.000171262212394865
0.000171262212394865
0.000171266145048701
0.000171288296330185
0.000171288296330185
0.000171288296330185
0.000171855645743793
0.000171288296330185
0.000171263168995933
0.000171262212394865
0.000171262531261887
0.000171262531261887
0.000171262212394865
0.000171262212394865
0.000171262212394865
0.000171262212394865
0.000171262212394865
0.000171262212394865
0.000171262212394865
0.000171262212394865
0.000171262212394865
0.000171262212394865
0.000171262212394865
0.000171262212394865
0.000171262212394865
0.000171262212394865
0.000171262212394865
0.000171262212394865
0.000171262212394865
0.000171262212394865
0.000171262212394865
0.000171262212394865
0.000171262212394865
0.000171262212394865
0.000171262212394865
0.000171262212394865
0.000171262212394865
0.000171262212394865
0.000171262212394865
0.000171262212394865
0.000171262212394865
0.000171262212394865
0.000171262212394865
0.000171262212394865
0.000171262212394865
0.000171262212394865
0.000171262212394865
0.000171262212394865
0.000171262212394865
0.000171262212394865
0.000171262212394865
0.000171263328470412
0.000171262531261887
0.000171262212394865
0.000171262212394865
0.000171262212394865
0.000171262212394865
0.000171262212394865
0.000171262212394865
0.000171262212394865
0.000171262212394865
0.000171262212394865
0.000171262212616263
0.000171262212616263
0.000171262212616263
0.000171262212616263
0.000171262212616263
0.000171262212616263
0.000171262212616263
0.000171262212616263
0.000171262212616263
0.000171262212616263
0.000171262212616263
0.000171262212616263
0.00017126253856922
0.00017126253856922
0.00017126253856922
0.000171262212616263
0.000171262212616263
0.000171262212616263
0.000171262212616263
0.000171262212616263
0.000171262212616263
0.000171262212616263
0.000171262212616263
0.000171262212616263
0.000171262212616263
0.000171262212616263
0.000171262212616263
0.000171262212616263
0.000171262212616263
0.000171262212616263
0.000171262212616263
0.000171262212616263
0.000171262212616263
0.000171262212616263
0.000171262212616263
0.000171262212616263
0.000171262212616263
0.000171262212616263
0.000171262212616263
0.000171266451596685
0.000171263679446446
0.000171263679446446
0.000171262864522176
0.000171262864522176
0.000171262212616263
0.000171262212616263
0.000171262212616263
0.000171262212616263
0.000171262202431923
0.000171262202431923
0.000171262202431923
0.000171262202431923
0.000171262202431923
0.000171262202431923
0.000171245160181701
0.000171242716385684
0.000171242390544355
0.000171242390544355
0.000171242390544355
0.000171242390544355
0.000171242390544355
0.000171242390544355
0.000171242390544355
0.000171242390544355
0.000171242390544355
0.000171242390544355
0.000171242390544355
0.000171242390544355
0.000171242064703027
0.000171242064703027
0.000171242064703027
0.000171242064703027
0.000171242064703027
0.000171242064703027
0.000171242064703027
0.000171242064703027
0.000171242064703027
0.000171242064703027
0.000171242064703027
0.000171242064703027
0.000171242064703027
0.000171242064703027
0.000171242064703027
0.000171242064703027
0.000171242064703027
0.000171242064703027
0.000171242064703027
0.000171242064703027
0.000171242064703027
0.000171242064703027
0.000171265472145829
0.000171265472145829
0.000171265472145829
0.000171265472145829
0.000171265472145829
0.000171265472145829
0.000171266124051742
0.000171266124051742
0.000171265798098785
0.000171265798098785
0.000171266124051742
0.000171266124051742
0.000171266124051742
0.000171266124051742
0.000171266124051742
0.000171266124051742
0.000171266124051742
0.000171266124051742
0.000171266124051742
0.000171266124051742
0.000171266124051742
0.000171266113867402
0.000171266113867402
0.000171263343253314
0.000171263017300358
0.000171262365394445
0.000171281868192068
0.000171262365394445
0.000171262365394445
0.000171262365394445
0.000171262365394445
0.000171262365394445
0.000171262365394445
0.000171262365394445
0.000171262365394445
0.000171262365394445
0.000171262365394445
0.000171262365394445
0.000171262365394445
0.000171262365394445
0.000171262365394445
0.000171262202431923
0.000171262202431923
0.000171262202431923
0.000171262202431923
0.000171262202431923
0.000171262202431923
0.000171262202431923
0.000171262202431923
0.000171262202431923
0.000171262202431923
0.000171262202431923
0.000171262202431923
0.000171262202431923
0.000171262202431923
0.000171262202431923
0.000171262202431923
0.000171262202431923
0.000171262202431923
0.000171262419721488
0.000171262202431923
0.000171262202431923
0.000171262202431923
0.000171262202431923
0.000171262202431923
0.000171262202431923
0.000171262202431923
0.000171262202431923
0.000171262202431923
0.000171262202431923
0.000171262202431923
0.000171262202431923
0.000171262202431923
0.000171262202431923
0.000171262202431923
0.000171262202431923
0.000171262202431923
0.000171262202431923
0.000171262202431923
0.00017126252838488
0.000171262202431923
0.000171262202431923
0.000171262202431923
0.000171262202431923
0.000171262202431923
0.000171262202431923
0.000171262202431923
0.000171262202431923
0.000171262202431923
0.000171262202431923
0.000171262202431923
0.000171262202431923
0.000171262202431923
0.000171262202431923
0.000171262202431923
0.000171262202431923
0.000171262202431923
0.000171262202431923
0.000171262202431923
0.000171262202431923
0.000171262202431923
0.000171262202431923
0.000171262531261887
0.000171262531261887
0.000171262531261887
0.000171262531261887
0.000171262531261887
0.000171262531261887
0.000171262531261887
0.000171262531261887
0.000171262531261887
0.000171262531261887
0.000171262531261887
0.000171262531261887
0.000171262531261887
0.000171262531261887
0.000171262531261887
0.000171262531261887
0.000171262531261887
0.000171262531261887
0.000171262531261887
0.000171262531261887
0.000171262531261887
0.000171262531261887
0.000171239474321383
0.000171239155563561
0.000171239155563561
0.000171239155563561
0.000171239155563561
0.000171239155563561
0.000171239155563561
0.000171239155563561
0.000171238677385882
0.000171238677385882
0.00017123835862806
0.00017123835862806
0.00017123835862806
0.00017123835862806
0.00017123835862806
0.00017123835862806
0.00017123835862806
0.000171238039870238
0.000171238039870238
0.000171238039870238
0.000171238039870238
0.000171238039870238
0.000171238039870238
0.000171238039870238
0.000171238039870238
0.000171238039870238
0.000171238039870238
0.000171238039870238
0.000171238039870238
0.000171238039870238
0.000171238039870238
0.000171238039870238
0.000171238039870238
0.000171238039870238
0.000171238039870238
0.000171238039870238
0.000171238039870238
0.000171238039870238
0.000171238039870238
0.000171238039870238
0.000171238039870238
0.000171238039870238
0.000171238039870238
0.000171238039870238
0.000171238039870238
0.000171238039870238
0.000171238039870238
0.000171238039870238
0.000171238039870238
0.000171238039870238
0.000171238039870238
0.000171238039870238
0.000171238039870238
0.000171238039870238
0.000171238039870238
0.000171238039870238
0.000171238039870238
0.000171238039870238
0.000171238039870238
0.000171238039870238
0.000171238039870238
0.000171238039870238
0.000171238039870238
0.000171238039870238
0.000171238039870238
0.000171238039870238
0.000171238039870238
0.000171238039870238
0.000171238039870238
0.000171238039870238
0.000171238039870238
0.000171238039870238
0.000171238039870238
0.000171238039870238
