3.07360712769493e-05
3.07360712769493e-05
3.07360712769493e-05
3.07360712769493e-05
3.07360712769493e-05
3.07360712769493e-05
3.07360712769493e-05
3.07360712769493e-05
3.07360712769493e-05
3.07360712769493e-05
3.07360712769493e-05
3.07360712769493e-05
3.07360712769493e-05
3.07360712769493e-05
3.07360712769493e-05
3.07360712769493e-05
3.07360712769493e-05
3.07360712769493e-05
3.07360712769493e-05
3.07360712769493e-05
3.07360712769493e-05
3.07360712769493e-05
3.07360712769493e-05
3.07360712769493e-05
3.07360712769493e-05
3.07360712769493e-05
3.07360712769493e-05
3.07360712769493e-05
3.07360712769493e-05
3.07360712769493e-05
3.07360712769493e-05
3.07360712769493e-05
3.07360712769493e-05
3.07360712769493e-05
3.84200890961866e-05
3.84200890961866e-05
3.84200890961866e-05
3.84200890961866e-05
3.84200890961866e-05
3.84200890961866e-05
3.84200890961866e-05
3.84200890961866e-05
3.07360712769493e-05
3.07360712769493e-05
3.07360712769493e-05
3.07360712769493e-05
3.07360712769493e-05
3.07360712769493e-05
3.07360712769493e-05
3.07360712769493e-05
3.07360712769493e-05
3.07360712769493e-05
3.07360712769493e-05
3.07360712769493e-05
3.07360712769493e-05
3.07360712769493e-05
3.07360712769493e-05
3.07360712769493e-05
3.07360712769493e-05
3.07360712769493e-05
3.07360712769493e-05
3.07360712769493e-05
3.07360712769493e-05
3.07360712769493e-05
3.07360712769493e-05
3.07360712769493e-05
3.07360712769493e-05
3.07360712769493e-05
3.07360712769493e-05
3.07360712769493e-05
3.07360712769493e-05
3.07360712769493e-05
3.07360712769493e-05
3.07360712769493e-05
3.07360712769493e-05
3.07360712769493e-05
3.07360712769493e-05
3.07360712769493e-05
3.07465847270184e-05
3.07360712769493e-05
3.07360712769493e-05
3.07360712769493e-05
3.07360712769493e-05
3.07360712769493e-05
3.07360712769493e-05
3.07360712769493e-05
3.07360712769493e-05
3.07360712769493e-05
3.07360712769493e-05
3.07360712769493e-05
3.07360712769493e-05
3.07360712769493e-05
3.07360712769493e-05
3.07360712769493e-05
3.07360712769493e-05
3.07360712769493e-05
3.07360712769493e-05
3.07360712769493e-05
3.07360712769493e-05
3.07360712769493e-05
3.07360712769493e-05
3.07360712769493e-05
3.07360712769493e-05
3.07360712769493e-05
3.07360712769493e-05
3.07360712769493e-05
3.07360712769493e-05
3.07360712769493e-05
3.07360712769493e-05
3.07360712769493e-05
3.07360712769493e-05
3.07360712769493e-05
3.07360712769493e-05
3.07360712769493e-05
3.07360712769493e-05
3.07360712769493e-05
3.07360712769493e-05
3.27242138007634e-05
3.07360712769493e-05
3.07360712769493e-05
3.07360712769493e-05
3.07360712769493e-05
3.07360712769493e-05
3.07360712769493e-05
3.07703043926621e-05
3.07360712769493e-05
3.07360712769493e-05
3.07360712769493e-05
3.07360712769493e-05
3.07360712769493e-05
3.07360712769493e-05
3.0741327103091e-05
3.0741327103091e-05
3.0741327103091e-05
3.0741327103091e-05
3.0741327103091e-05
3.0741327103091e-05
3.0741327103091e-05
3.0741327103091e-05
3.0741327103091e-05
3.0741327103091e-05
3.0741327103091e-05
3.0741327103091e-05
3.0741327103091e-05
3.0741327103091e-05
3.0741327103091e-05
3.0741327103091e-05
3.0741327103091e-05
3.0741327103091e-05
3.0741327103091e-05
3.0741327103091e-05
3.0741327103091e-05
3.0741327103091e-05
3.0741327103091e-05
3.0741327103091e-05
3.0741327103091e-05
3.0741327103091e-05
3.0741327103091e-05
3.0741327103091e-05
3.0741327103091e-05
3.0741327103091e-05
3.0741327103091e-05
3.0741327103091e-05
3.0741327103091e-05
3.0741327103091e-05
3.0741327103091e-05
3.0741327103091e-05
3.0741327103091e-05
3.0741327103091e-05
3.0741327103091e-05
3.0741327103091e-05
3.0741327103091e-05
3.0741327103091e-05
3.0741327103091e-05
3.0741327103091e-05
3.0741327103091e-05
3.0741327103091e-05
3.0741327103091e-05
3.0741327103091e-05
3.0741327103091e-05
3.0741327103091e-05
3.0741327103091e-05
3.0741327103091e-05
3.0741327103091e-05
3.0741327103091e-05
3.0741327103091e-05
3.0741327103091e-05
3.0741327103091e-05
3.0741327103091e-05
3.0741327103091e-05
3.0741327103091e-05
3.0741327103091e-05
3.0741327103091e-05
3.0741327103091e-05
3.0741327103091e-05
3.0741327103091e-05
3.0741327103091e-05
3.0741327103091e-05
3.0741327103091e-05
3.0741327103091e-05
3.0741327103091e-05
3.0741327103091e-05
3.0741327103091e-05
3.0741327103091e-05
3.0741327103091e-05
3.0741327103091e-05
3.0741327103091e-05
3.0741327103091e-05
3.0741327103091e-05
3.0741327103091e-05
3.0741327103091e-05
3.0741327103091e-05
3.0741327103091e-05
3.0741327103091e-05
3.0741327103091e-05
3.0741327103091e-05
3.0741327103091e-05
3.0741327103091e-05
3.0741327103091e-05
3.0741327103091e-05
3.07623683947427e-05
3.07623683947427e-05
3.07623683947427e-05
3.07623683947427e-05
3.07623683947427e-05
3.07623683947427e-05
3.07623683947427e-05
3.07623683947427e-05
3.84529604934284e-05
3.84529604934284e-05
3.84529604934284e-05
3.07623683947427e-05
2.49944243207285e-05
2.49944243207285e-05
2.49944243207285e-05
2.49944243207285e-05
2.49944243207285e-05
2.49944243207285e-05
2.49944243207285e-05
2.49944243207285e-05
2.49944243207285e-05
2.49944243207285e-05
2.49944243207285e-05
3.84529604934284e-05
3.84529604934284e-05
3.84529604934284e-05
3.84529604934284e-05
3.84529604934284e-05
3.84529604934284e-05
3.84529604934284e-05
0.000103823980571294
0.000103823980571294
0.000103823980571294
0.000103823980571294
0.000103841749691306
0.000103841749691306
0.000103841749691306
0.000103833194013822
0.000103823980571294
0.000103823980571294
0.000103823980571294
0.000103823980571294
0.000103823980571294
0.000103823980571294
0.000103825296777369
0.000103823980571294
0.000103823980571294
0.000103823980571294
0.000103823980571294
0.000103823980571294
0.000103823980571294
0.000103823980571294
0.000103841749691306
0.000103841749691306
0.000103841749691306
0.000103840433485231
0.000103840433485231
0.000103840433485231
0.000103840433485231
0.000103840433485231
0.000103840433485231
0.000103840433485231
0.000103840433485231
0.000103844383004659
0.000103841749691306
0.000111533657996067
0.000103840433485231
0.000103840433485231
0.000107688362172025
0.000107706795929082
0.000107688362172025
0.000107688362172025
0.000107688362172025
0.000107688362172025
0.000107688362172025
0.000107688362172025
0.000107688362172025
0.000107688362172025
0.000107688362172025
0.000107688362172025
0.000107688362172025
0.000107688362172025
0.000107688362172025
0.000107688362172025
0.000107688362172025
0.000107688362172025
0.000107688362172025
0.000107688362172025
0.000107688362172025
0.000107688362172025
0.000107688362172025
0.000107688362172025
0.000107688362172025
0.000107688362172025
0.000107688362172025
0.000107669934723674
0.000107669934723674
0.000107669934723674
0.000107670263859674
0.000107670263859674
0.000107670263859674
0.000107670263859674
0.000107670263859674
0.000107670263859674
0.000107670593052013
0.000107670593052013
0.000107670593052013
0.000107670593052013
0.000107670593052013
0.000107670593052013
0.000107670593052013
0.000107670593052013
0.000107670593052013
0.000146123553545441
0.000146123553545441
0.000146123553545441
0.000146124870878482
0.000146130138407317
0.000146155149366435
0.000146136722142227
0.000146136722142227
0.000146135405936152
0.000146137053871832
0.000146137383628364
0.000146140023715801
0.000146139693506871
0.000146139693506871
0.000146139693506871
0.000146139693506871
0.000146139693506871
0.000146139033258797
0.000146139033258797
0.000146137713441394
0.000146137713441394
0.000146137713441394
0.000146139033258797
0.000146139033258797
0.000146139363354541
0.000146137713441394
0.000146137713441394
0.00014613507651831
0.00014613507651831
0.00014613507651831
0.000146184780795191
0.000146164039138413
0.000146164039138413
0.000146161076350806
0.000146159759694129
0.000146159759694129
0.000146159759694129
0.000146159759694129
0.000146158442361088
0.000146158442361088
0.000146158442361088
0.000146158442361088
0.000146183133705908
0.000146159759017765
0.000146159759017765
0.000146158442361088
0.000146158442361088
0.000146158442361088
0.000146158442361088
0.000146158442361088
0.000146158442361088
0.000164301114530736
0.000164301114530736
0.000164301114530736
0.000164301114530736
0.000164301114530736
0.000164301114530736
0.000164302677765945
0.000164302286856772
0.000164302286856772
0.000164302286856772
0.000164302286856772
0.000164302286856772
0.000164302286856772
0.000164302286856772
0.000164302286856772
0.000164302677765945
0.000164302677765945
0.000164302677765945
0.000164302677765945
0.000164301114530736
0.000164301114530736
0.000164322988720754
0.00016430072388916
0.00016430072388916
0.000164303848754339
0.00016430228632175
0.000164291742608731
0.000164275733523141
0.000164275733523141
0.000164274171625265
0.000164276124298481
0.000164275733523141
0.000164274171625265
0.000164274171625265
0.000164275733523141
0.000164275733523141
0.000164278857318894
0.000164277295421018
0.000164300724958896
0.000164275733523141
0.000164275733523141
0.000164274171625265
0.000164274171625265
0.000164272609192641
0.000164275732988394
0.000164272609192641
0.000164272609192641
0.000164272609192641
0.000164272609192641
0.000164272609192641
0.000164272609192641
0.000164272609192641
0.000164272609192641
0.000164272609192641
0.000164272609192641
0.000164272609192641
0.000164272609192641
0.000164272609192641
0.000164272609192641
0.000164272609192641
0.000164272609192641
0.00016427573512814
0.000164275344152025
0.000164275344152025
0.000164275344152025
0.000164275344152025
0.00016427573512814
0.000164276126171215
0.000164276126171215
0.00016427769101345
0.00016427769101345
0.00016427769101345
0.00016427769101345
0.00016427769101345
0.00016427769101345
0.00016427769101345
0.00016427769101345
0.000164274171625265
0.00016427573512814
0.000164278858923893
0.000164278858923893
0.000164305413327774
0.000164303459785134
0.000164275344152025
0.000164303459785134
0.000164301896014525
0.000164301896014525
0.00016432963036337
0.000164301896014525
0.000164301896014525
0.000164301896014525
0.000164301896014525
0.000164301896014525
0.000164301896014525
0.000164301896014525
0.000164301896014525
0.000159753207003027
0.000159753207003027
0.000159805309277672
0.000159753858462544
0.000159753858462544
0.000159727169240554
0.000159727169240554
0.000159727169240554
0.000159727820477045
0.000159727820477045
0.000159727820477045
0.000159727820477045
0.000159727820477045
0.000159727820477045
0.000159727820477045
0.000159729123619219
0.000159729123619219
0.000159729123619219
0.000159729123619219
0.000159729123619219
0.000159777953660389
0.000159781209398394
0.000159781209398394
0.000159782838019816
0.000159780883305823
0.000159805310839887
0.000159754508807044
0.000159775019610271
0.000159754508807044
0.000167374298998754
0.000167359974023673
0.000167358671550663
0.000167365832867216
0.000167359973577821
0.000167384717447168
0.000167358671550663
0.000167357369523505
0.000167357369523505
0.000167357369523505
0.000167357044044572
0.000167357044044572
0.000167357044044572
0.000167357044044572
0.000167357044044572
0.000167357044044572
0.000167356718621339
0.000167356718621339
0.000167356718621339
0.000167356718621339
0.000167356718621339
0.000167356718621339
0.000167356718621339
0.000167356718621339
0.000159750275964409
0.000159750275964409
0.000159750275964409
0.000159854838061194
0.000159750601387642
0.000159750601387642
0.000159750601387642
0.000159750601387642
0.000159750601387642
0.000159750601387642
0.000159750601387642
0.000159750601387642
0.000159750601387642
0.000159750601387642
0.000159750601387642
0.000159800097376791
0.000159698861812905
0.000159698861812905
0.000159698861812905
0.000159698861812905
0.000159698861812905
0.000152095021873735
0.000159698861812905
0.000159698861812905
0.000159698861812905
0.000159701464530666
0.000159698861812905
0.000159698861812905
0.000159698861812905
0.000159698861812905
0.000159698861812905
0.000159724889884708
0.000159841813329091
0.00015972456451716
0.00015974149711701
0.00015974149711701
0.00015972456451716
0.000161720610216437
0.000161720610216437
0.000161720610216437
0.000161721912689418
0.000161853978990146
0.000161853978990146
0.000159923005112486
0.000159887770904293
0.000159883856340052
0.000159887770904293
0.000159887770904293
0.000159887770904293
0.000159887770904293
0.000159892990621299
0.000159894295326864
0.000159894295326864
0.000159894295326864
0.000159894295326864
0.000159889075609858
0.000159889075609858
0.000159889401925999
0.000159765592775864
0.000159765592775864
0.000159765592775864
0.000159770803560353
0.000159770803560353
0.000159765592775864
0.000159765592775864
0.000159765592775864
0.000159765592775864
0.00015976396454521
0.000159739228698626
0.000159737927117062
0.000159738252540296
0.000159738252540296
0.000159738252540296
0.000159738252540296
0.000159738252540296
0.000159738252540296
0.000159738252540296
0.000159738252540296
0.000159738252540296
0.000159738252540296
0.000159738252540296
0.000159738252540296
0.000159738578019228
0.000159738578019228
0.000159738578019228
0.000159738578019228
0.000159739880492238
0.000167345021567605
0.000167345347325249
0.000159739880492238
0.000159739880492238
0.000167345021567605
0.000159739880492238
0.000167345021567605
0.000167345021567605
0.000159739880492238
0.000159739880492238
0.000159739880492238
0.000159739880492238
0.000159739880492238
0.000159739880492238
0.000159739880492238
0.000159868529433164
0.000159868529433164
0.000159868203452294
0.000159868203452294
0.000159868203452294
0.000159868203452294
0.000159868203452294
0.000159868529433164
0.000159868529433164
0.000159868529433164
0.000159868529433164
0.000159868529433164
0.000159868529433164
0.000159868529433164
0.000159868529433164
0.000159868529433164
0.000159868529433164
0.000159868529433164
0.000159868529433164
0.000159738252540296
0.000159738252540296
0.000159738252540296
0.000159738252540296
0.000159737927117062
0.000159737927117062
0.000159737927117062
0.000159737927117062
0.000159737927117062
0.000159737927117062
0.000159737927117062
0.000159737927117062
0.000159743136117799
0.000159743136117799
0.000159743136117799
0.000159737927117062
0.000159737927117062
0.000159737927117062
0.000156252610978218
0.000156252610978218
0.000156252610978218
0.000156252610978218
0.000156252610978218
0.000156252610978218
0.000156252610978218
0.000156252610978218
0.000156258343491927
0.000156258343491927
0.000156258343491927
0.000156254521888716
0.000156258349605058
0.000156258349605058
0.000156258349605058
0.00015625866893681
0.00015625866893681
0.00015625866893681
0.0001562637646984
0.0001562637646984
0.0001562637646984
0.0001562637646984
0.000156266321324275
0.000156266321324275
0.000156266321324275
0.000156266321324275
0.000156266321324275
0.000156266641149204
0.000156266641149204
0.000156266641149204
0.000156266641149204
0.000156261545387614
0.000156264091960238
0.000156264091960238
0.000156262818673926
0.000156261545387614
0.000156261545387614
0.000156262185202088
0.000156259627260568
0.000156259946811368
0.000156259946811368
0.000156259946811368
0.000156259946811368
0.00015625866893681
0.00015625866893681
0.00015625866893681
0.00015625866893681
0.000156258349605058
0.000156258349605058
0.000156258030328033
0.000156258030328033
0.000156258030328033
0.000156258030328033
0.000156254521888716
0.000156254521888716
0.000156254840564672
0.000156254840564672
0.000156254840564672
0.000156254840564672
0.000156254840564672
0.000156254840564672
0.000156254840564672
0.000156256115814361
0.000156256115814361
0.000156379231683267
0.000156260892681621
0.000156260892681621
0.000156255796920031
0.000156255796920031
0.000156255796920031
0.000156255796920031
0.000156255796920031
0.000156255796920031
0.000156255796920031
0.000156261225562685
0.000156261225562685
0.000156259946811368
0.000156259946811368
0.000156260265269175
0.000156259946811368
0.000156259946811368
0.000156259946811368
0.000156259627260568
0.000156259627260568
0.000156259627260568
0.000156259627260568
0.000156259627260568
0.000156259627260568
0.000156259627260568
0.000156259627260568
0.000156259627260568
0.000156259307764551
0.000156259307764551
0.000156259307764551
0.000156259307764551
0.000156259307764551
0.000156259307764551
0.000156259307764551
0.000156259307764551
0.000156259307764551
0.000156259307764551
0.000156259307764551
0.000156259307764551
0.000156260266416966
0.000156255159295201
0.000156255159295201
0.000156255478080316
0.000156255478080316
0.000156255478080316
0.000156255478080316
0.000156255478080316
0.000156255478080316
0.000156255478080316
0.000156255796920031
0.000156255796920031
0.000156255796920031
0.000156255796920031
0.000156255796920031
0.000156255796920031
0.000156255796920031
0.000156255796920031
0.000156255796920031
0.000156255796920031
0.000156255796920031
0.000156257072825179
0.000156257072825179
0.000156257072825179
0.000156257072825179
0.000156257072825179
0.000156257072825179
0.000156256753766921
0.000156256753766921
0.000156256753766921
0.000156256753766921
0.000156256753766921
0.000156256753766921
0.000156256753766921
0.000156256753766921
0.00015626186526741
0.00015626186526741
0.000156260586077376
0.000156260586077376
0.000156260586077376
0.000156259307764551
0.000156259307764551
0.000156259307764551
0.000156259627260568
0.000156259627260568
0.000156259627260568
0.000156259627260568
0.000156259627260568
0.000156259627260568
0.000156259627260568
0.000156259627260568
0.000156259627260568
0.000156259627260568
0.000156259627260568
0.000156259627260568
0.000156259627260568
0.000156263785699204
0.000156264105963471
0.000156264105963471
0.000156264105963471
0.000156264105963471
0.000156264105963471
0.000156264105963471
0.000156264105963471
0.000156264105963471
0.000156264105963471
0.000156264105963471
0.000156258349605058
0.000156258349605058
0.000156258349605058
0.000156258349605058
0.000156258349605058
0.000156258349605058
0.000156258030328033
0.000156258030328033
0.000156258030328033
0.000156258030328033
0.000156258030328033
0.00020586187223332
0.00020586187223332
0.00020586187223332
0.00020586187223332
0.00020586187223332
0.00020586187223332
0.00020586187223332
0.00020586187223332
0.000156258030328033
0.000156258030328033
0.000156258030328033
0.000165496719636945
0.000165496719636945
0.000165496396906696
0.000165496396906696
0.000173017965003212
0.000173016674635071
0.000173016674635071
0.000173016674635071
0.000173017965003212
0.000173017965003212
0.000173017965003212
0.000173017965003212
0.000165496396906696
0.000165494143644353
0.000165494143644353
0.000165494143644353
0.000165597205756924
0.000165597205756924
0.000165597205756924
0.000165494143644353
0.000165494143644353
0.000165494143644353
0.000165500584445943
0.000165495434676008
0.000165495434676008
0.000165495434676008
0.000165495434676008
0.000165496726593145
0.000165508322914614
0.000165584322850294
0.000165589474609264
0.000165589474609264
0.000165563698492604
0.000165563698492604
0.000165564021943048
0.000165564021943048
0.000165565316299961
0.000165565316299961
0.000165565640028045
0.000165565640028045
0.000165564345448992
0.000165564345448992
0.000165561758954629
0.000165562082072376
0.000165562082072376
0.000165562082072376
0.000165562082072376
0.000165562082072376
0.000165562082072376
0.000165562082072376
0.000165562082072376
0.00016558753440581
0.00016558753440581
0.000165562082072376
0.00016558753440581
0.000165561758954629
0.000165562082072376
0.000165562082072376
0.000165562405245537
0.000165562405245537
0.000165562405245537
0.000165562405245537
0.000165562405245537
0.000165562405245537
0.000165562082072376
0.000165562082072376
0.000165562082072376
0.000165562082072376
0.00016558753440581
0.00016558753440581
0.000165561758954629
0.000165561758954629
0.000165561435892281
0.000165561435892281
0.000165561112885318
0.000165561112885318
0.000165561758954629
0.000165561758954629
0.000165561758954629
0.000165561758954629
0.000165561758954629
0.000165561758954629
0.000165561435892281
0.000165561435892281
0.000165612995402268
0.000165612995402268
0.000165612995402268
0.000165612995402268
0.000165612995402268
0.000165612995402268
0.000165612995402268
0.000165612995402268
0.000165612672173679
0.000165612672173679
0.000165612995402268
0.000165612995402268
0.0001638278283783
0.0001638278283783
0.0001638278283783
0.0001638278283783
0.0001638278283783
0.000163826869232581
0.000163826869232581
0.000163826869232581
0.000163826869232581
0.000163826869232581
0.000163826869232581
0.000163825910580165
0.000163825910580165
0.000163825910580165
0.000163825591138917
0.000163825910580165
0.000163825910580165
0.000163825910580165
0.000163825910580165
0.000163825910580165
0.000163826230076182
0.000163826230076182
0.000163826230076182
0.000163826230076182
0.000163826230076182
0.000163831334571616
0.000163831334571616
0.000163825910580165
0.000163825910580165
0.000163825910580165
0.000163825910580165
0.000163825591138917
0.000163835807133037
0.000163825591138917
0.000163825591138917
0.000163825591138917
0.000163832926310432
0.000163850784285213
0.000163850784285213
0.000163850784285213
0.000178187650842425
0.000163851423332031
0.000163830057791765
0.000163828780136255
0.000163833565354664
0.000163833565354664
0.000163829738295748
0.000163829738295748
0.000163829738295748
0.000163829738295748
0.000163829738295748
0.000163829738295748
0.000163829738295748
0.000163829738295748
0.000163829738295748
0.000163829738295748
0.000163829738295748
0.000163829099468007
0.0001638294188545
0.0001638294188545
0.0001638294188545
0.0001638294188545
0.0001638294188545
0.0001638294188545
0.0001638294188545
0.0001638294188545
0.000163832615733285
0.000163832615733285
0.000163832295798607
0.000163832615733285
0.000163832615733285
0.000163832615733285
0.000163832615733285
0.000163832615733285
0.000163832615733285
0.000163832615733285
0.000163832615733285
0.000163832615733285
0.000163831336323808
0.000163831336323808
0.000163832615733285
0.000163832615733285
0.000163829738295748
0.000163829738295748
0.000163829738295748
0.000163829738295748
0.00017127592101018
0.00017127592101018
0.00017127592101018
0.00017127592101018
0.00017127592101018
0.00017127592101018
0.00017127592101018
0.00017127592101018
0.00017127592101018
0.000171275601568931
0.000167464854230698
0.000167464854230698
0.000167464854230698
0.000167464854230698
0.000167464854230698
0.000167464854230698
0.000167464854230698
0.000167464854230698
0.000159852222176284
0.000159852222176284
0.000159852222176284
0.000159852222176284
0.000159852222176284
0.000159852222176284
0.000159852222176284
0.000159852222176284
0.000159852222176284
0.000159852222176284
0.000159852222176284
0.000167465180546839
0.00015985352710542
0.00015985352710542
0.00015985352710542
0.00015985385347749
0.00015985385347749
0.00015985385347749
0.00015985385347749
0.00015985385347749
0.00015985385347749
0.000159854179905503
0.000159854179905503
0.000159854179905503
0.00015985385347749
0.00015985385347749
0.00015985352710542
0.00015985352710542
0.00015985352710542
0.00015985352710542
0.00015985352710542
0.000159866574163085
0.000159862658257905
0.000159862658257905
0.000159855808412931
0.000159855808412931
0.000159853200789279
0.000159853200789279
0.000159853200789279
0.000159853200789279
0.000159853200789279
0.000159853200789279
0.000159853200789279
0.000159851896083714
0.000159851896083714
0.000159851570047
0.000163652864794299
0.000163638495792462
0.000163638495792462
0.000163638495792462
0.000163639800051058
0.000163639800051058
0.000163639800051058
0.000163639800051058
0.000163639800051058
0.000163639800051058
0.000159833647405306
0.000159833647405306
0.000159833647405306
0.000159834952558071
0.000159834952558071
0.000159834952558071
0.000159834952558071
0.000159834952558071
0.000159834952558071
0.000159834952558071
0.000159833321256864
0.000159833321256864
0.000159832017221668
0.000159832017221668
0.000159832017221668
0.000159832017221668
0.000159832017221668
0.000159832017221668
0.000159832017221668
0.000159832017221668
0.000159832017221668
0.000159832017221668
0.000159832017221668
0.000159832017221668
0.000159832017221668
0.000159832017221668
0.000159856785294305
0.000159856785294305
0.000159856785294305
0.000159856785294305
0.000159856785294305
0.000159856785294305
0.000159856785294305
0.000159856785294305
0.000159856785294305
0.000159856785294305
0.000159856785294305
0.000159856785294305
0.000159856785294305
0.000159856785294305
0.000159856785294305
0.000159856785294305
0.000159856785294305
0.000159856785294305
0.000159856785294305
0.000159856785294305
0.000159856785294305
0.000159856785294305
0.000159856785294305
0.00015985124406613
0.00015985124406613
0.00015985124406613
0.000159874388877397
0.00015985124406613
0.00015985124406613
0.00015985124406613
0.00015985124406613
0.00015985124406613
0.00015985124406613
0.00015985124406613
0.00015985124406613
0.00015985124406613
0.00015985124406613
0.00015985124406613
0.00015985124406613
0.00015985124406613
0.00015985124406613
0.000159850918141087
0.000159850918141087
0.000159850918141087
0.000159850918141087
0.000159850918141087
0.000159850918141087
0.000159850918141087
0.000159850918141087
0.000159850918141087
0.000159850918141087
0.000159850918141087
0.000159850918141087
0.000159850918141087
0.000159850918141087
0.000159850918141087
0.000159850918141087
0.000159850918141087
0.000159850918141087
0.000159852223741254
0.000159850918141087
0.000159850918141087
0.000159850918141087
0.000159850918141087
0.000159850918141087
0.000159850918141087
0.000159850918141087
0.000159850918141087
0.000159850918141087
0.000159850918141087
0.000159850918141087
0.000159850918141087
0.000159850918141087
0.000159850918141087
0.000159850918141087
0.000159850918141087
0.000159850918141087
0.000159852222176284
0.000159852222176284
0.000159852222176284
0.000159852222176284
0.000159852222176284
0.000159852222176284
0.000159852222176284
0.000159852222176284
0.000159852222176284
0.000159852222176284
0.000159852222176284
0.000159852222176284
0.000159852222176284
0.000159852222176284
0.000159852222176284
0.000159852222176284
0.000159852222176284
0.000159852222176284
0.000159852222176284
0.000159852222176284
0.000159852222176284
0.000159852222176284
0.000159852222176284
0.000159852222176284
0.000159852222176284
0.000160100265225319
0.000160095479788143
0.000160095479788143
0.000160095479788143
0.000160095479788143
0.000160095479788143
0.000160100584283577
0.000160100584283577
0.000160100584283577
0.000160100584283577
0.000160100584283577
0.000160100584283577
0.000160100584283577
0.000160101861063456
0.000160101541786431
0.000160101541786431
0.000160101541786431
0.000160101541786431
0.000160101541786431
0.000160101541786431
0.000160101541786431
0.000160101541786431
0.000160076994456377
0.000160076994456377
0.000160076994456377
0.000160076994456377
0.000160076994456377
0.000160076994456377
0.000160076994456377
0.000160075718332631
0.000160075718332631
0.000160075718332631
0.000160075718332631
0.000160075718332631
0.00016007603728159
0.00016007603728159
0.00016007603728159
0.00016007603728159
0.00016007731362399
0.00016007731362399
0.00016007731362399
0.00016007731362399
0.00016007731362399
0.00016007731362399
0.00016007731362399
0.00016007731362399
0.00016007731362399
0.00016007731362399
0.000160076994456377
0.00016007731362399
0.00016007731362399
0.00016007731362399
0.00016007731362399
0.00016007731362399
0.00016007731362399
0.00016007731362399
0.00016007731362399
0.00016007731362399
0.00016007731362399
0.00016007731362399
0.00016007731362399
0.00016007731362399
0.00016007731362399
0.00016007731362399
0.00016007731362399
0.000160076994456377
0.000160076994456377
0.000160076994456377
0.000237009796834012
0.000237009796834012
0.000244462361261431
0.000244461085137685
0.000244461085137685
0.000244461085137685
0.000244461085137685
0.000244461085137685
0.000244461085137685
0.000244461085137685
0.000244461085137685
0.000244461085137685
0.000244461085137685
0.000244461085137685
0.000244461085137685
0.000244461085137685
0.000244462680429044
0.000244462680429044
0.000244462680429044
0.000244463957646626
0.000244463957646626
0.000244463957646626
0.000244466834590734
0.000244466834590734
0.000244466834590734
0.000244466834590734
0.000244466834590734
0.000244466834590734
