0.00336367223283454
0.00336367223283454
0.00336367223283454
0.00336367223283454
0.00336367223283454
0.00336367223283454
0.00336367223283454
0.00336367223283454
0.00336367223283454
0.00336367223283454
0.00336367223283454
0.00336367223283454
0.00336367223283454
0.00336367223283454
0.00336367223283454
0.00336367223283454
0.00336367223283454
0.00336367223283454
0.00336367223283454
0.00336367223283454
0.00336367223283454
0.00336367223283454
0.00336367223283454
0.00336367223283454
0.00336367223283454
0.00336367223283454
0.00336367223283454
0.00336367223283454
0.00336367223283454
0.00336367223283454
0.00336367223283454
0.00336367223283454
0.00336367223283454
0.00336367223283454
0.00336353478447491
0.00336353478447491
0.00336353478447491
0.00336353478447491
0.00336353478447491
0.00336353498974662
0.00336353498974662
0.00336353478447491
0.00336332722017407
0.00336332722017407
0.00336332722017407
0.00336332722017407
0.00336330143278739
0.00336332722017407
0.00336332722017407
0.00336330143278739
0.00336310972924965
0.00336312866957191
0.00336309638441259
0.00336309638441259
0.00336309658968429
0.00336312189451752
0.00336312189451752
0.00336312189451752
0.00336269284702452
0.00336271781581631
0.00336271781581631
0.00336271781581631
0.00336271781581631
0.00336271781581631
0.00336271781581631
0.00336251899301258
0.00336251899301258
0.00336212761159585
0.00336212761159585
0.00336212761159585
0.00336212761159585
0.00336212761159585
0.00336212761159585
0.00336212761159585
0.00336212761159585
0.00336212761159585
0.00336212761159585
0.00336213366369955
0.00336301868165241
0.00336212761159585
0.00336212761159585
0.00336212761159585
0.00336212761159585
0.00336212761159585
0.00336212761159585
0.00336212761159585
0.00336212761159585
0.00336212761159585
0.00336212761159585
0.00336212761159585
0.00336212761159585
0.00336212761159585
0.00336212761159585
0.00336212761159585
0.00336212761159585
0.00336212761159585
0.00336367223283454
0.00336367223283454
0.00336367223283454
0.00336367223283454
0.00336367223283454
0.00336367223283454
0.00336367223283454
0.00336367223283454
0.00336367223283454
0.00336367223283454
0.00336367223283454
0.00336367223283454
0.00336367223283454
0.00336367223283454
0.00336367223283454
0.00336367223283454
0.00336367223283454
0.00336367223283454
0.00336367223283454
0.00336367223283454
0.00336367223283454
0.00336906604420132
0.00336367243810625
0.00336367243810625
0.00336367223283454
0.00336367223283454
0.00336367223283454
0.00336367223283454
0.00336775020933718
0.00336367223283454
0.00336367223283454
0.00336367223283454
0.00336367223283454
0.00336367223283454
0.00336367223283454
0.00336413135061684
0.00336413792039952
0.00336413792039952
0.00336413792039952
0.00336413792039952
0.00336413792039952
0.00336413792039952
0.00336397434701761
0.00336400042511302
0.00336400042511302
0.00336400042511302
0.00336400042511302
0.00336400042511302
0.00336400042511302
0.00336379279026555
0.00336379279026555
0.00336338420387164
0.00336338420387164
0.003363183181001
0.003363183181001
0.003363183181001
0.003363183181001
0.003363183181001
0.00336278750325034
0.00336278750325034
0.00336278750325034
0.00336278750325034
0.00336278750325034
0.00336278750325034
0.00336259278148186
0.00336240009435716
0.00336240009435716
0.00336220941015207
0.00336220941015207
0.00336220941015207
0.00336220941015207
0.00336183392686764
0.00336183392686764
0.00336183392686764
0.00336183392686764
0.00336183392686764
0.0033614156775193
0.0033614156775193
0.0033614156775193
0.0033614156775193
0.0033614156775193
0.0033614156775193
0.00336136928462754
0.00336136928462754
0.00336136928462754
0.00336136928462754
0.00336136928462754
0.00336136928462754
0.00336136928462754
0.00336136928462754
0.00336136928462754
0.00336136928462754
0.00336136928462754
0.00336136928462754
0.00336136928462754
0.00336136928462754
0.00336424741506185
0.00336424741506185
0.00336424741506185
0.00336424741506185
0.00336424741506185
0.00336424741506185
0.00336424741506185
0.00336424741506185
0.00336424741506185
0.00336424741506185
0.00336424741506185
0.00336424741506185
0.00336424741506185
0.00336424741506185
0.00336424741506185
0.00336424741506185
0.00336424741506185
0.00336424741506185
0.00336424741506185
0.00336424741506185
0.00336424741506185
0.00336424741506185
0.00336424741506185
0.00336424741506185
0.00336424741506185
0.00336424741506185
0.00336424741506185
0.00336410991977535
0.0033655828275827
0.00336595433985727
0.00336595433985727
0.00336595433985727
0.00338519397091127
0.00338519397091127
0.00338519397091127
0.00336596749066455
0.00336595433985727
0.00336595433985727
0.00336595433985727
0.00336595433985727
0.00336595433985727
0.00336595433985727
0.0033657464224633
0.0033657464224633
0.00336554074941292
0.00336554074941292
0.00336554074941292
0.00336554074941292
0.00336554074941292
0.00336554074941292
0.00336554074941292
0.00336554074941292
0.00336554074941292
0.00336554074941292
0.00336554074941292
0.00336554074941292
0.00336554074941292
0.00336554074941292
0.00336554074941292
0.00336533728456171
0.00336533728456171
0.00336533728456171
0.00336558898786483
0.00336559556889521
0.00336559556889521
0.00336529710714218
0.00336493683871845
0.00336493683871845
0.00336473978921608
0.00336454481085317
0.00336454481085317
0.00335592111063537
0.00336071201876154
0.00336262841480735
0.00336454481085317
0.00336454481085317
0.00336454481085317
0.00336454481085317
0.00336454481085317
0.00336454481085317
0.00336500419142707
0.00336500419142707
0.00336500419142707
0.00336499761039669
0.00336499761039669
0.00336499761039669
0.00336499761039669
0.00336499761039669
0.00336499761039669
0.00336499761039669
0.00336499761039669
0.00332188075783662
0.00336308121435088
0.00336308121435088
0.00336499761039669
0.00336308088743972
0.00336712627937879
0.00321850473462348
0.00336712627937879
0.00336712627937879
0.00336712627937879
0.00336712627937879
0.00336712627937879
0.00336712627937879
0.00336712627937879
0.00336712627937879
0.00336712627937879
0.00336698854909707
0.00336698854909707
0.00336698854909707
0.00336698854909707
0.00336698854909707
0.00336698854909707
0.00336698854909707
0.00336698854909707
0.00336678056097636
0.00336678056097636
0.00336678056097636
0.00336678056097636
0.00336678056097636
0.00336678056097636
0.00336678056097636
0.00336678056097636
0.00336609227284537
0.00336609227284537
0.00336609227284537
0.00336609227284537
0.00336609227284537
0.00336609227284537
0.00336590197005492
0.00336588880799416
0.00336568751596966
0.00336568751596966
0.0033654883621509
0.0033654883621509
0.0033654883621509
0.00336548178337237
0.00336548178337237
0.00336548178337237
0.00336529131490038
0.00336529131490038
0.00336529131490038
0.00336529131490038
0.00336529131490038
0.00336467751600112
0.0033647532077096
0.00321594591189346
0.00336292899792672
0.00336292899792672
0.00336484539397254
0.00336482116567892
0.00336483222064212
0.00336483222064212
0.00336483222064212
0.00336483222064212
0.00336483222064212
0.00336483222064212
0.00336483222064212
0.00336483222064212
0.00336483222064212
0.00336483222064212
0.00336483222064212
0.00336481905632836
0.00336481905632836
0.00336481905632836
0.00336481905632836
0.00336481905632836
0.00336481905632836
0.00336481576214994
0.00336481576214994
0.00336443188958561
0.00336531743550148
0.00336491737743392
0.00336491079415054
0.00336489104119954
0.00336488445791615
0.00336483701919891
0.00336483701919891
0.00336483701919891
0.00336481066802629
0.00336481066802629
0.00336481066802629
0.00336481066802629
0.0032226660099452
0.00336289394506931
0.00336289394506931
0.00336481066802629
0.00336481066802629
0.00336481066802629
0.00336481066802629
0.00336481066802629
0.00336481066802629
0.00335463293774181
0.00335463293774181
0.00335463293774181
0.00335463293774181
0.00335463293774181
0.00335463293774181
0.00335466420779999
0.00335466029870826
0.00335466029870826
0.00335466029870826
0.00335466029870826
0.00335466029870826
0.00335466029870826
0.00335466029870826
0.00335466029870826
0.00335466420779999
0.00335466420779999
0.00335466420779999
0.00335466420779999
0.00335463293774181
0.00335443823310057
0.00326461719565039
0.00335442651184692
0.00335442651184692
0.00334987748936237
0.00335215200060465
0.00324482799527021
0.00334909661287721
0.00334909661287721
0.00334340907323468
0.00334885202044571
0.00334884811269231
0.00335112223600001
0.0033533963593077
0.00335112223600001
0.00335087817064689
0.0033463299240315
0.00334860404733919
0.00318267624987074
0.00335087817064689
0.00335087817064689
0.00335315229395459
0.00335315229395459
0.00335287178015654
0.00333469113811124
0.0033526329136208
0.0033526329136208
0.0033526329136208
0.0033526329136208
0.0033526329136208
0.0033526329136208
0.00335239658442254
0.00335239658442254
0.0033522733465508
0.0033522733465508
0.0033522733465508
0.0033522733465508
0.0033522733465508
0.0033522733465508
0.00335203951447466
0.00335203951447466
0.00335209030858354
0.00335209030858354
0.00335209030858354
0.00335209030858354
0.00335209030858354
0.00335209030858354
0.00335209030858354
0.00335209030858354
0.00335209030858354
0.00335209030858354
0.00335209030858354
0.00335209030858354
0.00335185893425955
0.00335185893425955
0.00335185893425955
0.00335185893425955
0.00335184720899195
0.00335185893425955
0.00335187455323831
0.00335187455323831
0.00335243226011838
0.00335243225744481
0.00335185893425955
0.00335242444795543
0.00335241661973872
0.00335241661973872
0.00319003999494686
0.00335241661973872
0.00335241661973872
0.00335241661973872
0.00335241661973872
0.00335241661973872
0.00335241661973872
0.00335241661973872
0.00335241661973872
0.00336790575014437
0.00336790575014437
0.00336878982809887
0.00336791226473954
0.00336791226473954
0.00336744114100254
0.00336744114100254
0.00336744114100254
0.00336744765336744
0.00336744765336744
0.00336744765336744
0.00336744765336744
0.00336728545494297
0.00336728545494297
0.00336728545494297
0.00336729196953814
0.00336729196953814
0.00336729196953814
0.00336729196953814
0.00336729196953814
0.00336802215011954
0.00336814572971425
0.00336815939754605
0.00336626364812169
0.00336815939754605
0.00323028510825814
0.00336576346073758
0.0032409923191316
0.00336555778359598
0.00330332319246925
0.00336365258315774
0.00336362652700589
0.00333204749194714
0.00336173110097066
0.00321915390303506
0.00336342307040024
0.00336531849643547
0.00336531849643547
0.0033672139224707
0.00336720415531647
0.00336721048008104
0.00336720415531647
0.00336721048008104
0.00336720415531647
0.00336720415531647
0.00336719439094834
0.00336720071571291
0.00336719439094834
0.00336719439094834
0.00336719439094834
0.00336720071571291
0.00336719439094834
0.00336722044487079
0.00336722044487079
0.00336722044487079
0.00336722676963535
0.0033690762435549
0.00336723653400348
0.00336723020923891
0.00336723020923891
0.00336723020923891
0.00336723020923891
0.00336723020923891
0.00336723020923891
0.00336723020923891
0.00336720415531647
0.00336720415531647
0.00336720415531647
0.00336801002022476
0.00336634385502915
0.00336634385502915
0.00336634385502915
0.00336634385502915
0.00336634385502915
0.00336614271857045
0.00336614897139716
0.00336614897139716
0.00336614271857045
0.00336615573215925
0.00336614897139716
0.00336614271857045
0.00336614271857045
0.00336614271857045
0.00336614271857045
0.0033666068868387
0.0027196004181148
0.00336659712302742
0.00336664920968997
0.00336664920968997
0.00336659712302742
0.00281214328884314
0.00281214328884314
0.00281214328884314
0.00281214914997156
0.0020751678651796
0.00206567123808211
0.00232667714193963
0.0025078131118118
0.00250780332651877
0.0025078131118118
0.0025078131118118
0.0025078131118118
0.0025078131118118
0.00250783268575058
0.00250785715401146
0.00250785715401146
0.00250785715401146
0.00250785715401146
0.00250783758007269
0.00250783758007269
0.00250784002744375
0.00316741689998036
0.00316741689998036
0.00316741689998036
0.0031674429539028
0.0031672807000351
0.00316725464611266
0.00316725464611266
0.00316725464611266
0.00316725464611266
0.00316721882001947
0.00316677187593376
0.00316676536802594
0.00316677513239407
0.00316677513239407
0.00316677513239407
0.00316677513239407
0.00316677513239407
0.00316677513239407
0.00316677513239407
0.00316677513239407
0.00316677513239407
0.00316656952519336
0.00316656952519336
0.00316656952519336
0.00316647546789605
0.00316647546789605
0.00316647546789605
0.00316647546789605
0.00316629161942706
0.00316629161942706
0.0031662948770035
0.00316629161942706
0.00316629161942706
0.00316629161942706
0.00316629161942706
0.00316629161942706
0.00316629161942706
0.00316629161942706
0.00316629794205812
0.00316629161942706
0.00316629161942706
0.00316629161942706
0.00316629161942706
0.00316629161942706
0.0031685170555428
0.00316854328406367
0.00316853350296214
0.00316853350296214
0.00316853350296214
0.00316853350296214
0.00316853350296214
0.00316854328406367
0.00316854328406367
0.00316854328406367
0.00316854328406367
0.00316854328406367
0.00316854328406367
0.00316854961737306
0.00316854328406367
0.00316834174106052
0.00316834174106052
0.00316834174106052
0.00316834174106052
0.00316569903184945
0.00316528935144983
0.00316526330644615
0.0031650606732788
0.00316505090891067
0.00316505090891067
0.00316505090891067
0.00316505090891067
0.00316505716383565
0.00316505090891067
0.00316505090891067
0.00316505090891067
0.00316507695391436
0.00316507695391436
0.00316507695391436
0.00316505090891067
0.00316505090891067
0.00316505090891067
0.00336854702126755
0.00336854702126755
0.00336854702126755
0.00336854702126755
0.00336854702126755
0.00336854702126755
0.00336854702126755
0.00336854702126755
0.00336859160699955
0.00336859160699955
0.00336859160699955
0.00336858524274892
0.00336858842950848
0.00336858842950848
0.00336858842950848
0.00336842975713672
0.00336842975713672
0.00336842975713672
0.00336845523594467
0.00336845523594467
0.00336845523594467
0.00336845523594467
0.00336845523594467
0.00336845523594467
0.00336845523594467
0.00336848071475262
0.00336848071475262
0.00336848071475262
0.00336848071475262
0.00336848071475262
0.00336848051583462
0.00336845503702666
0.00336844229108183
0.00336844229108183
0.00334981091603844
0.00334960341212792
0.00336802945441929
0.0033679786012961
0.0033679786012961
0.0033679786012961
0.0033677817711683
0.0033677817711683
0.00336758530844417
0.00336757918949583
0.00336738446134169
0.00336738446134169
0.00336739051511405
0.00336739051511405
0.00336719012796206
0.00336719012796206
0.00336719012796206
0.00336699189986357
0.00336699189986357
0.00336698871310401
0.00336679260935218
0.00336679579611174
0.00336679579611174
0.00336679579611174
0.00336679579611174
0.00336679579611174
0.00336679579611174
0.00336679579611174
0.00336679579611174
0.00336679579611174
0.00336713346239092
0.00336683400996235
0.00336683400996235
0.00336679579611174
0.00336678974233938
0.00336659708266688
0.00336659708266688
0.00336659708266688
0.00336659708266688
0.00336640306929482
0.00336640306929482
0.00336640306929482
0.00336640306929482
0.00336640306929482
0.00336640625387289
0.00336640306929482
0.00336640306929482
0.00336640306929482
0.00336635235501976
0.0033659578171084
0.0033659578171084
0.0033659578171084
0.0033659578171084
0.0033659578171084
0.0033659578171084
0.0033659578171084
0.0033659578171084
0.0033659578171084
0.00336596380674058
0.0033659578171084
0.0033659578171084
0.0033659578171084
0.00337974814739082
0.00337974814739082
0.00337974814739082
0.00337974814739082
0.00337974814739082
0.00337974814739082
0.00337974814739082
0.00337974814739082
0.00337974814739082
0.00337974814739082
0.00337974814739082
0.00337974814739082
0.00337974814739082
0.00337974814739082
0.00337974814739082
0.00337974814739082
0.00337974814739082
0.00337974814739082
0.00337974814739082
0.00337974814739082
0.00337974814739082
0.00337974814739082
0.00337974814739082
0.00337974814739082
0.00337960844424425
0.00337960211901224
0.00337960211901224
0.00337960211901224
0.00337960211901224
0.00337960211901224
0.0033796275978202
0.00337942501614772
0.00337942501614772
0.00337939953733977
0.00337939953733977
0.00337939953733977
0.00337939953733977
0.00337939953733977
0.00337938689334658
0.00337938689334658
0.00337939321426507
0.00337939321426507
0.00337939321426507
0.00337939321426507
0.00337916016530459
0.00337895758363212
0.00337876981535262
0.00337875094398207
0.00337774973416346
0.00337774973416346
0.00337755762501331
0.00337755762501331
0.00337696712073743
0.00337696712073743
0.00337658523284753
0.00337658523284753
0.00337621131652481
0.00337584512474846
0.00337548642059948
0.00337548642059948
0.00337435326049841
0.00337400885872937
0.00337383923281134
0.00337383923281134
0.00337383923281134
0.00337383923281134
0.00337383923281134
0.00337383923281134
0.00337383923281134
0.00337383923281134
0.00337367128948147
0.00337350500382789
0.00337312036813948
0.00337312036813948
0.00337243298728861
0.00337238268616293
0.00337238268616293
0.00337238268616293
0.00337175226150652
0.00337175226150652
0.00337144598609016
0.00337144598609016
0.00337144598609016
0.00337129500905511
0.00337129500905511
0.00337129500905511
0.00337129500905511
0.00337129500905511
0.00337114544549727
0.00337099727565926
0.00337099727565926
0.00337099727565926
0.00337099727565926
0.00337099727565926
0.00337085048015017
0.00337085048015017
0.00337928039644
0.00337928039644
0.00337928039644
0.00337928039644
0.00337928039644
0.00337928039644
0.00337928039644
0.00337928039644
0.00337928039644
0.0033790755885953
0.0033790755885953
0.0033790755885953
0.0033788729993867
0.00337846734057537
0.00337846734057537
0.00337826914839544
0.00338008101278852
0.00338010677158337
0.00338010677158337
0.00337827553877457
0.00337827553877457
0.00337827553877457
0.00337831417035412
0.00337805268858028
0.00337803993324009
0.00337807843855891
0.00337806567440702
0.00337805923801468
0.00337808501443745
0.00337968688695627
0.00337973840454598
0.00337973840454598
0.0033792724479637
0.0033792724479637
0.0033792724479637
0.0033792724479637
0.0033792724479637
0.0033792724479637
0.00337928521635132
0.0033792724479637
0.0033792724479637
0.0033792724479637
0.00337885988552351
0.00337885988552351
0.00337845803344544
0.00337806661996944
0.00337806661996944
0.00337728407312264
0.00337728407312264
0.00337728407312264
0.00337728407312264
0.00337776733781464
0.00337777378082085
0.00337690241929281
0.00337719197815818
0.00337670282266581
0.00337629713875048
0.00337629713875048
0.00337553906281636
0.00337553906281636
0.00337555088353202
0.00337480824505358
0.00337479666860832
0.00337479666860832
0.00337479666860832
0.00337479666860832
0.00337480236311102
0.00337479666860832
0.00337527786116588
0.00337528430417209
0.00337479666860832
0.00337479666860832
0.00337443120087103
0.00337443120087103
0.00337443120087103
0.00337443120087103
0.00337443120087103
0.00337443120087103
0.00337443120087103
0.00337443120087103
0.00337443120087103
0.00337443120087103
0.00337443120087103
0.00337443120087103
0.00337532926700486
0.00337534215522417
0.00337534215522417
0.00337534215522417
0.00337534215522417
0.00337530782814816
0.00337530782814816
0.00337530782814816
0.00337530782814816
0.00337530782814816
0.00337531918461494
0.00337530782814816
0.00337311459373984
0.00337311459373984
0.00337311459373984
0.00337311459373984
0.00337311459373984
0.00337311459373984
0.00337311459373984
0.00337311459373984
0.00337311459373984
0.00337311459373984
0.00337311459373984
0.00337311459373984
0.00337311459373984
0.00337311459373984
0.00337311459373984
0.00337311459373984
0.00337311459373984
0.00337311459373984
0.00337311459373984
0.00337311459373984
0.00337311459373984
0.00337311459373984
0.00337311778213699
0.00337311459373984
0.00337311459373984
0.00337312097108029
0.00337312097108029
0.00337311459373984
0.00337299363870125
0.00337299363870125
0.00337299997473638
0.00337299363870125
0.00337299383796007
0.00337299363870125
0.00337299363870125
0.00337299363870125
0.00337306611369635
0.00337345520976694
0.00337345520976694
0.00337345520976694
0.00338351929699778
0.00337345520976694
0.00337299388142823
0.00337276663738143
0.00337276683664026
0.00337276683664026
0.00337236454662967
0.00335374908984359
0.00335295785682984
0.00335295785682984
0.00335295785682984
0.00335256857631456
0.00335256857631456
0.00335257457789515
0.00336018361050854
0.00336018361050854
0.00335979840095137
0.00335941726114967
0.00335941726114967
0.00335941726114967
0.00335866693552302
0.00335866693552302
0.00335866693552302
0.00335866118130386
0.00335866118130386
0.00335866118130386
0.00335866118130386
0.00335866118130386
0.00335866118130386
0.00335866118130386
0.00335866118130386
0.00335866118130386
0.00335829193060375
0.00335829193060375
0.00335829193060375
0.00335829193060375
0.00335829193060375
0.00335829193060375
0.00335829193060375
0.00335824099041073
0.00335824099041073
0.00335824099041073
0.00335824099041073
0.00335824099041073
0.00335824099041073
0.00335824756701001
0.00335824118966956
0.00335824099041073
0.00335824099041073
0.00335824099041073
0.00335824099041073
0.00335824099041073
0.00335824099041073
0.00335824099041073
0.00335824099041073
0.00335824099041073
0.0033700532480484
0.0033700532480484
0.0033700532480484
0.0033700532480484
0.0033700532480484
0.0033700532480484
0.0033700532480484
0.0033700532480484
0.0033700532480484
0.0033700532480484
0.0033700532480484
0.0033700532480484
0.00337005976710753
0.00337005976710753
0.00337005976710753
0.0033700532480484
0.0033700532480484
0.0033700532480484
0.0033700532480484
0.0033700532480484
0.0033700532480484
0.0033700532480484
0.0033700532480484
0.0033700532480484
0.0033700532480484
0.0033700532480484
0.0033700532480484
0.0033700532480484
0.00336992313049505
0.00336992313049505
0.00336992313049505
0.00336992313049505
0.0033697156931674
0.0033697156931674
0.0033697156931674
0.0033697156931674
0.0033697156931674
0.0033697156931674
0.0033697156931674
0.00336976480599805
0.00336973545403159
0.00336973545403159
0.00336972241591333
0.00336972241591333
0.0033697156931674
0.0033697156931674
0.0033697156931674
0.0033697156931674
0.00336922131957562
0.00336922131957562
0.00336881318947194
0.00336881318947194
0.00336801002683786
0.00336801002683786
0.00336671634059847
0.00336669353198445
0.00336669353198445
0.00336669353198445
0.00336669353198445
0.00336669353198445
0.00336669353198445
0.00336669353198445
0.00336669353198445
0.00336669353198445
0.00336669353198445
0.00336669353198445
0.00336669353198445
0.00336669353198445
0.00336668701515788
0.00336668701515788
0.00336668701515788
0.00336668701515788
0.00336668701515788
0.00336592039184604
0.00336592039184604
0.00336592039184604
0.00336592039184604
0.00336592039184604
0.00336592039184604
0.00336586890288836
0.00336586890288836
0.00336586890288836
0.00336576634415041
0.00336576634415041
0.00336576634415041
0.00336576634415041
0.00336576634415041
0.00336576634415041
0.00336576634415041
0.00336576634415041
0.00336621124729915
0.00336621776412573
0.00336621776412573
0.00336621776412573
0.00336621776412573
0.00336621776412573
0.00337012821806569
0.00337012821806569
0.00337012821806569
0.00337012821806569
0.00337012821806569
0.00337012821806569
0.00337012821806569
0.00337012821806569
0.00337012821806569
0.00337012821806569
0.00337012821806569
0.00337012821806569
0.00337012821806569
0.00337012821806569
0.00337012821806569
0.00337012801437889
0.00337012801437889
0.00337007260209713
0.003370066083038
0.00337005304491974
0.00337040757227908
0.00337005304491974
0.00337005304491974
0.00337005304491974
0.00337005304491974
0.00337005304491974
0.00337005304491974
0.00337005304491974
0.00337005304491974
0.00337005304491974
0.00337005304491974
0.00337005304491974
0.00337005304491974
0.00337005304491974
0.00337005304491974
0.00337004978566932
0.00337004978566932
0.00337004978566932
0.00337004978566932
0.00337004978566932
0.00337004978566932
0.00337004978566932
0.00336991987180276
0.00336991987180276
0.0033696877904984
0.0033696877904984
0.0033696877904984
0.0033696877904984
0.00336887031449834
0.00336887031449834
0.00336887031449834
0.00336863988629174
0.00336821499391636
0.00336821499391636
0.00336821499391636
0.00336821499391636
0.00336821499391636
0.00336821499391636
0.00336821499391636
0.00336821499391636
0.00336821499391636
0.00336821499391636
0.00336821499391636
0.00336821499391636
0.00336821499391636
0.00336821499391636
0.00336821499391636
0.00336821499391636
0.00336821499391636
0.00336821499391636
0.00336821499391636
0.00336821499391636
0.00336742880784564
0.00336744112887062
0.00336722137051799
0.00336722137051799
0.00336701618221439
0.00336701618221439
0.00336701618221439
0.0033669144200476
0.0033669144200476
0.0033669144200476
0.0033669144200476
0.0033669144200476
0.0033669144200476
0.0033669144200476
0.0033669144200476
0.0033669144200476
0.0033669144200476
0.0033669144200476
0.0033669144200476
0.0033669144200476
0.0033669144200476
0.0033669144200476
0.0033669144200476
0.0033669144200476
0.00337125623755053
0.00337125623755053
0.00337125623755053
0.00337125623755053
0.00337125623755053
0.00337125623755053
0.00337125623755053
0.00337125623755053
0.00337125623755053
0.00337125623755053
0.00337125623755053
0.00337125623755053
0.00337125623755053
0.00337125623755053
0.00337125623755053
0.00337125623755053
0.00337125623755053
0.00337125623755053
0.00337125623755053
0.00337125623755053
0.00337125623755053
0.00337125623755053
0.00337080434326314
0.0033707979681067
0.00337066135834692
0.00337066135834692
0.00337066135834692
0.00337066135834692
0.00337066135834692
0.00337066135834692
0.00337040893822337
0.00337040893822337
0.00335484649137872
0.00336998887411931
0.00336929453007787
0.00336927001728303
0.00336929453007787
0.00336929453007787
0.00336931907583109
0.00336910984215468
0.00336910984215468
0.00336910984215468
0.00336900813576557
0.00336900813576557
0.00336900813576557
0.00336861079088605
0.00336861079088605
0.00336861079088605
0.00336861079088605
0.0033686169324819
0.0033686169324819
0.0033686169324819
0.0033686169324819
0.0033686169324819
0.0033686169324819
0.0033686169324819
0.0033686169324819
0.0033686169324819
0.0033686169324819
0.00336859243614136
0.00336859243614136
0.00336858631719301
0.00336861080531262
0.00336861080531262
0.0033686169324819
0.00336861079088605
0.00336861079088605
0.00336861079088605
0.00336863532015178
0.00336863532015178
0.00336863532015178
0.00336861077439856
0.00336861077439856
0.00336861077439856
0.00336821743100229
0.00336821743100229
0.00336821743100229
0.00336821743100229
0.00336821743100229
0.00336821743100229
0.00336821743100229
0.00336821743100229
0.00336821743100229
0.00336821743100229
0.00336824811835136
0.00336824811835136
0.00336824811835136
0.00336827270539611
0.00336827270539611
0.00336827270539611
0.0033497158781931
0.0033497158781931
0.0033497158781931
0.0033497158781931
0.0033497158781931
0.00336088323971782
