3.64990846413773e-05
3.64990846413773e-05
3.64990846413773e-05
3.64990846413773e-05
3.64990846413773e-05
3.64990846413773e-05
3.64990846413773e-05
3.64990846413773e-05
3.64990846413773e-05
3.64990846413773e-05
3.4578080186568e-05
3.64990846413773e-05
3.64990846413773e-05
3.4578080186568e-05
3.4578080186568e-05
3.4578080186568e-05
3.4578080186568e-05
3.4578080186568e-05
3.4578080186568e-05
3.4578080186568e-05
3.4578080186568e-05
3.4578080186568e-05
3.4578080186568e-05
3.4578080186568e-05
3.4578080186568e-05
3.4578080186568e-05
3.4578080186568e-05
3.4578080186568e-05
3.4578080186568e-05
3.4578080186568e-05
3.4578080186568e-05
3.4578080186568e-05
0
0
0
0
3.26570757317586e-05
3.26570757317586e-05
3.26570757317586e-05
3.26570757317586e-05
3.26570757317586e-05
3.26570757317586e-05
3.26570757317586e-05
3.26570757317586e-05
3.26570757317586e-05
3.26570757317586e-05
3.26570757317586e-05
3.26570757317586e-05
3.26570757317586e-05
3.26570757317586e-05
3.26570757317586e-05
3.26570757317586e-05
3.26570757317586e-05
3.4578080186568e-05
3.26570757317586e-05
3.26570757317586e-05
3.26570757317586e-05
3.26570757317586e-05
3.26570757317586e-05
3.26570757317586e-05
3.26570757317586e-05
3.26570757317586e-05
3.26570757317586e-05
3.26570757317586e-05
3.26570757317586e-05
3.26570757317586e-05
3.26570757317586e-05
3.26570757317586e-05
3.26570757317586e-05
3.26570757317586e-05
3.26570757317586e-05
3.26570757317586e-05
3.26570757317586e-05
3.26570757317586e-05
3.26570757317586e-05
3.26570757317586e-05
3.26570757317586e-05
3.26570757317586e-05
3.26643037286811e-05
3.26570757317586e-05
3.26570757317586e-05
3.26570757317586e-05
3.26570757317586e-05
3.26570757317586e-05
3.26570757317586e-05
3.26570757317586e-05
3.26570757317586e-05
3.26570757317586e-05
3.26570757317586e-05
3.26570757317586e-05
3.26570757317586e-05
3.26570757317586e-05
3.26570757317586e-05
3.26570757317586e-05
3.26570757317586e-05
3.26570757317586e-05
3.26570757317586e-05
3.26570757317586e-05
3.26570757317586e-05
3.26570757317586e-05
3.26570757317586e-05
3.26570757317586e-05
3.26570757317586e-05
3.26570757317586e-05
3.26570757317586e-05
3.26570757317586e-05
3.26570757317586e-05
3.26570757317586e-05
3.4578080186568e-05
3.4578080186568e-05
3.4578080186568e-05
3.4578080186568e-05
3.4578080186568e-05
3.4578080186568e-05
3.4578080186568e-05
3.4578080186568e-05
3.4578080186568e-05
3.4625471764689e-05
3.4578080186568e-05
3.4578080186568e-05
3.4578080186568e-05
3.4578080186568e-05
3.4578080186568e-05
3.4578080186568e-05
3.46128060781136e-05
3.4578080186568e-05
3.4578080186568e-05
3.4578080186568e-05
3.4578080186568e-05
3.4578080186568e-05
3.4578080186568e-05
3.45820220561743e-05
3.45823505453081e-05
3.45823505453081e-05
3.45823505453081e-05
3.45823505453081e-05
3.45823505453081e-05
3.45823505453081e-05
3.45823505453081e-05
3.45823505453081e-05
3.45823505453081e-05
3.45823505453081e-05
3.45823505453081e-05
3.45823505453081e-05
3.45823505453081e-05
3.07396846574217e-05
3.26610176013649e-05
3.26610176013649e-05
3.26610176013649e-05
3.26610176013649e-05
3.26610176013649e-05
3.26610176013649e-05
3.26610176013649e-05
3.26610176013649e-05
3.26610176013649e-05
3.26610176013649e-05
3.26610176013649e-05
3.26610176013649e-05
3.26610176013649e-05
3.26610176013649e-05
3.26610176013649e-05
3.26610176013649e-05
3.26610176013649e-05
3.26610176013649e-05
3.26610176013649e-05
3.26610176013649e-05
2.68970187695354e-05
2.68970187695354e-05
2.68970187695354e-05
2.68970187695354e-05
2.68970187695354e-05
2.68970187695354e-05
2.68970187695354e-05
2.68970187695354e-05
2.68970187695354e-05
2.68970187695354e-05
2.68970187695354e-05
2.68970187695354e-05
2.68970187695354e-05
2.68970187695354e-05
2.49756858255922e-05
2.49756858255922e-05
2.49756858255922e-05
2.49756858255922e-05
2.49756858255922e-05
2.49756858255922e-05
2.49756858255922e-05
2.49756858255922e-05
2.49756858255922e-05
3.07396846574217e-05
3.07396846574217e-05
3.07396846574217e-05
3.0741327103091e-05
3.0741327103091e-05
3.0741327103091e-05
3.0741327103091e-05
3.0741327103091e-05
3.26626600470342e-05
3.26626600470342e-05
3.26626600470342e-05
3.26626600470342e-05
3.26626600470342e-05
3.26626600470342e-05
3.26626600470342e-05
3.0741327103091e-05
3.0741327103091e-05
3.0741327103091e-05
3.0741327103091e-05
3.0741327103091e-05
3.0741327103091e-05
3.0741327103091e-05
3.0741327103091e-05
3.0741327103091e-05
3.0741327103091e-05
3.0741327103091e-05
3.0741327103091e-05
3.0741327103091e-05
3.0741327103091e-05
3.0741327103091e-05
3.0741327103091e-05
3.07529983461115e-05
3.07557929911016e-05
3.07557929911016e-05
3.07557929911016e-05
3.07557929911016e-05
3.07557929911016e-05
3.07557929911016e-05
3.07557929911016e-05
3.07557929911016e-05
3.07557929911016e-05
3.07557929911016e-05
3.07557929911016e-05
3.07557929911016e-05
3.07557929911016e-05
3.07557929911016e-05
3.07557929911016e-05
3.07557929911016e-05
3.07557929911016e-05
3.07557929911016e-05
3.07557929911016e-05
3.07557929911016e-05
3.07557929911016e-05
3.07557929911016e-05
3.07557929911016e-05
3.07557929911016e-05
3.07557929911016e-05
3.07557929911016e-05
3.07557929911016e-05
3.07557929911016e-05
3.07557929911016e-05
3.07557929911016e-05
3.07557929911016e-05
3.07557929911016e-05
3.07557929911016e-05
3.07590835062901e-05
3.0759412557809e-05
3.0759412557809e-05
3.07563413977858e-05
3.07557929911016e-05
3.07557929911016e-05
3.07557929911016e-05
3.07557929911016e-05
3.07557929911016e-05
3.2678441015773e-05
3.07557929911016e-05
3.07557929911016e-05
3.07557929911016e-05
3.07557929911016e-05
3.07557929911016e-05
3.07557929911016e-05
3.07557929911016e-05
3.2678441015773e-05
3.26823896339992e-05
3.46053667101895e-05
3.46053667101895e-05
3.46053667101895e-05
3.46053667101895e-05
3.0759412557809e-05
3.0759412557809e-05
3.26823896339992e-05
3.26823896339992e-05
3.26823896339992e-05
3.26823896339992e-05
3.26823896339992e-05
3.26823896339992e-05
3.26823896339992e-05
3.46053667101895e-05
3.46053667101895e-05
3.46135873714249e-05
3.26942311010953e-05
3.26906102952347e-05
3.26906102952347e-05
3.26906102952347e-05
3.26906102952347e-05
3.26906102952347e-05
3.26906102952347e-05
3.26906102952347e-05
3.26906102952347e-05
3.26906102952347e-05
3.26906102952347e-05
3.26906102952347e-05
3.26906102952347e-05
3.26906102952347e-05
3.26906102952347e-05
3.26906102952347e-05
3.26906102952347e-05
3.26906102952347e-05
3.26906102952347e-05
3.26906102952347e-05
3.26906102952347e-05
3.26906102952347e-05
3.26906102952347e-05
3.26906102952347e-05
3.26906102952347e-05
3.26906102952347e-05
3.26850164194141e-05
3.26850164194141e-05
3.26850164194141e-05
3.26850164194141e-05
3.26850164194141e-05
3.26850164194141e-05
3.26850164194141e-05
3.26850164194141e-05
3.26850164194141e-05
3.26850164194141e-05
3.26850164194141e-05
3.26850164194141e-05
3.26850164194141e-05
3.26850164194141e-05
3.26850164194141e-05
3.26850164194141e-05
3.26850164194141e-05
3.26850164194141e-05
3.26850164194141e-05
3.26850164194141e-05
3.26850164194141e-05
3.26850164194141e-05
3.26850164194141e-05
3.26902812437158e-05
3.26850164194141e-05
3.26850164194141e-05
3.26850164194141e-05
3.26850164194141e-05
3.26850164194141e-05
3.26850164194141e-05
3.26850164194141e-05
3.26850164194141e-05
3.26850164194141e-05
3.26850164194141e-05
3.26850164194141e-05
3.26850164194141e-05
3.26850164194141e-05
3.26850164194141e-05
3.26850164194141e-05
3.26850164194141e-05
3.26850164194141e-05
3.26850164194141e-05
3.26850164194141e-05
3.26850164194141e-05
3.26850164194141e-05
3.26850164194141e-05
3.26850164194141e-05
3.26850164194141e-05
3.26935728854073e-05
3.26906102952347e-05
3.26906102952347e-05
3.26906102952347e-05
3.26906102952347e-05
3.26906102952347e-05
3.26906102952347e-05
3.26906102952347e-05
3.26906102952347e-05
3.26906102952347e-05
3.26906102952347e-05
2.88446561428541e-05
3.07709248607359e-05
3.46135873714249e-05
3.65365644476152e-05
3.65365644476152e-05
3.65365644476152e-05
7.6919083047611e-06
3.07676332190444e-05
2.88446561428541e-05
6.40992358730092e-06
2.51012607678704e-05
2.51012607678704e-05
3.19470591591078e-05
3.42289919561869e-05
3.42289919561869e-05
3.42289919561869e-05
3.42289919561869e-05
3.42289919561869e-05
3.42289919561869e-05
3.42289919561869e-05
3.42289919561869e-05
3.42289919561869e-05
3.42289919561869e-05
3.42289919561869e-05
3.42289919561869e-05
3.42289919561869e-05
3.42289919561869e-05
3.42289919561869e-05
3.42289919561869e-05
3.42289919561869e-05
3.42289919561869e-05
3.42317262132186e-05
3.42289919561869e-05
3.42289919561869e-05
3.42289919561869e-05
3.42289919561869e-05
3.42266491093726e-05
3.42231348391513e-05
3.42231348391513e-05
3.42231348391513e-05
3.42231348391513e-05
3.42231348391513e-05
3.42231348391513e-05
3.65046771617614e-05
3.42231348391513e-05
3.42231348391513e-05
3.42231348391513e-05
3.42231348391513e-05
3.42286014817178e-05
3.42231348391513e-05
3.42231348391513e-05
3.42231348391513e-05
3.42231348391513e-05
3.42231348391513e-05
3.65046771617614e-05
3.42231348391513e-05
3.42231348391513e-05
3.42231348391513e-05
3.42231348391513e-05
3.42231348391513e-05
3.42231348391513e-05
3.42231348391513e-05
3.42231348391513e-05
3.42231348391513e-05
3.42231348391513e-05
3.42231348391513e-05
3.42231348391513e-05
3.42231348391513e-05
3.42231348391513e-05
3.42231348391513e-05
3.42231348391513e-05
3.42231348391513e-05
3.65046771617614e-05
3.65046771617614e-05
3.65046771617614e-05
3.65046771617614e-05
3.42231348391513e-05
3.19415925165412e-05
3.19415925165412e-05
3.19415925165412e-05
3.19415925165412e-05
3.19415925165412e-05
3.19415925165412e-05
3.19415925165412e-05
3.19415925165412e-05
3.19415925165412e-05
3.19415925165412e-05
3.19415925165412e-05
3.19415925165412e-05
3.19415925165412e-05
3.19415925165412e-05
3.19466686846387e-05
3.19470591591078e-05
3.19415925165412e-05
3.19466686846387e-05
3.19470591591078e-05
3.19470591591078e-05
0
0
3.19470591591078e-05
3.19470591591078e-05
3.19470591591078e-05
3.19470591591078e-05
3.19470591591078e-05
3.19470591591078e-05
3.19470591591078e-05
3.23273812919543e-05
3.23273812919543e-05
3.23351947923723e-05
3.23273812919543e-05
3.23273812919543e-05
3.42231348391513e-05
3.42231348391513e-05
3.42231348391513e-05
3.42231348391513e-05
3.42231348391513e-05
3.42231348391513e-05
3.23218495703095e-05
3.23218495703095e-05
3.23218495703095e-05
3.23218495703095e-05
3.23218495703095e-05
3.23218495703095e-05
3.23218495703095e-05
3.23218495703095e-05
3.42231348391513e-05
3.61322307113601e-05
3.42322472468791e-05
3.42322472468791e-05
3.42322472468791e-05
3.42322472468791e-05
3.42358286018689e-05
3.42270398065246e-05
3.42315962333001e-05
3.42270398065246e-05
3.42276907087049e-05
3.2325429142292e-05
3.2325429142292e-05
3.42270398065246e-05
3.2325429142292e-05
2.28209556161374e-05
1.9016106642326e-06
1.9016106642326e-06
1.9016106642326e-06
1.9016106642326e-06
3.2325429142292e-05
3.2325429142292e-05
3.2325429142292e-05
3.2325429142292e-05
3.2325429142292e-05
3.2325429142292e-05
3.2325429142292e-05
3.2325429142292e-05
3.2325429142292e-05
6.33870221410868e-06
3.04238184780594e-05
3.04238184780594e-05
3.2325429142292e-05
3.2325429142292e-05
3.42270398065246e-05
3.42270398065246e-05
3.42270398065246e-05
3.42452748770641e-05
3.42270398065246e-05
3.42270398065246e-05
3.42270398065246e-05
3.42270398065246e-05
3.42270398065246e-05
3.42270398065246e-05
3.42270398065246e-05
3.42270398065246e-05
3.42270398065246e-05
3.42270398065246e-05
3.42270398065246e-05
3.42345263517992e-05
3.42166293807316e-05
3.42166293807316e-05
3.42166293807316e-05
3.42166293807316e-05
3.42166293807316e-05
3.42166293807316e-05
3.42166293807316e-05
3.42166293807316e-05
3.42166293807316e-05
3.23156693959392e-05
3.42166293807316e-05
3.42166293807316e-05
3.42166293807316e-05
3.42166293807316e-05
3.42166293807316e-05
3.42224842710524e-05
3.42371348655517e-05
3.42224842710524e-05
3.42224842710524e-05
3.42224842710524e-05
3.42224842710524e-05
3.42353957693484e-05
3.61379832883743e-05
3.61379832883743e-05
3.61379832883743e-05
3.61565605283103e-05
3.42536471679556e-05
3.61566610056779e-05
3.42534216923667e-05
3.42534216923667e-05
3.42534216923667e-05
3.42534216923667e-05
3.42534216923667e-05
3.42534216923667e-05
3.42534216923667e-05
3.42534216923667e-05
3.42534216923667e-05
3.42534216923667e-05
3.42534216923667e-05
3.42534216923667e-05
3.42534216923667e-05
3.42534216923667e-05
3.42289919561869e-05
3.42289919561869e-05
3.42289919561869e-05
3.42289919561869e-05
3.42289919561869e-05
3.42289919561869e-05
3.42289919561869e-05
3.42289919561869e-05
3.42289919561869e-05
3.42289919561869e-05
3.42231348391513e-05
3.42231348391513e-05
3.42231348391513e-05
3.42231348391513e-05
3.42231348391513e-05
3.42231348391513e-05
3.42231348391513e-05
3.42231348391513e-05
3.42231348391513e-05
3.42231348391513e-05
3.42231348391513e-05
3.42231348391513e-05
3.42231348391513e-05
3.42231348391513e-05
3.42231348391513e-05
3.42231348391513e-05
3.42231348391513e-05
3.42231348391513e-05
3.42231348391513e-05
3.42231348391513e-05
3.42231348391513e-05
3.42231348391513e-05
3.42231348391513e-05
3.42231348391513e-05
3.42231348391513e-05
3.42231348391513e-05
3.42231348391513e-05
3.42231348391513e-05
3.42231348391513e-05
3.42231348391513e-05
3.42231348391513e-05
3.42231348391513e-05
3.42231348391513e-05
3.42231348391513e-05
3.42508123948717e-05
3.42524404863847e-05
3.42524404863847e-05
3.42524404863847e-05
3.42524404863847e-05
3.42524404863847e-05
3.42524404863847e-05
3.42524404863847e-05
3.42524404863847e-05
3.42524404863847e-05
3.42524404863847e-05
3.42524404863847e-05
3.42524404863847e-05
3.42524404863847e-05
3.42524404863847e-05
3.42524404863847e-05
3.42524404863847e-05
3.42524404863847e-05
3.42524404863847e-05
3.42231348391513e-05
3.42231348391513e-05
3.42231348391513e-05
3.42231348391513e-05
3.42231348391513e-05
3.42231348391513e-05
3.42231348391513e-05
3.42231348391513e-05
3.42231348391513e-05
3.42231348391513e-05
3.42231348391513e-05
3.42231348391513e-05
3.42231348391513e-05
3.42231348391513e-05
3.42231348391513e-05
3.42231348391513e-05
3.42231348391513e-05
3.42231348391513e-05
3.34791536469958e-05
3.34791536469958e-05
3.34791536469958e-05
3.34791536469958e-05
3.34791536469958e-05
3.34791536469958e-05
3.34791536469958e-05
3.34791536469958e-05
3.34791536469958e-05
3.34791536469958e-05
3.34791536469958e-05
3.34791536469958e-05
3.34791536469958e-05
3.34791536469958e-05
3.34791536469958e-05
3.34791536469958e-05
3.34791536469958e-05
3.34791536469958e-05
3.34791536469958e-05
3.34791536469958e-05
3.34791536469958e-05
3.34791536469958e-05
3.34791536469958e-05
3.34791536469958e-05
3.34791536469958e-05
3.34791536469958e-05
3.34791536469958e-05
1.85995298038866e-06
1.85995298038866e-06
3.34791536469958e-05
3.53391066273845e-05
3.53391066273845e-05
3.53391066273845e-05
3.53391066273845e-05
3.53391066273845e-05
3.53391066273845e-05
3.53391066273845e-05
3.53391066273845e-05
3.53391066273845e-05
3.53391066273845e-05
3.53391066273845e-05
3.53391066273845e-05
3.53391066273845e-05
3.53391066273845e-05
3.53391066273845e-05
3.53391066273845e-05
3.53391066273845e-05
3.53391066273845e-05
3.53391066273845e-05
3.53391066273845e-05
3.53391066273845e-05
3.53391066273845e-05
3.53391066273845e-05
3.53391066273845e-05
3.53391066273845e-05
3.53391066273845e-05
3.53391066273845e-05
3.53391066273845e-05
3.53391066273845e-05
3.53391066273845e-05
3.53391066273845e-05
3.53391066273845e-05
3.53391066273845e-05
3.53391066273845e-05
3.53391066273845e-05
3.53391066273845e-05
3.53391066273845e-05
3.53391066273845e-05
3.53391066273845e-05
3.53391066273845e-05
3.53391066273845e-05
3.53391066273845e-05
3.53391066273845e-05
3.53391066273845e-05
3.53391066273845e-05
3.53391066273845e-05
3.53391066273845e-05
3.53391066273845e-05
3.53391066273845e-05
3.53391066273845e-05
3.53391066273845e-05
3.53391066273845e-05
3.53391066273845e-05
3.53391066273845e-05
3.53391066273845e-05
3.53391066273845e-05
3.53391066273845e-05
3.53391066273845e-05
3.53391066273845e-05
3.53391066273845e-05
3.53391066273845e-05
3.53391066273845e-05
3.53391066273845e-05
3.53391066273845e-05
3.53391066273845e-05
3.53391066273845e-05
3.53391066273845e-05
3.53391066273845e-05
3.53391066273845e-05
3.53391066273845e-05
3.53391066273845e-05
3.53391066273845e-05
3.53391066273845e-05
3.53391066273845e-05
3.53391066273845e-05
3.53391066273845e-05
3.53391066273845e-05
3.53391066273845e-05
3.53391066273845e-05
3.71990596077731e-05
3.71990596077731e-05
3.71990596077731e-05
3.71990596077731e-05
3.71990596077731e-05
3.71990596077731e-05
3.71990596077731e-05
3.71990596077731e-05
3.71990596077731e-05
3.71990596077731e-05
3.71990596077731e-05
3.71990596077731e-05
3.71990596077731e-05
3.71990596077731e-05
3.71990596077731e-05
3.71990596077731e-05
3.71990596077731e-05
3.71990596077731e-05
3.71990596077731e-05
3.71990596077731e-05
3.71990596077731e-05
3.71990596077731e-05
3.71990596077731e-05
3.71990596077731e-05
3.71990596077731e-05
3.71990596077731e-05
3.71990596077731e-05
3.71990596077731e-05
3.71990596077731e-05
3.71990596077731e-05
3.71990596077731e-05
3.71990596077731e-05
3.71990596077731e-05
3.71990596077731e-05
3.71990596077731e-05
3.71990596077731e-05
3.71990596077731e-05
3.71990596077731e-05
3.71990596077731e-05
3.71990596077731e-05
3.71990596077731e-05
3.71990596077731e-05
3.71990596077731e-05
3.71990596077731e-05
3.71990596077731e-05
3.71990596077731e-05
3.71990596077731e-05
3.71990596077731e-05
3.71990596077731e-05
3.71990596077731e-05
3.71990596077731e-05
3.71990596077731e-05
3.71990596077731e-05
3.71990596077731e-05
3.71990596077731e-05
3.71990596077731e-05
3.71990596077731e-05
3.71990596077731e-05
3.71990596077731e-05
3.71990596077731e-05
3.71990596077731e-05
3.71990596077731e-05
3.71990596077731e-05
3.71990596077731e-05
3.71990596077731e-05
3.71990596077731e-05
3.71990596077731e-05
3.71990596077731e-05
3.71990596077731e-05
3.71990596077731e-05
3.71990596077731e-05
3.71990596077731e-05
3.71990596077731e-05
3.71990596077731e-05
3.71990596077731e-05
3.71990596077731e-05
3.71990596077731e-05
3.71990596077731e-05
3.71990596077731e-05
3.71990596077731e-05
3.71990596077731e-05
3.71990596077731e-05
3.71990596077731e-05
3.76078404825838e-05
3.76078404825838e-05
3.76078404825838e-05
3.76078404825838e-05
3.76078404825838e-05
3.76078404825838e-05
3.76078404825838e-05
3.76078404825838e-05
3.76078404825838e-05
3.76078404825838e-05
3.76078404825838e-05
3.76078404825838e-05
3.76078404825838e-05
3.76068753540855e-05
3.76068753540855e-05
3.76068753540855e-05
3.76261931277905e-05
3.76274810675331e-05
3.76274810675331e-05
3.76068753540855e-05
3.76068753540855e-05
3.76068753540855e-05
3.76068753540855e-05
3.76068753540855e-05
3.76068753540855e-05
3.76068753540855e-05
3.76068753540855e-05
3.76068753540855e-05
3.76068753540855e-05
3.76261931277905e-05
3.76274810675331e-05
3.76274810675331e-05
3.76223269934274e-05
3.76223269934274e-05
3.76223269934274e-05
3.76223269934274e-05
3.76223269934274e-05
3.76223269934274e-05
3.76223269934274e-05
3.76223269934274e-05
3.76223269934274e-05
3.76223269934274e-05
3.76223269934274e-05
3.76223269934274e-05
3.76223269934274e-05
3.76223269934274e-05
3.76223269934274e-05
3.76223269934274e-05
3.76223269934274e-05
3.76223269934274e-05
3.76223269934274e-05
3.76271589172225e-05
3.76274810675331e-05
3.76223269934274e-05
3.76274810675331e-05
3.76223269934274e-05
3.76223269934274e-05
3.76223269934274e-05
3.76223269934274e-05
3.76223269934274e-05
3.76223269934274e-05
3.76223269934274e-05
3.76223269934274e-05
3.76223269934274e-05
3.76223269934274e-05
3.76223269934274e-05
3.76223269934274e-05
3.76223269934274e-05
3.76271589172225e-05
3.76274810675331e-05
3.76223269934274e-05
3.76223269934274e-05
3.76223269934274e-05
3.76223269934274e-05
3.76223269934274e-05
3.76223269934274e-05
3.76223269934274e-05
3.76223269934274e-05
3.76223269934274e-05
3.76223269934274e-05
3.76223269934274e-05
3.76223269934274e-05
3.76223269934274e-05
3.76223269934274e-05
3.76316702353579e-05
3.76323146463233e-05
3.76323146463233e-05
3.76323146463233e-05
3.76323146463233e-05
3.76323146463233e-05
3.76323146463233e-05
3.76323146463233e-05
3.76323146463233e-05
3.76323146463233e-05
3.76323146463233e-05
3.76323146463233e-05
3.72309135721572e-05
3.72309135721572e-05
3.72309135721572e-05
3.72309135721572e-05
3.72309135721572e-05
3.72309135721572e-05
3.72309135721572e-05
3.72309135721572e-05
3.72309135721572e-05
3.72309135721572e-05
3.72309135721572e-05
3.72309135721572e-05
3.72309135721572e-05
3.72309135721572e-05
3.72309135721572e-05
3.72309135721572e-05
3.72309135721572e-05
3.72309135721572e-05
3.72309135721572e-05
3.72309135721572e-05
3.72309135721572e-05
3.72309135721572e-05
3.72309135721572e-05
3.72309135721572e-05
3.72309135721572e-05
3.72309135721572e-05
3.72309135721572e-05
3.72309135721572e-05
3.72309135721572e-05
3.72309135721572e-05
3.72309135721572e-05
3.72309135721572e-05
3.72309135721572e-05
3.72309135721572e-05
3.72309135721572e-05
3.72309135721572e-05
3.72309135721572e-05
3.7235696577498e-05
3.7235696577498e-05
3.7235696577498e-05
3.73169306535606e-05
3.7235696577498e-05
3.72309135721572e-05
3.72309135721572e-05
3.72309135721572e-05
3.72309135721572e-05
3.72309135721572e-05
3.72309135721572e-05
3.72309135721572e-05
3.72309135721572e-05
3.72309135721572e-05
3.72309135721572e-05
3.72309135721572e-05
3.72309135721572e-05
3.72309135721572e-05
3.72309135721572e-05
3.72309135721572e-05
3.72309135721572e-05
3.72309135721572e-05
3.72309135721572e-05
3.72309135721572e-05
3.72309135721572e-05
3.72309135721572e-05
3.72309135721572e-05
3.72309135721572e-05
3.72309135721572e-05
3.72309135721572e-05
3.72309135721572e-05
3.72309135721572e-05
3.72309135721572e-05
3.72309135721572e-05
3.72309135721572e-05
3.72309135721572e-05
3.72309135721572e-05
3.72309135721572e-05
3.72309135721572e-05
3.72309135721572e-05
3.72309135721572e-05
3.72309135721572e-05
3.72309135721572e-05
3.72309135721572e-05
3.72309135721572e-05
3.72309135721572e-05
3.72309135721572e-05
3.72309135721572e-05
3.72309135721572e-05
3.72309135721572e-05
3.72309135721572e-05
3.72309135721572e-05
3.72309135721572e-05
3.72309135721572e-05
3.72309135721572e-05
3.72309135721572e-05
3.72309135721572e-05
3.72309135721572e-05
3.72309135721572e-05
3.80582672070941e-05
3.80582672070941e-05
3.80582672070941e-05
3.80582672070941e-05
3.80582672070941e-05
3.80582672070941e-05
3.80582672070941e-05
3.80582672070941e-05
3.80582672070941e-05
3.80582672070941e-05
3.80582672070941e-05
3.80582672070941e-05
3.80582672070941e-05
3.80582672070941e-05
3.80582672070941e-05
3.80582672070941e-05
3.80582672070941e-05
3.80582672070941e-05
3.80582672070941e-05
3.80582672070941e-05
3.80582672070941e-05
3.80582672070941e-05
3.80582672070941e-05
3.80582672070941e-05
3.80582672070941e-05
3.80582672070941e-05
3.80582672070941e-05
3.80582672070941e-05
3.80582672070941e-05
3.80582672070941e-05
3.80582672070941e-05
3.80582672070941e-05
3.80582672070941e-05
3.80582672070941e-05
3.99611805674488e-05
3.80582672070941e-05
3.80582672070941e-05
3.80582672070941e-05
3.80582672070941e-05
3.80582672070941e-05
3.80582672070941e-05
3.80582672070941e-05
3.80582672070941e-05
3.80582672070941e-05
3.80582672070941e-05
3.80582672070941e-05
3.80582672070941e-05
3.80582672070941e-05
3.80582672070941e-05
3.80582672070941e-05
3.80582672070941e-05
3.80582672070941e-05
3.80582672070941e-05
3.80582672070941e-05
3.80517503805175e-05
3.80517503805175e-05
3.80517503805175e-05
3.80517503805175e-05
3.80517503805175e-05
3.80517503805175e-05
3.80517503805175e-05
3.80517503805175e-05
3.80517503805175e-05
3.80517503805175e-05
3.80517503805175e-05
3.80517503805175e-05
3.80517503805175e-05
3.80517503805175e-05
3.80517503805175e-05
3.80517503805175e-05
3.80517503805175e-05
3.80517503805175e-05
3.80517503805175e-05
3.80517503805175e-05
3.80517503805175e-05
3.80517503805175e-05
3.80517503805175e-05
3.80517503805175e-05
3.80517503805175e-05
3.80517503805175e-05
3.80517503805175e-05
3.80517503805175e-05
3.80517503805175e-05
3.80517503805175e-05
3.80517503805175e-05
3.80517503805175e-05
3.80517503805175e-05
3.80517503805175e-05
3.80517503805175e-05
3.80517503805175e-05
3.80576155244364e-05
3.90003596109825e-05
3.99427778561997e-05
3.99427778561997e-05
3.99427778561997e-05
3.99427778561997e-05
3.99608547261199e-05
3.99608547261199e-05
3.99608547261199e-05
3.99608547261199e-05
3.99608547261199e-05
3.99608547261199e-05
3.99608547261199e-05
3.99608547261199e-05
3.99608547261199e-05
3.99608547261199e-05
3.99608547261199e-05
3.99608547261199e-05
3.99608547261199e-05
3.99608547261199e-05
3.99608547261199e-05
3.99608547261199e-05
3.99608547261199e-05
3.99608547261199e-05
3.99608547261199e-05
3.99608547261199e-05
3.99646031711632e-05
3.99608547261199e-05
3.99608547261199e-05
3.99608547261199e-05
3.99608547261199e-05
3.99608547261199e-05
3.80579413657652e-05
3.80579413657652e-05
3.80579413657652e-05
3.80579413657652e-05
3.80579413657652e-05
3.80579413657652e-05
3.80579413657652e-05
3.80579413657652e-05
3.80579413657652e-05
3.80579413657652e-05
3.80579413657652e-05
3.80579413657652e-05
3.80579413657652e-05
3.80579413657652e-05
3.80579413657652e-05
3.80579413657652e-05
3.80579413657652e-05
3.80579413657652e-05
3.80579413657652e-05
3.80579413657652e-05
3.80579413657652e-05
3.80579413657652e-05
3.80579413657652e-05
3.80579413657652e-05
3.80579413657652e-05
3.80579413657652e-05
3.80579413657652e-05
3.80579413657652e-05
3.80579413657652e-05
3.80579413657652e-05
3.80579413657652e-05
3.80579413657652e-05
3.80579413657652e-05
3.80579413657652e-05
3.80579413657652e-05
3.80579413657652e-05
3.80579413657652e-05
3.80579413657652e-05
3.80579413657652e-05
3.80579413657652e-05
3.80579413657652e-05
3.80579413657652e-05
3.80579413657652e-05
3.80579413657652e-05
3.80579413657652e-05
3.80579413657652e-05
3.80579413657652e-05
3.80579413657652e-05
3.80579413657652e-05
3.80579413657652e-05
3.80579413657652e-05
3.80579413657652e-05
3.80579413657652e-05
3.80579413657652e-05
3.80579413657652e-05
3.80579413657652e-05
3.80579413657652e-05
3.80579413657652e-05
3.80579413657652e-05
3.80579413657652e-05
3.80579413657652e-05
3.80579413657652e-05
3.80579413657652e-05
3.80579413657652e-05
3.80579413657652e-05
3.80579413657652e-05
3.80579413657652e-05
3.80579413657652e-05
3.80579413657652e-05
3.80579413657652e-05
3.72305948143356e-05
3.72305948143356e-05
3.72305948143356e-05
3.72305948143356e-05
3.72305948143356e-05
3.72305948143356e-05
3.72305948143356e-05
3.72305948143356e-05
3.72305948143356e-05
3.72305948143356e-05
3.72305948143356e-05
3.72305948143356e-05
3.72305948143356e-05
3.72305948143356e-05
3.72305948143356e-05
3.72305948143356e-05
3.72305948143356e-05
3.72305948143356e-05
3.72305948143356e-05
3.72305948143356e-05
3.72305948143356e-05
3.72305948143356e-05
3.72245384157237e-05
3.72245384157237e-05
3.72245384157237e-05
3.72245384157237e-05
3.72245384157237e-05
3.72245384157237e-05
3.72245384157237e-05
3.72245384157237e-05
3.72245384157237e-05
3.72245384157237e-05
3.72245384157237e-05
3.72245384157237e-05
3.72245384157237e-05
3.72245384157237e-05
3.72245384157237e-05
3.72245384157237e-05
3.72245384157237e-05
3.72245384157237e-05
3.72245384157237e-05
3.72245384157237e-05
3.72245384157237e-05
3.72245384157237e-05
3.72245384157237e-05
3.72245384157237e-05
3.72245384157237e-05
3.72245384157237e-05
3.72245384157237e-05
3.72245384157237e-05
3.72245384157237e-05
3.72245384157237e-05
3.72245384157237e-05
3.72245384157237e-05
3.72245384157237e-05
3.72245384157237e-05
3.72245384157237e-05
3.72245384157237e-05
3.72245384157237e-05
3.72245384157237e-05
3.72245384157237e-05
3.72245384157237e-05
3.72245384157237e-05
3.72245384157237e-05
3.72245384157237e-05
3.53633114949375e-05
3.72245384157237e-05
3.72245384157237e-05
3.72245384157237e-05
3.72245384157237e-05
3.72245384157237e-05
3.72245384157237e-05
3.72245384157237e-05
3.72245384157237e-05
3.72245384157237e-05
3.72245384157237e-05
3.72245384157237e-05
3.72245384157237e-05
3.72245384157237e-05
3.53633114949375e-05
3.53633114949375e-05
3.53633114949375e-05
3.72245384157237e-05
3.72245384157237e-05
3.72245384157237e-05
3.72245384157237e-05
3.72245384157237e-05
3.72245384157237e-05
3.72245384157237e-05
3.72245384157237e-05
3.53633114949375e-05
3.53633114949375e-05
3.53633114949375e-05
3.53633114949375e-05
3.53633114949375e-05
3.53633114949375e-05
