0.000108536423319897
0.000108536423319897
0.000108536423319897
0.000108536423319897
0.000108536423319897
0.000108536423319897
0.000108536423319897
0.000108536423319897
0.000108536423319897
0.000108536423319897
0.000108536423319897
0.000108536423319897
0.000108536423319897
0.000108536423319897
0.000108536423319897
0.000108536423319897
0.000108536423319897
0.000108536423319897
0.000108536423319897
0.000108536423319897
0.000108536423319897
0.000108536423319897
0.000108536423319897
0.000108536423319897
0.000108536423319897
0.000108536423319897
0.000108536423319897
0.000108536423319897
0.000108536423319897
0.000108536423319897
0.000108536423319897
0.000108536423319897
0.000108536423319897
0.000108536423319897
0.000108529550901916
0.000108529550901916
0.000108529550901916
0.000108529550901916
0.000108529550901916
0.000108529550901916
0.000108529550901916
0.000108529550901916
0.000108519172686874
0.000108519172686874
0.000108519172686874
0.000108519172686874
0.00010851788331754
0.000108519172686874
0.000108519172686874
0.00010851788331754
0.0001085076308988
0.000108507593569975
0.0001085076308988
0.0001085076308988
0.0001085076308988
0.000108508906404046
0.000108508906404046
0.000108508906404046
0.000108487454029397
0.000108488702468986
0.000108488702468986
0.000108488702468986
0.000108488702468986
0.000108488702468986
0.000108488702468986
0.000108478761328799
0.000108478761328799
0.000108459192257963
0.000108459192257963
0.000108459192257963
0.000108459192257963
0.000108459192257963
0.000108459192257963
0.000108459192257963
0.000108459192257963
0.000108459192257963
0.000108459192257963
0.000108459494863148
0.000108488216596944
0.000108459192257963
0.000108459192257963
0.000108459192257963
0.000108459192257963
0.000108459192257963
0.000108459192257963
0.000108459192257963
0.000108459192257963
0.000108459192257963
0.000108459192257963
0.000108459192257963
0.000108459192257963
0.000108459192257963
0.000108459192257963
0.000108459192257963
0.000108459192257963
0.000108459192257963
0.000108536423319897
0.000108536423319897
0.000108536423319897
0.000108536423319897
0.000108536423319897
0.000108536423319897
0.000108536423319897
0.000108536423319897
0.000108536423319897
0.000108536423319897
0.000108536423319897
0.000108536423319897
0.000108536423319897
0.000108536423319897
0.000108536423319897
0.000108536423319897
0.000108536423319897
0.000108536423319897
0.000108536423319897
0.000108536423319897
0.000108536423319897
0.000108712163033348
0.000108536423319897
0.000108536423319897
0.000108536423319897
0.000108536423319897
0.000108536423319897
0.000108536423319897
0.00010866042689714
0.000108536423319897
0.000108536423319897
0.000108536423319897
0.000108536423319897
0.000108536423319897
0.000108536423319897
0.000108551369547405
0.000108551369547405
0.000108551369547405
0.000110472702491348
0.000110472702491348
0.000110473030980482
0.000110473030980482
0.000110464852311386
0.000110466156216157
0.000110466156216157
0.000110466156216157
0.000110466156216157
0.000110466156216157
0.000110466156216157
0.000110455774473783
0.000110455774473783
0.000110435345154088
0.000110435345154088
0.000110425294010556
0.000110425294010556
0.000110425294010556
0.000110425294010556
0.000110425294010556
0.000110405510123023
0.000110405510123023
0.000110405510123023
0.000110405510123023
0.000110405510123023
0.000110405510123023
0.000110395774034599
0.000110386139678364
0.000110386139678364
0.000110376605468109
0.000110376605468109
0.000110376605468109
0.000110376605468109
0.000110357831303888
0.000110357831303888
0.000110357831303888
9.97907465843987e-05
9.97907465843987e-05
9.97907465843987e-05
9.97907465843987e-05
9.97907465843987e-05
9.97907465843987e-05
9.9790664412948e-05
9.97905822555497e-05
9.97882626109617e-05
9.97882626109617e-05
9.97882626109617e-05
9.97882626109617e-05
9.97882626109617e-05
9.97882626109617e-05
9.97882626109617e-05
9.97882626109617e-05
9.97882626109617e-05
9.97882626109617e-05
9.97882626109617e-05
9.97882626109617e-05
9.97882626109617e-05
9.97882626109617e-05
9.31846477812447e-05
9.31846477812447e-05
9.31846477812447e-05
9.31846477812447e-05
9.31846477812447e-05
9.31846477812447e-05
9.31846477812447e-05
9.31846477812447e-05
9.31846477812447e-05
9.31846477812447e-05
9.31846477812447e-05
9.31846477812447e-05
9.31846477812447e-05
9.31846477812447e-05
9.31846477812447e-05
9.31846477812447e-05
9.31846477812447e-05
9.31846477812447e-05
9.31846477812447e-05
9.31846477812447e-05
9.31846477812447e-05
9.31846477812447e-05
9.31846477812447e-05
9.31846477812447e-05
9.31846477812447e-05
9.31846477812447e-05
9.31846477812447e-05
9.31777730169198e-05
9.32216538904737e-05
9.3231023939105e-05
9.3231023939105e-05
9.3231023939105e-05
9.3231023939105e-05
9.32323390198332e-05
9.32323390198332e-05
9.32323390198332e-05
9.32323390198332e-05
9.32323390198332e-05
9.32323390198332e-05
9.32323390198332e-05
9.32323390198332e-05
9.32323390198332e-05
9.32219431501343e-05
9.32219431501343e-05
9.32116594976155e-05
9.32116594976155e-05
9.32116594976155e-05
9.32116594976155e-05
9.32116594976155e-05
9.32116594976155e-05
9.32116594976155e-05
9.32116594976155e-05
9.32116594976155e-05
9.32116594976155e-05
9.32116594976155e-05
9.32116594976155e-05
9.32116594976155e-05
9.32116594976155e-05
9.32116594976155e-05
9.3201486255055e-05
9.3201486255055e-05
9.3201486255055e-05
9.32047318271761e-05
9.32047318271761e-05
9.32047318271761e-05
9.31946137251084e-05
9.31814639628919e-05
9.31814639628919e-05
9.31716114877735e-05
9.31618625696279e-05
9.31618625696279e-05
9.31618625696279e-05
9.31618625696279e-05
9.31618625696279e-05
9.31618625696279e-05
9.31618625696279e-05
9.31618625696279e-05
9.31618625696279e-05
9.31618625696279e-05
9.31618625696279e-05
9.31751629537693e-05
9.31751629537693e-05
9.31751629537693e-05
9.31748339022505e-05
9.31748339022505e-05
9.31748339022505e-05
9.31748339022505e-05
9.31748339022505e-05
9.31748339022505e-05
9.50978109784407e-05
9.31748339022505e-05
9.31776315302124e-05
9.31751629537693e-05
9.31751629537693e-05
9.31748339022505e-05
9.31748339022505e-05
9.42257122638892e-05
9.42395370745276e-05
9.4226041315408e-05
9.4226041315408e-05
9.4226041315408e-05
9.4226041315408e-05
9.4226041315408e-05
9.4226041315408e-05
9.4226041315408e-05
9.4226041315408e-05
9.4226041315408e-05
9.42191548013221e-05
9.42191548013221e-05
9.42191548013221e-05
9.42191548013221e-05
9.42191548013221e-05
9.42191548013221e-05
9.42191548013221e-05
9.42191548013221e-05
9.42087553952862e-05
9.42087553952862e-05
9.42087553952862e-05
9.42087553952862e-05
9.42087553952862e-05
9.42087553952862e-05
9.42087553952862e-05
9.42087553952862e-05
9.41825185623979e-05
9.41825185623979e-05
9.41825185623979e-05
9.41826008463977e-05
9.41826008463977e-05
9.41826008463977e-05
9.4172592115519e-05
9.41724276038372e-05
9.41623630026122e-05
9.41624453006969e-05
9.41524876097588e-05
9.41524876097588e-05
9.41524876097588e-05
9.41524876097588e-05
9.41524876097588e-05
9.41524876097588e-05
9.41427996463222e-05
9.41427996463222e-05
9.41427996463222e-05
9.41427996463222e-05
9.41427996463222e-05
9.4133380061437e-05
9.41346962675124e-05
9.4149148838853e-05
9.41350253190312e-05
9.41350253190312e-05
9.41346962675124e-05
9.41338968367515e-05
9.41351906905654e-05
9.41358507124248e-05
9.41357681601921e-05
9.41357681601921e-05
9.41357681601921e-05
9.41357681601921e-05
9.41357681601921e-05
9.41356030981738e-05
9.41356030981738e-05
9.4135273143823e-05
9.4135273143823e-05
9.41349440923042e-05
9.41352740466549e-05
9.41352740466549e-05
9.41353565705908e-05
9.41349440923042e-05
9.41349440923042e-05
9.4134284861533e-05
9.4134284861533e-05
9.41150912333166e-05
9.4142918768321e-05
9.4129866554855e-05
9.4129866554855e-05
9.41297841862915e-05
9.41297841862915e-05
9.41274122504294e-05
9.41274122504294e-05
9.41274122504294e-05
9.41270829171691e-05
9.41270829171691e-05
9.41270829171691e-05
9.41270829171691e-05
9.4139887282436e-05
9.4127082917169e-05
9.4127082917169e-05
9.41270829171691e-05
9.41270829171691e-05
9.41270829171691e-05
9.41270829171691e-05
9.41270829171691e-05
9.41270829171691e-05
0.000102687171172634
0.000102687171172634
0.000102687171172634
0.000102687171172634
0.000102687171172634
0.000102687171172634
0.000102687561981437
0.000102687464254143
0.000102687464254143
0.000102687464254143
0.000102687464254143
0.000102687464254143
0.000102687464254143
0.000102687464254143
0.000102687464254143
0.000102687561981437
0.000102687561981437
0.000102687561981437
0.000102687561981437
0.000102687171172634
0.000102678999175919
0.00010268710428662
0.000102678901515525
0.000102678901515525
0.00010267968273182
0.000102678901515525
0.000102672070953664
0.000102649387098584
0.000102649387098584
0.000102649777573053
0.000102637450257643
0.000102636962089339
0.000102636962089339
0.000127734525600183
0.000115186921518717
0.000115174718251062
0.000115175889674469
0.000115175108725531
0.000115193641443515
0.000115174718251062
0.000115174718251062
0.000115174327776593
0.000115174327776593
0.000115161279025083
0.000115163227155693
0.000115149335698296
0.000115149335698296
0.000115149335698296
0.000115149335698296
0.000115149335698296
0.000115149335698296
0.000115137519238383
0.000115137519238383
0.000115131357344796
0.000115131357344796
0.000115131357344796
0.000115131357344796
0.000115131357344796
0.000115131357344796
0.000115119665740988
0.000115119665740988
0.00011512122850804
0.00011512122850804
0.00011512122850804
0.00011512122850804
0.00011512122850804
0.00011512122850804
0.00011512122850804
0.00011512122850804
0.00011512122850804
0.00011512122850804
0.00011512122850804
0.00011512122850804
0.000115109659791841
0.000115109659791841
0.000115109659791841
0.000115109659791841
0.000115109073528461
0.000115109659791841
0.000115110440740779
0.000115110440740779
0.000115129732970836
0.000115129342362688
0.000115109659791841
0.000115129342362688
0.000115128560477383
0.000115128560477383
0.00011514659255254
0.000115128560477383
0.000115128560477383
0.000115128560477383
0.000115128560477383
0.000115128560477383
0.000115128560477383
0.000115128560477383
0.000115128560477383
0.000103638279673054
0.000103638279673054
0.000103669208342215
0.000103638279673054
0.000103638279673054
0.000103622823193546
0.000128341484840853
0.000130242770109695
0.00013024309572794
0.00013024309572794
0.00013024309572794
0.00013024309572794
0.000130234985806716
0.000107418097925333
0.000105516812656491
0.000105516812656491
0.000105516812656491
0.000105516812656491
0.000105516812656491
0.000105516812656491
0.000105538292372736
0.000105542518645931
0.000105543332245807
0.000105543657864052
0.000105543332245807
0.000105558388030414
0.000105527549411676
0.000105530359479774
0.000105517265554597
0.000105522961909484
0.000105517265554597
0.000105517102787273
0.00010551962499853
0.000105517428294063
0.000105532475315698
0.000105506929956991
0.000105506604450201
0.000105506604450201
0.000105506604450201
0.000105506441710735
0.000105506757948963
0.000105506441710735
0.000105506757948963
0.000105506441710735
0.000105506441710735
0.000105506268828717
0.000105506585066946
0.000105506268828717
0.000105506268828717
0.000105506268828717
0.000105506585066946
0.000105506268828717
0.000105506278999118
0.000105506278999118
0.000105506278999118
0.000105506595237346
0.000105569903311654
0.000105507083455753
0.000105506767217524
0.000105506767217524
0.000105506767217524
0.000105506767217524
0.000105506767217524
0.000105506767217524
0.000105506767217524
0.000105506441710735
0.000105506441710735
0.000105506441710735
0.000105534589160941
0.000105479619978058
0.000105479619978058
0.000105479619978058
0.000105479619978058
0.000105479619978058
0.000105469563155123
0.000105469875796458
0.000105469875796458
0.000105469563155123
0.000105470213834563
0.000105469875796458
0.000105469563155123
0.000105469563155123
0.000105469563155123
0.000105469563155123
0.000105485814815886
0.000105537097037195
0.000105485652132111
0.000103585495621988
0.000103585495621988
0.000103584356696349
0.000103623538892122
0.000103623538892122
0.000103623538892122
0.000103623864510368
0.000101779476959193
0.000101779476959193
9.99115245610857e-05
9.99033696753337e-05
9.99033696753337e-05
9.99033696753337e-05
9.99033696753337e-05
9.99033696753337e-05
9.99033696753337e-05
9.99033696753337e-05
9.99033696753337e-05
9.99033696753337e-05
9.99033696753337e-05
9.99033696753337e-05
9.99033696753337e-05
9.99033696753337e-05
9.99033696753337e-05
9.98420497894414e-05
9.98420497894414e-05
9.98420497894414e-05
9.98433524855635e-05
9.98352397921786e-05
9.98339370960565e-05
9.98339370960565e-05
9.98339370960565e-05
9.98339370960565e-05
9.9832145791397e-05
9.9816039652524e-05
9.98153888617423e-05
9.98158770801485e-05
9.98158770801485e-05
9.98158770801485e-05
9.98158770801485e-05
9.98158770801485e-05
9.98158770801485e-05
9.98158770801485e-05
9.98158770801485e-05
9.98158770801485e-05
9.98055967201129e-05
9.98055967201129e-05
9.98055967201129e-05
9.98008938552475e-05
9.98008938552475e-05
9.98008938552475e-05
9.98008938552475e-05
9.97917014317979e-05
9.97917014317979e-05
9.97918643106199e-05
9.97917014317979e-05
9.97917014317979e-05
9.97917014317979e-05
9.97917014317979e-05
9.97917014317979e-05
9.97917014317979e-05
9.97917014317979e-05
9.97920175633513e-05
9.97917014317979e-05
9.97917014317979e-05
9.97917014317979e-05
9.97917014317979e-05
9.97917014317979e-05
9.98719053482366e-05
9.98715886827676e-05
9.98714256923322e-05
9.98714256923322e-05
9.98714256923322e-05
9.98714256923322e-05
9.98714256923322e-05
9.98715886827676e-05
9.98715886827676e-05
9.98715886827676e-05
9.98715886827676e-05
9.98715886827676e-05
9.98715886827676e-05
9.98719053482366e-05
9.98715886827676e-05
9.98615115326098e-05
9.98615115326098e-05
9.98615115326098e-05
9.98615115326098e-05
9.97607698027332e-05
9.97402857827525e-05
9.97402857827525e-05
9.97301541243849e-05
9.97296659059788e-05
9.97296659059788e-05
9.97296659059788e-05
9.97296659059788e-05
9.97299786522273e-05
9.97296659059788e-05
9.97296659059788e-05
9.97296659059788e-05
9.97309681561629e-05
9.97309681561629e-05
9.97309681561629e-05
9.97296659059788e-05
9.97296659059788e-05
9.97296659059788e-05
9.95076435979635e-05
9.95076435979635e-05
9.95076435979635e-05
9.95076435979635e-05
9.95076435979635e-05
9.95076435979635e-05
9.95076435979635e-05
9.95076435979635e-05
9.95084394972528e-05
9.95084394972528e-05
9.95084394972528e-05
9.95079619740229e-05
9.95079619740229e-05
9.95079619740229e-05
9.95079619740229e-05
9.95008247726024e-05
9.95008247726024e-05
9.95008247726024e-05
9.95013022958323e-05
9.95013022958323e-05
9.95013022958323e-05
9.95013022958323e-05
9.95013022958323e-05
9.95013022958323e-05
9.95013022958323e-05
9.95013022958323e-05
9.95013022958323e-05
9.95013022958323e-05
9.95013022958323e-05
9.95013022958323e-05
9.95013022958323e-05
9.95008247726024e-05
9.95014614157585e-05
9.95014614157585e-05
9.95011430941804e-05
9.94907678986546e-05
9.94700610931221e-05
9.9467518436963e-05
9.9467518436963e-05
9.9467518436963e-05
9.94476643715698e-05
9.94476643715698e-05
9.94381524863249e-05
9.94375352879462e-05
9.94178941643491e-05
9.94178941643491e-05
9.9418504760258e-05
9.9418504760258e-05
9.94084854026587e-05
9.94084854026587e-05
9.94084854026587e-05
9.93985739977339e-05
9.93985739977339e-05
9.93985739977339e-05
9.93887688101426e-05
9.93887688101426e-05
9.93887688101426e-05
9.93887688101426e-05
9.93887688101426e-05
9.93887688101426e-05
9.93887688101426e-05
9.93887688101426e-05
9.93887688101426e-05
9.93887688101426e-05
9.93935617268029e-05
9.93887688101426e-05
9.93887688101426e-05
9.93887688101426e-05
9.93881582142337e-05
9.93687266248318e-05
9.93687266248318e-05
9.93687266248318e-05
9.93687266248318e-05
9.93590259562287e-05
9.93590259562287e-05
9.93590259562287e-05
9.93590259562287e-05
9.93590259562287e-05
9.93590259562287e-05
9.93590259562287e-05
9.93590259562287e-05
9.93590259562287e-05
9.93564902424755e-05
9.93367633469073e-05
9.93367633469073e-05
9.93367633469073e-05
9.93367633469073e-05
9.93367633469073e-05
9.93367633469073e-05
9.93367633469073e-05
9.93367633469073e-05
9.93367633469073e-05
9.93373674457291e-05
9.93367633469073e-05
9.93367633469073e-05
9.93367633469073e-05
9.95079619740229e-05
9.95079619740229e-05
9.95079619740229e-05
9.95079619740229e-05
9.95079619740229e-05
9.95079619740229e-05
9.95079619740229e-05
9.95079619740229e-05
9.95079619740229e-05
9.95079619740229e-05
9.95079619740229e-05
9.95079619740229e-05
9.95079619740229e-05
9.95079619740229e-05
9.95079619740229e-05
9.95079619740229e-05
9.95079619740229e-05
9.95079619740229e-05
9.95079619740229e-05
9.95079619740229e-05
9.95079619740229e-05
9.95079619740229e-05
9.95079619740229e-05
9.95079619740229e-05
9.95017732338625e-05
9.9501456972262e-05
9.9501456972262e-05
9.9501456972262e-05
9.9501456972262e-05
9.9501456972262e-05
9.9501456972262e-05
9.94913278886384e-05
9.94913278886384e-05
9.94913278886384e-05
9.94913278886384e-05
9.94913278886384e-05
9.94913278886384e-05
9.94913278886384e-05
9.94906956889788e-05
9.94906956889788e-05
9.94910117349034e-05
9.94910117349034e-05
9.94910117349034e-05
9.94910117349034e-05
9.9480633227277e-05
9.94705041436533e-05
9.94611157296786e-05
9.9460172161151e-05
9.94101116702204e-05
9.94101116702204e-05
9.94005062127126e-05
9.94005062127126e-05
9.93709809989189e-05
9.93709809989189e-05
9.93518866044241e-05
9.93518866044241e-05
9.93331907882878e-05
9.93148811994701e-05
9.92969459920212e-05
9.92969459920212e-05
9.9240287986968e-05
9.92230678985156e-05
9.92145866026143e-05
9.92145866026143e-05
9.92145866026143e-05
9.92145866026143e-05
9.92145866026143e-05
9.92145866026143e-05
9.92145866026143e-05
9.92145866026143e-05
9.92061894361206e-05
9.91978751534417e-05
9.91786433690213e-05
9.91786433690213e-05
9.91442743264777e-05
9.91417592701938e-05
9.91417592701938e-05
9.91417592701938e-05
9.91102380373732e-05
9.91102380373732e-05
9.90949242665551e-05
9.90949242665551e-05
9.90949242665551e-05
9.90873754148027e-05
9.90873754148027e-05
9.90873754148027e-05
9.90873754148027e-05
9.90873754148027e-05
9.9079897236911e-05
9.90724887450101e-05
9.90724887450101e-05
9.90724887450101e-05
9.90724887450101e-05
9.90724887450101e-05
9.90651489695558e-05
9.90651489695558e-05
0.00010060145606165
0.00010060145606165
0.00010060145606165
0.00010060145606165
0.00010060145606165
0.00010060145606165
0.00010060145606165
0.00010060145606165
0.00010060145606165
0.000100591215669415
0.000100591215669415
0.000100591215669415
0.000100581086208985
0.00010056225202162
0.00010056225202162
0.000100552342412623
0.000100612165147516
0.000100612165147516
0.000100612165147516
0.00010055266193158
0.00010055266193158
0.00010055266193158
0.00010055282282762
0.00010054248554199
0.000100541847774981
0.00010054280725149
0.000100542491083918
0.000100542491083918
0.000100542008671021
0.000100600368272927
0.000100601656212669
0.000100601656212669
0.000100586696511389
0.000100586696511389
0.000100586696511389
0.000100586696511389
0.000100586696511389
0.000100586696511389
0.00010058733493077
0.000100586696511389
0.000100586696511389
0.000100586696511389
0.000100566068389379
0.000100566068389379
0.000100545975785476
0.000100526405111676
0.000100526405111676
0.000100487277769336
0.000100487277769336
0.000100487277769336
0.000100487277769336
0.000100503102876103
0.000100503425026413
0.000100468024033645
0.000100474012742969
0.000100458215246494
0.000100437931050728
0.000100437931050728
0.000100400027254022
0.000100400027254022
0.000100400618289804
0.000100363486365883
0.00010036290754362
0.00010036290754362
0.00010036290754362
0.00010036290754362
0.000100363192268754
0.00010036290754362
0.000100378951193975
0.000100378951193975
0.00010036290754362
0.00010036290754362
0.000100344634156755
0.000100344634156755
0.000100344634156755
0.000100344634156755
0.000100344634156755
0.000100344634156755
0.000100344634156755
0.000100344634156755
0.000100344634156755
0.000100344634156755
0.000100344634156755
0.000100344634156755
0.000100373825047916
0.000100373825047916
0.000100373825047916
0.000100373825047916
0.000100373825047916
0.000100372108694116
0.000100372108694116
0.000100372108694116
0.000100372108694116
0.000100372108694116
0.000100372676517455
0.000100372108694116
9.95926938055206e-05
9.95926938055206e-05
9.95926938055206e-05
9.95926938055206e-05
9.95926938055206e-05
9.95926938055206e-05
9.95926938055206e-05
9.95926938055206e-05
9.95926938055206e-05
9.95926938055206e-05
9.95926938055206e-05
9.95926938055206e-05
9.95926938055206e-05
9.95926938055206e-05
9.95926938055206e-05
9.95926938055206e-05
9.95926938055206e-05
9.95926938055206e-05
9.95926938055206e-05
9.95926938055206e-05
9.95926938055206e-05
9.95926938055206e-05
9.95926938055206e-05
9.95926938055206e-05
9.95926938055206e-05
9.95926938055206e-05
9.95926938055206e-05
9.95926938055206e-05
9.95866560165323e-05
9.95866560165323e-05
9.95869728182891e-05
9.95866560165323e-05
9.95866560165323e-05
9.95866560165323e-05
9.95866560165323e-05
9.95866560165323e-05
9.95872937232704e-05
9.96011623734926e-05
9.96011623734926e-05
9.96011623734926e-05
9.99245817968594e-05
9.96011623734926e-05
9.95863393229174e-05
9.95753059505415e-05
9.95753059505415e-05
0.000101436851629149
0.000101416747091561
9.95552014129536e-05
9.9515639762266e-05
9.9515639762266e-05
9.9515639762266e-05
9.94961757365021e-05
9.94961757365021e-05
9.94964758155312e-05
9.94964758155312e-05
9.94964758155312e-05
9.94772153376723e-05
9.94581583475873e-05
9.94581583475873e-05
9.94581583475873e-05
9.94206420662551e-05
9.94206420662551e-05
9.94206420662551e-05
9.94203543552967e-05
9.94203543552967e-05
9.94203543552967e-05
9.94203543552967e-05
9.94203543552967e-05
9.94203543552967e-05
9.94203543552967e-05
9.94203543552967e-05
9.94203543552967e-05
9.94018918202915e-05
9.94018918202915e-05
9.94018918202915e-05
9.94018918202915e-05
9.94018918202915e-05
9.94018918202915e-05
9.94018918202915e-05
9.93993448106407e-05
9.93993448106407e-05
9.93993448106407e-05
9.93993448106407e-05
9.93993448106407e-05
9.93993448106407e-05
9.93993448106407e-05
9.93993448106407e-05
9.93993448106407e-05
9.93993448106407e-05
9.93993448106407e-05
9.93993448106407e-05
9.93993448106407e-05
9.93993448106407e-05
9.93993448106407e-05
9.93993448106407e-05
9.93993448106407e-05
0.000101805538937648
0.000101805538937648
0.000101805538937648
0.000101805538937648
0.000101805538937648
0.000101805538937648
0.000101805538937648
0.000101805538937648
0.000101805538937648
0.000101805538937648
0.000101805538937648
0.000101805538937648
0.000101805538937648
0.000101805538937648
0.000101805538937648
0.000101805538937648
0.000101805538937648
0.000101805538937648
0.000101805538937648
0.000101805538937648
0.000101805538937648
0.000101805538937648
0.000101805538937648
0.000101805538937648
0.000101805538937648
0.000101805538937648
0.000101805538937648
0.000101805538937648
0.00010179904324432
0.00010179904324432
0.00010179904324432
0.00010179904324432
0.000101788671377938
0.000101788671377938
0.000101788671377938
0.000101788671377938
0.000101788671377938
0.000103691584738292
0.000103691584738292
0.000103691584738292
0.000103691584738292
0.000103691584738292
0.000103691584738292
0.000103691584738292
0.000103691584738292
0.000103691584738292
0.000103691584738292
0.000103691584738292
0.000103666866058703
0.000103666866058703
0.000103646459553519
0.000103646459553519
0.000103606301421815
0.000103606301421815
0.000103547841379127
0.000100692493842512
0.000100692168001183
0.000100692168001183
0.000100692168001183
0.000100692168001183
0.000100692168001183
0.0001016435432001
0.0001016435432001
0.0001016435432001
0.0001016435432001
0.0001016435432001
0.0001016435432001
0.0001016435432001
0.000101643217358771
0.000101643217358771
0.000101643217358771
0.000101643217358771
0.000101643217358771
0.000101604886193179
0.000101604886193179
0.000101604886193179
0.000101604886193179
0.000101604886193179
0.000101604886193179
0.000101602311745295
0.000101602311745295
0.000101602311745295
0.000101597183808397
0.000101597183808397
0.000101597183808397
0.000101597183808397
0.000101597183808397
0.000101597183808397
0.000101597183808397
0.000101597183808397
0.00010161091274384
0.00010161091274384
0.00010161091274384
0.00010161091274384
0.00010161091274384
0.00010161091274384
0.000101806109487881
0.000101806109487881
0.000101805783534925
0.000101805783534925
0.000101806109487881
0.000101806109487881
0.000101806109487881
0.000101806109487881
0.000101806109487881
0.000101806109487881
0.000101806109487881
0.000101806109487881
0.000101806109487881
0.000101806109487881
0.000101806109487881
0.000101806109487881
0.000101806109487881
0.000101805131629012
0.000101805131629012
0.000101805131629012
0.000101816702917098
0.000101805131629012
0.000101805131629012
0.000101805131629012
0.000101805131629012
0.000101805131629012
0.000101805131629012
0.000101805131629012
0.000101805131629012
0.000101805131629012
0.000101805131629012
0.000101805131629012
0.000101805131629012
0.000101805131629012
0.000101805131629012
0.000101805131629012
0.000101805131629012
0.000101805131629012
0.000101805131629012
0.000101805131629012
0.000101805131629012
0.000101805131629012
0.000101798635935684
0.000101798635935684
0.000101787031870466
0.000101787031870466
0.000101787031870466
0.000101787031870466
0.000101746158070463
0.000101746158070463
0.000101746158070463
0.000101734636660133
0.000101713392041364
0.000101713392041364
0.000101713392041364
0.000101713392041364
0.000101713392041364
0.000101713392041364
0.000101713392041364
0.000101713392041364
0.000101713392041364
0.000101713392041364
0.000101713392041364
0.000101713392041364
0.000101713392041364
0.000101713392041364
0.000101713392041364
0.000101713392041364
0.000101713392041364
0.000101713392041364
0.000101713392041364
0.000101713392041364
0.000101674082737828
0.000101674698789077
0.000101663710871445
0.000101663710871445
0.000101653451456265
0.000101653451456265
0.000101653451456265
0.000101648363347926
0.000101648363347926
0.000101648363347926
0.000101648363347926
0.000101648363347926
0.000101648363347926
0.000101648363347926
0.000101648363347926
0.000101648363347926
0.000101648363347926
0.000101648363347926
0.000101648363347926
0.000101648363347926
0.000101648363347926
0.000101648363347926
0.000101648363347926
0.000101648363347926
0.000103315067950814
0.000103315067950814
0.000103315067950814
0.000103315067950814
0.000103315067950814
0.000103315067950814
0.000103315067950814
0.000103315067950814
0.000103315067950814
0.000103315067950814
0.000103315067950814
0.000103315067950814
0.000103315067950814
0.000103315067950814
0.000103315067950814
0.000103315067950814
0.000103315067950814
0.000103315067950814
0.000103315067950814
0.000103315067950814
0.000103315067950814
0.000103315067950814
0.00010330000662327
0.00010330000662327
0.000103293335555138
0.000103293335555138
0.000103293335555138
0.000103293335555138
0.000103293335555138
0.000103293335555138
0.000103280714548961
0.000103280714548961
0.000100467233501536
9.86056878229279e-05
0.000101363129705256
0.000103196429840601
0.000103196417817483
0.000103197655480344
0.0001032001221031
0.0001032001221031
0.0001032001221031
0.0001032001221031
0.000103195036783644
0.000103195036783644
0.000103195036783644
0.000103175169539669
0.000103175169539669
9.94527156980964e-05
0.000103174859548938
0.00010317516662873
0.000103175476619461
0.000103175476619461
0.000103175476619461
0.000103175476619461
0.000103175476619461
0.000103175476619461
0.000103175476619461
0.000103175476619461
0.000103175476619461
0.000103174251802434
0.000103174251802434
0.000103173945855017
0.000103175170260997
0.000103175170260997
0.000103175476619461
0.000103175169539669
0.000103174859548938
0.000103174859548938
0.000103176086012224
0.000103176086012224
0.000103176086012224
0.000103174858724563
0.000103173619807844
0.000103173619807844
0.00010315395263803
0.00010315395263803
0.00010315395263803
0.00010315395263803
0.00010315395263803
0.00010315395263803
0.00010315395263803
0.00010315395263803
0.00010315395263803
0.00010315395263803
0.000103157035912934
0.000103157035912934
0.000103157035912934
0.000103159506275894
0.000103159506275894
0.000103159506275894
0.000105026303715184
0.000105026303715184
0.000105026303715184
0.000105026303715184
0.000105026303715184
0.000105026303715184
