0
0
0
0
0
0
0
0
0
0
0
0
0
0
0
0
0
0
0
0
0
0
0
0
0
0
0
0
0
0
0
0
0
0
0
0
0
0
0
0
0
0
0
0
0
0
0
0
0
0
0
1.53811841973714e-05
1.53811841973714e-05
1.53811841973714e-05
1.53811841973714e-05
1.53811841973714e-05
1.53811841973714e-05
1.53811841973714e-05
1.53811841973714e-05
1.53811841973714e-05
1.53811841973714e-05
1.53811841973714e-05
1.53838166095222e-05
1.53838166095222e-05
1.53838166095222e-05
1.53825004034468e-05
1.53811841973714e-05
1.53811841973714e-05
1.53811841973714e-05
1.53811841973714e-05
1.53811841973714e-05
1.53811841973714e-05
1.53811841973714e-05
1.53811841973714e-05
1.53811841973714e-05
1.53811841973714e-05
1.53811841973714e-05
1.53811841973714e-05
1.53811841973714e-05
1.53811841973714e-05
1.53838166095222e-05
2.88446561428541e-05
2.88446561428541e-05
2.88446561428541e-05
2.88446561428541e-05
1.53838166095222e-05
1.53838166095222e-05
1.53838166095222e-05
1.53838166095222e-05
1.53838166095222e-05
1.53838166095222e-05
1.53851332661988e-05
1.53838166095222e-05
2.30941992179832e-05
2.88446561428541e-05
2.88446561428541e-05
4.2305495676186e-05
2.88472894562073e-05
2.88446561428541e-05
2.88446561428541e-05
2.88446561428541e-05
2.88446561428541e-05
2.88446561428541e-05
2.88446561428541e-05
2.88446561428541e-05
2.88446561428541e-05
2.88446561428541e-05
2.88446561428541e-05
2.88446561428541e-05
2.88446561428541e-05
2.88446561428541e-05
2.88446561428541e-05
2.88446561428541e-05
2.88446561428541e-05
2.88446561428541e-05
2.88446561428541e-05
2.89949778546205e-05
2.88446561428541e-05
2.88446561428541e-05
2.88446561428541e-05
2.88446561428541e-05
2.88446561428541e-05
2.88446561428541e-05
2.88397203700713e-05
2.88397203700713e-05
2.88397203700713e-05
2.88397203700713e-05
2.88397203700713e-05
2.88397203700713e-05
2.88397203700713e-05
2.88397203700713e-05
2.88397203700713e-05
2.88397203700713e-05
2.88397203700713e-05
2.88397203700713e-05
2.88397203700713e-05
2.88397203700713e-05
2.88397203700713e-05
2.88397203700713e-05
2.88397203700713e-05
2.88397203700713e-05
2.88397203700713e-05
2.88397203700713e-05
2.88397203700713e-05
2.88397203700713e-05
2.88397203700713e-05
2.88446561428541e-05
2.88397203700713e-05
2.88397203700713e-05
2.88397203700713e-05
2.88397203700713e-05
2.88397203700713e-05
2.88397203700713e-05
2.88397203700713e-05
2.88397203700713e-05
2.88397203700713e-05
2.88397203700713e-05
2.88397203700713e-05
2.88397203700713e-05
2.88397203700713e-05
2.88397203700713e-05
2.88397203700713e-05
2.88397203700713e-05
2.88397203700713e-05
2.88397203700713e-05
2.88397203700713e-05
2.88397203700713e-05
2.88397203700713e-05
2.88397203700713e-05
2.88397203700713e-05
2.88397203700713e-05
2.88472894562073e-05
2.88446561428541e-05
2.88446561428541e-05
2.88446561428541e-05
2.88446561428541e-05
2.88446561428541e-05
2.88446561428541e-05
2.88446561428541e-05
2.88446561428541e-05
2.88446561428541e-05
2.88446561428541e-05
2.88446561428541e-05
2.88472894562073e-05
2.88446561428541e-05
2.88446561428541e-05
2.88446561428541e-05
2.88446561428541e-05
2.88446561428541e-05
2.88446561428541e-05
2.88446561428541e-05
2.88446561428541e-05
3.42289919561869e-05
3.42289919561869e-05
3.42289919561869e-05
3.42289919561869e-05
3.42289919561869e-05
3.42289919561869e-05
3.42289919561869e-05
3.42289919561869e-05
3.42289919561869e-05
3.42289919561869e-05
3.42289919561869e-05
3.42289919561869e-05
3.42289919561869e-05
3.42289919561869e-05
3.42289919561869e-05
3.42289919561869e-05
3.42289919561869e-05
3.42289919561869e-05
3.42289919561869e-05
3.42289919561869e-05
3.42289919561869e-05
3.4232116821366e-05
3.42289919561869e-05
3.42289919561869e-05
3.42289919561869e-05
3.42289919561869e-05
3.42262586349036e-05
3.42231348391513e-05
3.42231348391513e-05
3.42231348391513e-05
3.42231348391513e-05
3.42231348391513e-05
3.42231348391513e-05
3.42231348391513e-05
3.42231348391513e-05
3.42231348391513e-05
3.42231348391513e-05
3.42231348391513e-05
3.42289919561869e-05
3.42231348391513e-05
3.42231348391513e-05
3.42231348391513e-05
3.42231348391513e-05
3.42231348391513e-05
3.42246967370274e-05
3.42231348391513e-05
3.42231348391513e-05
3.42231348391513e-05
3.42231348391513e-05
3.42231348391513e-05
3.42231348391513e-05
3.42231348391513e-05
3.42231348391513e-05
3.42231348391513e-05
3.42231348391513e-05
3.42231348391513e-05
3.42231348391513e-05
3.42231348391513e-05
3.42231348391513e-05
3.42231348391513e-05
3.42231348391513e-05
3.42231348391513e-05
3.42231348391513e-05
3.42231348391513e-05
3.42231348391513e-05
3.42231348391513e-05
3.42231348391513e-05
3.42231348391513e-05
3.42231348391513e-05
3.42231348391513e-05
3.42231348391513e-05
3.42231348391513e-05
3.42231348391513e-05
3.42231348391513e-05
3.42231348391513e-05
3.42231348391513e-05
3.42231348391513e-05
3.42231348391513e-05
3.42231348391513e-05
3.42231348391513e-05
3.42231348391513e-05
3.42289919561869e-05
3.42289919561869e-05
3.42231348391513e-05
3.42289919561869e-05
3.42289919561869e-05
3.42289919561869e-05
3.65140496184452e-05
3.42289919561869e-05
3.42289919561869e-05
3.42289919561869e-05
3.42289919561869e-05
3.42289919561869e-05
3.42289919561869e-05
3.42289919561869e-05
3.42289919561869e-05
2.85241599634891e-05
2.85241599634891e-05
2.85293689637677e-05
2.85241599634891e-05
2.85241599634891e-05
2.85192790326261e-05
2.85192790326261e-05
2.85192790326261e-05
2.85192790326261e-05
2.85192790326261e-05
2.85192790326261e-05
2.85192790326261e-05
2.85192790326261e-05
2.85192790326261e-05
2.85192790326261e-05
2.85192790326261e-05
2.85192790326261e-05
2.85192790326261e-05
2.85192790326261e-05
2.85192790326261e-05
2.8524486250069e-05
2.8524486250069e-05
2.8524486250069e-05
2.8524486250069e-05
2.8524486250069e-05
2.85293689637677e-05
2.85196052074071e-05
2.8524486250069e-05
2.85196052074071e-05
2.8522209261723e-05
2.85196052074071e-05
2.85196052074071e-05
2.85196052074071e-05
2.85196052074071e-05
2.8524486250069e-05
2.85196052074071e-05
2.85196052074071e-05
2.85196052074071e-05
2.85196052074071e-05
2.85196052074071e-05
2.85196052074071e-05
2.85196052074071e-05
2.85196052074071e-05
2.85196052074071e-05
2.85196052074071e-05
2.85196052074071e-05
2.85196052074071e-05
2.85196052074071e-05
2.85196052074071e-05
2.85196052074071e-05
2.85196052074071e-05
2.85196052074071e-05
2.85196052074071e-05
2.85196052074071e-05
2.85196052074071e-05
2.85196052074071e-05
2.85345815324659e-05
2.85196052074071e-05
2.85196052074071e-05
2.85196052074071e-05
2.85196052074071e-05
2.85196052074071e-05
2.85196052074071e-05
2.85196052074071e-05
2.85196052074071e-05
2.85196052074071e-05
2.85196052074071e-05
2.85196052074071e-05
2.85293689637677e-05
2.85143997718848e-05
2.85143997718848e-05
2.85143997718848e-05
2.85143997718848e-05
2.85143997718848e-05
2.85143997718848e-05
2.85143997718848e-05
2.85143997718848e-05
2.85143997718848e-05
2.85143997718848e-05
2.85143997718848e-05
2.85143997718848e-05
2.85143997718848e-05
2.85143997718848e-05
2.85143997718848e-05
2.85192790326261e-05
2.85323037647298e-05
2.85192790326261e-05
2.85192790326261e-05
2.85192790326261e-05
2.85192790326261e-05
3.04309816340913e-05
3.04309816340913e-05
3.04309816340913e-05
3.04309816340913e-05
3.04456523118463e-05
3.04456523118463e-05
2.85424088731243e-05
2.85371891561183e-05
2.85371891561183e-05
2.85371891561183e-05
2.85371891561183e-05
2.85371891561183e-05
2.85371891561183e-05
2.85371891561183e-05
2.85371891561183e-05
2.85371891561183e-05
2.85371891561183e-05
2.85371891561183e-05
2.85371891561183e-05
2.85371891561183e-05
2.85371891561183e-05
2.85241599634891e-05
2.85241599634891e-05
2.85241599634891e-05
2.85241599634891e-05
2.85241599634891e-05
2.85241599634891e-05
2.85241599634891e-05
2.85241599634891e-05
2.85241599634891e-05
2.85241599634891e-05
2.85192790326261e-05
2.85192790326261e-05
2.85192790326261e-05
2.85192790326261e-05
2.85192790326261e-05
2.85192790326261e-05
2.85192790326261e-05
2.85192790326261e-05
2.85192790326261e-05
2.85192790326261e-05
2.85192790326261e-05
2.85192790326261e-05
2.85192790326261e-05
2.85192790326261e-05
2.85192790326261e-05
2.85192790326261e-05
2.85192790326261e-05
2.85192790326261e-05
2.85192790326261e-05
3.6124420107993e-05
3.6124420107993e-05
2.85192790326261e-05
2.85192790326261e-05
3.6124420107993e-05
2.85192790326261e-05
3.6124420107993e-05
3.6124420107993e-05
2.85192790326261e-05
2.85192790326261e-05
2.85192790326261e-05
2.85192790326261e-05
2.85192790326261e-05
2.85192790326261e-05
2.85192790326261e-05
2.85437004053205e-05
2.85437004053205e-05
2.85437004053205e-05
2.85437004053205e-05
2.85437004053205e-05
2.85437004053205e-05
2.85437004053205e-05
2.85437004053205e-05
2.85437004053205e-05
2.85437004053205e-05
2.85437004053205e-05
2.85437004053205e-05
2.85437004053205e-05
2.85437004053205e-05
2.85437004053205e-05
2.85437004053205e-05
2.85437004053205e-05
2.85437004053205e-05
2.85437004053205e-05
2.85192790326261e-05
2.85192790326261e-05
2.85192790326261e-05
2.85192790326261e-05
2.85192790326261e-05
2.85192790326261e-05
2.85192790326261e-05
2.85192790326261e-05
2.85192790326261e-05
2.85192790326261e-05
2.85192790326261e-05
2.85192790326261e-05
2.85192790326261e-05
2.85192790326261e-05
2.85192790326261e-05
2.85192790326261e-05
2.85192790326261e-05
2.85192790326261e-05
1.48796238431092e-05
1.48796238431092e-05
1.48796238431092e-05
1.48796238431092e-05
1.48796238431092e-05
1.48796238431092e-05
1.48796238431092e-05
1.48796238431092e-05
1.48796238431092e-05
1.48796238431092e-05
1.48796238431092e-05
1.48796238431092e-05
1.48796238431092e-05
1.48796238431092e-05
1.48796238431092e-05
1.48796238431092e-05
1.48796238431092e-05
1.48796238431092e-05
1.48796238431092e-05
1.48796238431092e-05
1.48796238431092e-05
1.48796238431092e-05
1.48796238431092e-05
1.48796238431092e-05
1.48796238431092e-05
1.48796238431092e-05
1.48796238431092e-05
1.48796238431092e-05
1.48796238431092e-05
1.48796238431092e-05
1.48796238431092e-05
1.48796238431092e-05
1.48796238431092e-05
1.48796238431092e-05
1.48796238431092e-05
1.48796238431092e-05
1.48796238431092e-05
1.48796238431092e-05
1.48796238431092e-05
1.48796238431092e-05
1.48796238431092e-05
1.48796238431092e-05
1.48796238431092e-05
1.48796238431092e-05
1.48796238431092e-05
1.48796238431092e-05
1.48796238431092e-05
1.48796238431092e-05
1.48796238431092e-05
1.48796238431092e-05
1.48796238431092e-05
1.48796238431092e-05
1.48796238431092e-05
1.48796238431092e-05
1.48796238431092e-05
1.48796238431092e-05
1.48796238431092e-05
1.48796238431092e-05
1.48796238431092e-05
1.48796238431092e-05
1.48796238431092e-05
1.48796238431092e-05
1.48796238431092e-05
1.48796238431092e-05
1.48808971294213e-05
1.48796238431092e-05
1.48796238431092e-05
1.48796238431092e-05
1.48796238431092e-05
1.48796238431092e-05
1.48796238431092e-05
1.48796238431092e-05
1.48796238431092e-05
1.48796238431092e-05
1.48796238431092e-05
1.48796238431092e-05
1.48796238431092e-05
1.48796238431092e-05
1.48796238431092e-05
1.48796238431092e-05
1.48796238431092e-05
1.48796238431092e-05
1.48796238431092e-05
1.48796238431092e-05
1.48796238431092e-05
1.48796238431092e-05
1.48796238431092e-05
1.48796238431092e-05
1.48796238431092e-05
1.48796238431092e-05
1.48796238431092e-05
1.48796238431092e-05
1.48796238431092e-05
1.48796238431092e-05
1.48796238431092e-05
1.48796238431092e-05
1.48796238431092e-05
1.48796238431092e-05
1.48796238431092e-05
1.48796238431092e-05
1.48796238431092e-05
1.48796238431092e-05
1.48796238431092e-05
1.48796238431092e-05
1.48796238431092e-05
1.48796238431092e-05
1.48796238431092e-05
1.48796238431092e-05
1.48796238431092e-05
1.48796238431092e-05
1.48796238431092e-05
1.48796238431092e-05
1.48796238431092e-05
1.48796238431092e-05
1.48796238431092e-05
1.48796238431092e-05
1.48796238431092e-05
1.48796238431092e-05
1.48796238431092e-05
1.48796238431092e-05
1.48796238431092e-05
1.48796238431092e-05
1.48796238431092e-05
1.48796238431092e-05
1.48796238431092e-05
1.48796238431092e-05
1.48796238431092e-05
1.48796238431092e-05
1.48796238431092e-05
1.48796238431092e-05
1.48796238431092e-05
1.48796238431092e-05
1.48796238431092e-05
1.48796238431092e-05
1.48796238431092e-05
1.48796238431092e-05
1.48796238431092e-05
1.48796238431092e-05
1.48796238431092e-05
1.48796238431092e-05
1.48796238431092e-05
1.48796238431092e-05
1.48796238431092e-05
1.48796238431092e-05
1.48796238431092e-05
1.48796238431092e-05
1.48796238431092e-05
1.48796238431092e-05
1.48796238431092e-05
1.48796238431092e-05
1.48796238431092e-05
1.48796238431092e-05
1.48796238431092e-05
1.48796238431092e-05
1.48796238431092e-05
1.48796238431092e-05
1.48796238431092e-05
1.48796238431092e-05
1.48796238431092e-05
1.48796238431092e-05
1.48796238431092e-05
1.48796238431092e-05
1.48796238431092e-05
1.48796238431092e-05
1.48796238431092e-05
1.48796238431092e-05
1.48796238431092e-05
1.48796238431092e-05
1.48796238431092e-05
1.48796238431092e-05
1.48796238431092e-05
1.48796238431092e-05
1.48796238431092e-05
1.48796238431092e-05
1.48796238431092e-05
1.48796238431092e-05
1.48796238431092e-05
1.48796238431092e-05
1.48796238431092e-05
1.48796238431092e-05
1.48796238431092e-05
1.48796238431092e-05
1.48796238431092e-05
1.48796238431092e-05
1.48796238431092e-05
1.48796238431092e-05
1.48796238431092e-05
1.48796238431092e-05
1.48796238431092e-05
1.48796238431092e-05
1.48796238431092e-05
1.48796238431092e-05
1.50431361930335e-05
1.50431361930335e-05
1.50431361930335e-05
1.50431361930335e-05
1.50431361930335e-05
1.50431361930335e-05
1.50431361930335e-05
1.50431361930335e-05
1.50431361930335e-05
1.50431361930335e-05
1.50431361930335e-05
1.50431361930335e-05
1.50431361930335e-05
1.50431361930335e-05
1.50431361930335e-05
1.50431361930335e-05
1.5053439710974e-05
1.5053439710974e-05
1.5053439710974e-05
1.50431361930335e-05
1.50431361930335e-05
2.25647042895503e-05
2.25647042895503e-05
1.50431361930335e-05
1.50431361930335e-05
1.50431361930335e-05
1.50431361930335e-05
1.50431361930335e-05
1.50431361930335e-05
1.5053439710974e-05
2.25801595664609e-05
2.25801595664609e-05
1.50508625084896e-05
1.50508625084896e-05
1.50508625084896e-05
1.50508625084896e-05
1.50508625084896e-05
1.50508625084896e-05
1.50508625084896e-05
1.50508625084896e-05
1.50508625084896e-05
1.50508625084896e-05
1.50508625084896e-05
1.50508625084896e-05
1.50508625084896e-05
1.50508625084896e-05
1.50508625084896e-05
1.50508625084896e-05
1.50508625084896e-05
1.50508625084896e-05
1.50508625084896e-05
1.5053439710974e-05
1.5053439710974e-05
1.50508625084896e-05
1.5053439710974e-05
1.50508625084896e-05
1.50508625084896e-05
1.50508625084896e-05
1.50508625084896e-05
1.50508625084896e-05
1.50508625084896e-05
1.50508625084896e-05
1.50508625084896e-05
1.50508625084896e-05
1.50508625084896e-05
1.50508625084896e-05
1.50508625084896e-05
1.50508625084896e-05
1.5053439710974e-05
1.5053439710974e-05
1.50508625084896e-05
1.50508625084896e-05
1.50508625084896e-05
1.50508625084896e-05
1.50508625084896e-05
1.50508625084896e-05
1.50508625084896e-05
1.50508625084896e-05
1.50508625084896e-05
1.50508625084896e-05
1.50508625084896e-05
1.50508625084896e-05
1.50508625084896e-05
1.50508625084896e-05
1.5056017796213e-05
1.5056017796213e-05
1.5056017796213e-05
1.5056017796213e-05
1.5056017796213e-05
1.5056017796213e-05
1.5056017796213e-05
1.5056017796213e-05
1.5056017796213e-05
1.5056017796213e-05
1.5056017796213e-05
1.5056017796213e-05
1.48923654288629e-05
1.48923654288629e-05
1.48923654288629e-05
1.48923654288629e-05
1.48923654288629e-05
1.48923654288629e-05
1.48923654288629e-05
1.48923654288629e-05
1.48923654288629e-05
1.48923654288629e-05
1.48923654288629e-05
1.48923654288629e-05
1.48923654288629e-05
1.48923654288629e-05
1.48923654288629e-05
1.48923654288629e-05
1.48923654288629e-05
1.48923654288629e-05
1.48923654288629e-05
1.48923654288629e-05
1.48923654288629e-05
1.48923654288629e-05
1.48923654288629e-05
1.48923654288629e-05
1.48923654288629e-05
1.48923654288629e-05
1.48923654288629e-05
1.48923654288629e-05
1.48923654288629e-05
1.48923654288629e-05
1.48923654288629e-05
1.48923654288629e-05
1.48923654288629e-05
1.48923654288629e-05
1.48923654288629e-05
1.48923654288629e-05
1.48923654288629e-05
1.48949163650446e-05
1.48949163650446e-05
1.48949163650446e-05
0.000143503653910064
1.48949163650446e-05
1.48923654288629e-05
1.48923654288629e-05
1.48923654288629e-05
1.48923654288629e-05
1.48923654288629e-05
1.48923654288629e-05
1.48923654288629e-05
1.48923654288629e-05
1.48923654288629e-05
1.48923654288629e-05
1.48923654288629e-05
1.48923654288629e-05
1.48923654288629e-05
1.48923654288629e-05
1.48923654288629e-05
1.48923654288629e-05
1.48923654288629e-05
1.48923654288629e-05
1.48923654288629e-05
1.48923654288629e-05
1.48923654288629e-05
1.48923654288629e-05
1.48923654288629e-05
1.48923654288629e-05
1.48923654288629e-05
1.48923654288629e-05
1.48923654288629e-05
1.48923654288629e-05
1.48923654288629e-05
1.48923654288629e-05
1.48923654288629e-05
1.48923654288629e-05
1.48923654288629e-05
1.48923654288629e-05
1.48923654288629e-05
1.48923654288629e-05
1.48923654288629e-05
1.48923654288629e-05
1.48923654288629e-05
1.48923654288629e-05
1.48923654288629e-05
1.48923654288629e-05
1.48923654288629e-05
1.48923654288629e-05
2.23385481432943e-05
2.23385481432943e-05
2.23385481432943e-05
2.23385481432943e-05
2.23385481432943e-05
2.23385481432943e-05
2.23385481432943e-05
2.23385481432943e-05
2.23385481432943e-05
2.23385481432943e-05
2.28349603242564e-05
2.28349603242564e-05
2.28349603242564e-05
2.28349603242564e-05
2.28349603242564e-05
2.28349603242564e-05
2.28349603242564e-05
2.28349603242564e-05
1.52233068828376e-05
1.52233068828376e-05
1.52233068828376e-05
1.52233068828376e-05
1.52233068828376e-05
1.52233068828376e-05
1.52233068828376e-05
1.52233068828376e-05
1.52233068828376e-05
1.52233068828376e-05
1.52233068828376e-05
2.28349603242564e-05
1.52233068828376e-05
1.52233068828376e-05
1.52233068828376e-05
1.52233068828376e-05
1.52233068828376e-05
1.52233068828376e-05
1.52233068828376e-05
1.52233068828376e-05
1.52233068828376e-05
1.52233068828376e-05
1.52233068828376e-05
1.52233068828376e-05
1.52233068828376e-05
1.52233068828376e-05
1.52233068828376e-05
1.52233068828376e-05
1.52233068828376e-05
1.52233068828376e-05
1.52233068828376e-05
1.52233068828376e-05
1.52233068828376e-05
1.52233068828376e-05
1.52233068828376e-05
1.52233068828376e-05
1.52233068828376e-05
1.52233068828376e-05
1.52233068828376e-05
1.52233068828376e-05
1.52233068828376e-05
1.52233068828376e-05
1.52233068828376e-05
1.52233068828376e-05
1.52233068828376e-05
1.52233068828376e-05
1.52272214461882e-05
2.09284627092846e-05
2.09284627092846e-05
2.09284627092846e-05
2.09284627092846e-05
2.09284627092846e-05
2.09284627092846e-05
2.09284627092846e-05
2.09284627092846e-05
2.85388127853881e-05
1.5220700152207e-05
1.5220700152207e-05
1.5220700152207e-05
1.5220700152207e-05
1.5220700152207e-05
1.5220700152207e-05
1.5220700152207e-05
1.5220700152207e-05
1.5220700152207e-05
1.5220700152207e-05
1.5220700152207e-05
1.5220700152207e-05
1.5220700152207e-05
1.5220700152207e-05
1.5220700152207e-05
1.5220700152207e-05
1.5220700152207e-05
1.5220700152207e-05
1.5220700152207e-05
1.5220700152207e-05
1.5220700152207e-05
1.5220700152207e-05
1.5220700152207e-05
1.5220700152207e-05
1.5220700152207e-05
1.5220700152207e-05
1.52233068828376e-05
1.52233068828376e-05
1.52233068828376e-05
1.52233068828376e-05
1.52233068828376e-05
1.52233068828376e-05
1.52233068828376e-05
1.52233068828376e-05
1.52233068828376e-05
1.52233068828376e-05
1.52233068828376e-05
1.52233068828376e-05
1.52233068828376e-05
1.52233068828376e-05
1.52233068828376e-05
1.52233068828376e-05
1.52233068828376e-05
1.52233068828376e-05
1.52233068828376e-05
1.52233068828376e-05
1.52233068828376e-05
1.52233068828376e-05
1.52233068828376e-05
1.52233068828376e-05
1.52233068828376e-05
1.52233068828376e-05
1.522591450649e-05
1.52233068828376e-05
1.52233068828376e-05
1.52233068828376e-05
1.52233068828376e-05
1.52233068828376e-05
1.52233068828376e-05
1.52233068828376e-05
1.52233068828376e-05
1.52233068828376e-05
1.52233068828376e-05
1.52233068828376e-05
1.52233068828376e-05
1.52233068828376e-05
1.52233068828376e-05
1.52233068828376e-05
1.52233068828376e-05
1.52233068828376e-05
1.52233068828376e-05
1.52233068828376e-05
1.52233068828376e-05
1.52233068828376e-05
1.52233068828376e-05
1.52233068828376e-05
1.52233068828376e-05
1.52233068828376e-05
1.52233068828376e-05
1.52233068828376e-05
1.52233068828376e-05
1.52233068828376e-05
1.52233068828376e-05
1.52233068828376e-05
1.52233068828376e-05
1.52233068828376e-05
1.52233068828376e-05
1.52233068828376e-05
1.52233068828376e-05
1.52233068828376e-05
1.52233068828376e-05
1.52233068828376e-05
1.52233068828376e-05
1.52233068828376e-05
1.52233068828376e-05
1.52233068828376e-05
1.52233068828376e-05
1.52233068828376e-05
1.52233068828376e-05
1.52233068828376e-05
1.52233068828376e-05
1.52233068828376e-05
1.52233068828376e-05
1.52233068828376e-05
1.52233068828376e-05
1.52233068828376e-05
1.52233068828376e-05
1.52233068828376e-05
1.52233068828376e-05
1.52233068828376e-05
1.52233068828376e-05
1.52233068828376e-05
1.52233068828376e-05
1.52233068828376e-05
1.52233068828376e-05
1.52233068828376e-05
1.52233068828376e-05
1.52233068828376e-05
1.52233068828376e-05
1.52233068828376e-05
1.52233068828376e-05
1.52233068828376e-05
1.52233068828376e-05
1.52233068828376e-05
1.52233068828376e-05
1.52233068828376e-05
1.52233068828376e-05
1.52233068828376e-05
1.48923654288629e-05
2.23385481432943e-05
2.23385481432943e-05
2.23385481432943e-05
2.23385481432943e-05
2.23385481432943e-05
1.48923654288629e-05
1.48923654288629e-05
1.48923654288629e-05
1.48923654288629e-05
1.48923654288629e-05
1.48923654288629e-05
1.48923654288629e-05
1.48923654288629e-05
1.48923654288629e-05
1.48923654288629e-05
1.48923654288629e-05
1.48923654288629e-05
1.48923654288629e-05
1.48923654288629e-05
1.48923654288629e-05
1.48923654288629e-05
1.48898153662895e-05
1.48898153662895e-05
1.48898153662895e-05
1.48898153662895e-05
1.48898153662895e-05
1.48898153662895e-05
1.48898153662895e-05
1.48898153662895e-05
1.48898153662895e-05
1.48898153662895e-05
1.48898153662895e-05
1.48898153662895e-05
1.48898153662895e-05
1.48898153662895e-05
1.48898153662895e-05
1.48898153662895e-05
1.48898153662895e-05
1.48898153662895e-05
1.48898153662895e-05
1.48898153662895e-05
1.48898153662895e-05
1.48898153662895e-05
1.48898153662895e-05
1.48898153662895e-05
1.48898153662895e-05
1.48898153662895e-05
1.48898153662895e-05
1.48898153662895e-05
1.48898153662895e-05
1.48898153662895e-05
1.48898153662895e-05
1.48898153662895e-05
1.48898153662895e-05
1.48898153662895e-05
1.48898153662895e-05
1.48898153662895e-05
1.48898153662895e-05
1.48898153662895e-05
1.48898153662895e-05
1.48898153662895e-05
1.48898153662895e-05
1.48898153662895e-05
1.48898153662895e-05
1.48898153662895e-05
1.48898153662895e-05
1.48898153662895e-05
1.48898153662895e-05
1.48898153662895e-05
1.48898153662895e-05
1.48898153662895e-05
1.48898153662895e-05
1.48898153662895e-05
1.48898153662895e-05
1.48898153662895e-05
1.48898153662895e-05
1.48898153662895e-05
1.48898153662895e-05
1.48898153662895e-05
1.48898153662895e-05
1.48898153662895e-05
1.48898153662895e-05
1.48898153662895e-05
1.48898153662895e-05
1.48898153662895e-05
1.48898153662895e-05
1.48898153662895e-05
1.48898153662895e-05
1.48898153662895e-05
1.48898153662895e-05
1.48898153662895e-05
1.48898153662895e-05
1.48898153662895e-05
1.48898153662895e-05
1.48898153662895e-05
0
0
0
0
0
0
0
0
0
0
0
0
0
0
0
0
0
0
0
0
0
0
0
0
0
0
0
0
0
0
0
0
0
0
0
0
0
0
0
0
0
0
0
0
0
0
0
0
0
0
0
0
0
0
0
0
0
0
0
0
0
0
0
0
0
0
0
0
0
0
0
0
0
0
0
0
0
0
0
0
0
0
0
0
0
0
0
0
0
0
0
0
0
0
0
0
0
0
0
0
0
0
0
0
0
0
0
0
0
0
0
0
0
0
0
0
0
0
0
0
0
0
0
0
0
0
0
0
0
0
0
0
0
0
0
0
0
0
0
0
0
0
0
0
0
0
0
0
0
0
0
0
0
0
0
0
0
0
0
0
0
0
0
0
0
0
0
0
0
0
0
0
0
0
0
0
0
0
0
0
0
0
0
0
0
0
0
0
0
0
0
0
