0.00119678577534621
0.00119678577534621
0.00119678577534621
0.00119678577534621
0.00119678577534621
0.00119678577534621
0.00119678577534621
0.00119678577534621
0.00119678577534621
0.00119678577534621
0.00119678577534621
0.00119678577534621
0.00119678577534621
0.00119678577534621
0.00119678577534621
0.00119678577534621
0.00119678577534621
0.00119678577534621
0.00119678577534621
0.00119678577534621
0.00119678577534621
0.00119678577534621
0.00119678577534621
0.00119678577534621
0.00119678577534621
0.00119678577534621
0.00119678577534621
0.00119678577534621
0.00119678577534621
0.00119678577534621
0.00119678577534621
0.00119678577534621
0.00119678584719131
0.00119678584719131
0.00119678577534621
0.00119678577534621
0.00119678577534621
0.00119678577534621
0.00119678577534621
0.00119678814661525
0.00119678814661525
0.00119678577534621
0.00119678577534621
0.00119678577534621
0.00119678577534621
0.00119678577534621
0.00119678577534621
0.00119678577534621
0.00119678577534621
0.00119678577534621
0.00119679274546312
0.00119678814661525
0.00119678584719131
0.00119678584719131
0.00119678814661525
0.00119678577534621
0.00119678577534621
0.00119678577534621
0.00119678577534621
0.00119678577534621
0.00119678577534621
0.00119678577534621
0.00119678577534621
0.00119678577534621
0.00119678577534621
0.00119678577534621
0.00119678577534621
0.00119678577534621
0.00119678577534621
0.00119678577534621
0.00119678577534621
0.00119678577534621
0.00119678577534621
0.00119678577534621
0.00119678577534621
0.00119678577534621
0.00119678577534621
0.00119678577534621
0.00119712767958106
0.00119678577534621
0.00119678577534621
0.00119678577534621
0.00119678577534621
0.00119678577534621
0.00119678577534621
0.00119678577534621
0.00119678577534621
0.00119678577534621
0.00119678577534621
0.00119678577534621
0.00119678577534621
0.00119678577534621
0.00119678577534621
0.00119678577534621
0.00119678577534621
0.00119678577534621
0.00119678577534621
0.00119678577534621
0.00119678577534621
0.00119678577534621
0.00119678577534621
0.00119678577534621
0.00119678577534621
0.00119678577534621
0.00119678577534621
0.00119678577534621
0.00119678577534621
0.00119678577534621
0.00119678577534621
0.00119678577534621
0.00119678577534621
0.00119678577534621
0.00119678577534621
0.00119678577534621
0.00119678577534621
0.00119678577534621
0.00119678577534621
0.00119891065945131
0.00119678814661525
0.00119678814661525
0.00119678584719131
0.00119678577534621
0.00119678577534621
0.00119678577534621
0.00119844540999928
0.00119678577534621
0.00119678577534621
0.00119678577534621
0.00119678577534621
0.00119678577534621
0.00119678577534621
0.00119696819602793
0.00119697049545187
0.00119697049545187
0.00119697049545187
0.00119697049545187
0.00119697279487581
0.00119697279487581
0.00119697049545187
0.00119697049545187
0.00119697049545187
0.00119697049545187
0.00119697049545187
0.00119697049545187
0.00119697049545187
0.00119697049545187
0.00119697049545187
0.00119697049545187
0.00119697049545187
0.00119697049545187
0.00119697049545187
0.00119697049545187
0.00119697049545187
0.00119697049545187
0.00119697049545187
0.00119697049545187
0.00119697049545187
0.00119697049545187
0.00119697049545187
0.00119697049545187
0.00119697049545187
0.00119697049545187
0.00119697049545187
0.00119697049545187
0.00119697049545187
0.00119697049545187
0.00119697049545187
0.00119697049545187
0.00119697049545187
0.00119697049545187
0.00119697049545187
0.00119697049545187
0.001196965896604
0.001196965896604
0.001196965896604
0.001196965896604
0.001196965896604
0.001196965896604
0.001196965896604
0.001196965896604
0.001196965896604
0.001196965896604
0.001196965896604
0.001196965896604
0.001196965896604
0.001196965896604
0.001196965896604
0.001196965896604
0.001196965896604
0.001196965896604
0.001196965896604
0.001196965896604
0.00119699042407661
0.00119699042407661
0.00119699042407661
0.00119699042407661
0.00119699042407661
0.00119699042407661
0.00119699042407661
0.00119699042407661
0.00119699042407661
0.00119699049594628
0.00119699042407661
0.00119699042407661
0.00119699042407661
0.00119699042407661
0.00119699042407661
0.00119699042407661
0.00119699042407661
0.00119699042407661
0.00119699042407661
0.00119699042407661
0.00119699042407661
0.00119699042407661
0.00119699042407661
0.00119699042407661
0.00119699042407661
0.00119699042407661
0.00119699042407661
0.00119699042407661
0.00119758379304138
0.00119771382233748
0.00119771382233748
0.00119770461677238
0.00119770461677238
0.00119771382233748
0.00119771382233748
0.00119772302790258
0.00119772302790258
0.00119772302790258
0.00119772302790258
0.00119772302790258
0.00119772302790258
0.00119772302790258
0.00119772302790258
0.00119772302790258
0.00119772302790258
0.00119772302790258
0.00119772302790258
0.00119772302790258
0.00119772302790258
0.00119772302790258
0.00119772302790258
0.00119772302790258
0.00119772302790258
0.00119772302790258
0.00119772302790258
0.00119772302790258
0.00119772302790258
0.00119772302790258
0.00119772302790258
0.00119772302790258
0.00119772302790258
0.00119772302790258
0.00119790115189759
0.00119790345525823
0.00119790345525823
0.00119778759289593
0.00119772302790258
0.00119772302790258
0.00119772302790258
0.00119772302790258
0.00119772302790258
0.0011977288581737
0.00119772302790258
0.00119772302790258
0.00119772302790258
0.00119772302790258
0.00119772302790258
0.00119772302790258
0.00119772302790258
0.00119772302790258
0.00119790345525823
0.00119790345525823
0.00119790345525823
0.00119790115189759
0.00119790115189759
0.00119790115189759
0.00119790115189759
0.00119790115189759
0.00119790115189759
0.00119790115189759
0.00119790115189759
0.00119794845707626
0.00119790345525823
0.00119790345525823
0.00119790115189759
0.00119790115189759
0.00119801471846654
0.00119819751401699
0.00119801471846654
0.00119801471846654
0.00119801471846654
0.00119801471846654
0.00119801471846654
0.00119801471846654
0.00119801471846654
0.00119801471846654
0.00119801471846654
0.00119801471846654
0.00119801471846654
0.00119801471846654
0.00119801471846654
0.00119801471846654
0.00119801471846654
0.00119801471846654
0.00119801471846654
0.00119801471846654
0.00119801471846654
0.00119801471846654
0.00119801471846654
0.00119801471846654
0.00119801471846654
0.00119801471846654
0.00119801471846654
0.00119784587703693
0.00119784587703693
0.00119784587703693
0.00119784587703693
0.00119784587703693
0.00119784587703693
0.0011978504837582
0.00119784587703693
0.00119784587703693
0.00119784587703693
0.00119784587703693
0.00119784587703693
0.00119784587703693
0.00119784587703693
0.00119784587703693
0.00119784587703693
0.00119784818039756
0.00119784818039756
0.00119784818039756
0.00119784818039756
0.00119784818039756
0.00119784818039756
0.00119787928473788
0.00119806435127129
0.00119791385329053
0.00119791385329053
0.00119790233175444
0.00119790233175444
0.00119790233175444
0.00119790233175444
0.00119790233175444
0.00119790233175444
0.00119790233175444
0.00119790233175444
0.00119790233175444
0.00119790233175444
0.00119790233175444
0.00119790233175444
0.00119790233175444
0.00119790233175444
0.00119790233175444
0.00119790233175444
0.00119790233175444
0.00119790233175444
0.00119790233175444
0.00119790117879199
0.00119790117879199
0.00119790117879199
0.00119823103082855
0.00119807471865983
0.00119807241451064
0.0011980643489032
0.00119806204475402
0.00119806204475402
0.00119806204475402
0.00119806204475402
0.0011980528218436
0.0011980528218436
0.0011980528218436
0.0011980528218436
0.00119821604211747
0.00119805512599278
0.00119805512599278
0.0011980528218436
0.0011980528218436
0.0011980528218436
0.0011980528218436
0.0011980528218436
0.0011980528218436
0.00119809276522639
0.00119809276522639
0.00119809276522639
0.00119809276522639
0.00119809276522639
0.00119809276522639
0.00119810370974675
0.00119810234156465
0.00119810234156465
0.00119810234156465
0.00119810234156465
0.00119810234156465
0.00119810234156465
0.00119810234156465
0.00119810234156465
0.00119810370974675
0.00119810370974675
0.00119810370974675
0.00119810370974675
0.00119809276522639
0.00119808182257896
0.00119816931833592
0.00119807772014019
0.00119807772014019
0.00119808592291128
0.00119808045439722
0.00119799844021667
0.00119789184021496
0.00119789184021496
0.00119789457353624
0.00119789594124993
0.00119789184021496
0.00119788910689368
0.00119788637357239
0.00119788910689368
0.00119788910689368
0.00119789730685753
0.00119789184021496
0.00119809139891722
0.00119788910689368
0.00119788910689368
0.00119788637357239
0.00119788637357239
0.00119787269947795
0.0011978972993695
0.00119787269947795
0.00119787269947795
0.00119787269947795
0.00119787269947795
0.00119787269947795
0.00119787269947795
0.00119787269947795
0.00119787269947795
0.00119787269947795
0.00119787269947795
0.00119787269947795
0.00119787269947795
0.00119787269947795
0.00119787269947795
0.00119787269947795
0.00119787269947795
0.00119789047741605
0.00119789047741605
0.00119789047741605
0.00119789047741605
0.00119789047741605
0.00119789047741605
0.00119789047741605
0.00119789047741605
0.00119789047741605
0.00119789047741605
0.00119789047741605
0.00119789047741605
0.00119789047741605
0.00119789047741605
0.00119789047741605
0.00119789047741605
0.00119788637357239
0.00119789047741605
0.00119789594405862
0.00119789594405862
0.00119809823842352
0.00119809550416649
0.00119789047741605
0.00119809550416649
0.00119809003096936
0.00119809003096936
0.0011982814432481
0.00119809003096936
0.00119809003096936
0.00119809003096936
0.00119809003096936
0.00119809003096936
0.00119809003096936
0.00119809003096936
0.00119809003096936
0.00119807975743308
0.00119807975743308
0.0011984368203713
0.00119808203754139
0.00119808203754139
0.00119791497713508
0.00119791497713508
0.00119791497713508
0.00119791725646279
0.00119791725646279
0.00119791725646279
0.00119791725646279
0.0011979081407115
0.0011979081407115
0.0011979081407115
0.00119791042081981
0.00119791042081981
0.00119791042081981
0.00119791042081981
0.00119791042081981
0.0011981694010648
0.00119821268649843
0.00119821952058143
0.00119822179990914
0.00119821952058143
0.00119836730740844
0.00119805013006409
0.00119817735291018
0.00119805013006409
0.00119811810967057
0.00119804898757056
0.00119803986791742
0.00119807898368955
0.00119804214646494
0.00119819443606484
0.00119803986791742
0.00119803758936989
0.00119803758936989
0.00119803531082236
0.00119803189231838
0.00119803189231838
0.00119803189231838
0.00119803189231838
0.00119803189231838
0.00119803189231838
0.00119802847478954
0.00119802847478954
0.00119802847478954
0.00119802847478954
0.00119802847478954
0.00119802847478954
0.00119802847478954
0.00119803759366239
0.00119803759366239
0.00119803759366239
0.00119803759366239
0.0011987302490348
0.00119804101119124
0.00119804101119124
0.00119804101119124
0.00119804101119124
0.00119804101119124
0.00119804101119124
0.00119804101119124
0.00119804101119124
0.00119803189231838
0.00119803189231838
0.00119803189231838
0.00119831372104107
0.00119773088022971
0.00119773088022971
0.00119773088022971
0.00119773088022971
0.00119773088022971
0.00119773088022971
0.00119773088022971
0.00119773088022971
0.00119773088022971
0.00119773543498579
0.00119773088022971
0.00119773088022971
0.00119773088022971
0.00119773088022971
0.00119773088022971
0.00119789332030174
0.00119851141447969
0.0011978899029678
0.00119791269000505
0.00119791269000505
0.0011978899029678
0.00119842091629159
0.00119842091629159
0.00119842091629159
0.00119842319561931
0.00119914816199128
0.00119915957816674
0.00119922620307843
0.00119906109796492
0.00119905653149483
0.00119906109796492
0.00119906109796492
0.00119906109796492
0.00119906109796492
0.00119907023246968
0.00119908165099142
0.00119908165099142
0.00119908165099142
0.00119908165099142
0.00119907251648666
0.00119907251648666
0.00119907365859316
0.00119825911268635
0.00119825911268635
0.00119825911268635
0.00119826823155921
0.00119825683101565
0.0011982477121428
0.0011982477121428
0.0011982477121428
0.0011982477121428
0.00119823289133949
0.00119806012037464
0.00119805556483917
0.00119805898236801
0.00119805898236801
0.00119805898236801
0.00119805898236801
0.00119805898236801
0.00119805898236801
0.00119805898236801
0.00119805898236801
0.00119805898236801
0.00119805898236801
0.00119805898236801
0.00119805898236801
0.00119806240087199
0.00119806240087199
0.00119806240087199
0.00119806240087199
0.00119807380219583
0.00119807380219583
0.00119807494234759
0.00119807380219583
0.00119807380219583
0.00119807380219583
0.00119807380219583
0.00119807380219583
0.00119807380219583
0.00119807380219583
0.00119807380219583
0.00119807380219583
0.00119807380219583
0.00119807380219583
0.00119807380219583
0.00119807380219583
0.00119895075266618
0.00119895075266618
0.00119894732928064
0.00119894732928064
0.00119894732928064
0.00119894732928064
0.00119894732928064
0.00119895075266618
0.00119895075266618
0.00119895075266618
0.00119895075266618
0.00119895075266618
0.00119895075266618
0.00119895075266618
0.00119895075266618
0.00119895075266618
0.00119895075266618
0.00119895075266618
0.00119895075266618
0.00119808177564919
0.00119808177564919
0.0011980703790086
0.0011980703790086
0.00119806696147976
0.00119806696147976
0.00119806696147976
0.00119806696147976
0.00119806696147976
0.00119806696147976
0.00119806696147976
0.00119806696147976
0.00119807607723105
0.00119807607723105
0.00119807607723105
0.00119806696147976
0.00119806696147976
0.00119806696147976
0.00119787220768319
0.00119787220768319
0.00119787220768319
0.00119787220768319
0.00119787220768319
0.00119787220768319
0.00119787220768319
0.00119787220768319
0.00119788781268939
0.00119788781268939
0.00119788781268939
0.00119788558520167
0.00119788670056751
0.00119788670056751
0.00119788670056751
0.00119787778298473
0.00119787778298473
0.00119787778298473
0.00119788670056751
0.00119788670056751
0.00119788670056751
0.00119788670056751
0.00119788670056751
0.00119788670056751
0.00119788670056751
0.0011978956181503
0.0011978956181503
0.0011978956181503
0.0011978956181503
0.0011978956181503
0.00119789554852899
0.00119788663094621
0.00119788216986552
0.00119788216986552
0.00119787994161447
0.00119787771336343
0.00119787771336343
0.00119787771336343
0.00119787771336343
0.00119787771336343
0.00119787771336343
0.00119787771336343
0.00119787771336343
0.00119787771336343
0.00119787771336343
0.00119787771336343
0.00119787771336343
0.00119787771336343
0.00119787771336343
0.00119787771336343
0.00119787771336343
0.00119787771336343
0.00119787771336343
0.00119787659799758
0.00119787659799758
0.00119787771336343
0.00119787771336343
0.00119787771336343
0.00119787771336343
0.00119787771336343
0.00119787771336343
0.00119787771336343
0.00119787771336343
0.00119787771336343
0.00119798361035757
0.00119789108821114
0.00119789108821114
0.00119787771336343
0.00119787771336343
0.00119787771336343
0.00119787771336343
0.00119787771336343
0.00119787771336343
0.00119787771336343
0.00119787771336343
0.00119787771336343
0.00119787771336343
0.00119787771336343
0.00119787882796575
0.00119787771336343
0.00119787771336343
0.00119787771336343
0.00119787771336343
0.00119787771336343
0.00119787771336343
0.00119787771336343
0.00119787771336343
0.00119787771336343
0.00119787771336343
0.00119787771336343
0.00119787771336343
0.00119787771336343
0.00119787771336343
0.00119787771336343
0.00119787771336343
0.00119787771336343
0.00119788670056751
0.00119788670056751
0.00119788670056751
0.00119788670056751
0.00119788670056751
0.00119788670056751
0.00119788670056751
0.00119788670056751
0.00119788670056751
0.00119788670056751
0.00119788670056751
0.00119788670056751
0.00119788670056751
0.00119788670056751
0.00119788670056751
0.00119788670056751
0.00119788670056751
0.00119788670056751
0.00119788670056751
0.00119788670056751
0.00119788670056751
0.00119788670056751
0.00119788670056751
0.00119788670056751
0.00119787778298473
0.00119787778298473
0.00119787778298473
0.00119787778298473
0.00119787778298473
0.00119787778298473
0.00119788670056751
0.00119788670056751
0.00119788670056751
0.00119787778298473
0.00119787778298473
0.00119787778298473
0.00119787778298473
0.00119787778298473
0.00119787778298473
0.00119787778298473
0.00119787778298473
0.00119787778298473
0.00119787778298473
0.00119787778298473
0.00119787778298473
0.00119787778298473
0.00119787778298473
0.00119787778298473
0.00119787778298473
0.00119787778298473
0.00119787778298473
0.00119787778298473
0.00119787778298473
0.00119787778298473
0.00119787778298473
0.00119787778298473
0.00119787778298473
0.00119787778298473
0.00119787778298473
0.00119787778298473
0.00119787778298473
0.00119787778298473
0.00119787778298473
0.00119787778298473
0.00119787778298473
0.00119787778298473
0.00119787778298473
0.00119787778298473
0.00119787778298473
0.00119787778298473
0.00119787778298473
0.00119787778298473
0.00119787778298473
0.00119787778298473
0.00119787778298473
0.00119787778298473
0.00119787778298473
0.00119787778298473
0.00119787778298473
0.00119787778298473
0.00119787778298473
0.00119787778298473
0.00119787778298473
0.00119787778298473
0.00119787778298473
0.00119787778298473
0.00119787778298473
0.00119787778298473
0.00119787778298473
0.00119787778298473
0.00119787778298473
0.00119787778298473
0.00119787778298473
0.00119787778298473
0.00119787778298473
0.00119787778298473
0.00119788754651474
0.00119788754651474
0.00119788754651474
0.00119788754651474
0.00119788754651474
0.00119788754651474
0.00119788754651474
0.00119788754651474
0.00119788754651474
0.00119788754651474
0.00119788754651474
0.00119788754651474
0.00119788754651474
0.00119787627781365
0.00119787627781365
0.00119787627781365
0.00119856678484586
0.00119857580042406
0.00119857580042406
0.00119787627781365
0.00119787627781365
0.00119787627781365
0.0011978897988665
0.00119787853055098
0.00119787853055098
0.00119787853055098
0.00119787853055098
0.00119787627781365
0.00119789430897005
0.0011984933877703
0.0011985204345049
0.0011985204345049
0.00119834041265951
0.00119834041265951
0.00119834041265951
0.00119834041265951
0.00119834041265951
0.00119834041265951
0.00119834041265951
0.00119834041265951
0.00119834041265951
0.00119834041265951
0.00119834041265951
0.00119834041265951
0.00119834041265951
0.00119834041265951
0.00119834041265951
0.00119834041265951
0.00119834041265951
0.00119834041265951
0.00119834041265951
0.00119851592440055
0.0011985204345049
0.00119834273739846
0.00119851817945272
0.0011983404831182
0.00119833365213349
0.00119833365213349
0.00119833372259218
0.00119833365213349
0.00119833365213349
0.00119833365213349
0.00119833365213349
0.00119833365213349
0.00119833365213349
0.00119833365213349
0.00119833365213349
0.00119833365213349
0.00119850916387453
0.0011985114189267
0.00119833365213349
0.00119833365213349
0.00119833365213349
0.00119833365213349
0.00119833365213349
0.00119833365213349
0.00119833365213349
0.00119833365213349
0.00119833365213349
0.00119833365213349
0.00119833365213349
0.00119833365213349
0.00119833365213349
0.00119833365213349
0.00119868247915661
0.00119868699003337
0.00119868699003337
0.00119868699003337
0.00119868699003337
0.00119868699003337
0.00119868699003337
0.00119868699003337
0.00119868699003337
0.00119868699003337
0.00119868699003337
0.00119868699003337
0.00119883771883321
0.00119883771883321
0.00119883771883321
0.00119883771883321
0.00119883771883321
0.00119883771883321
0.00119883771883321
0.00119883771883321
0.00119883771883321
0.00119883771883321
0.00119883771883321
0.00119883771883321
0.00119883771883321
0.00119883771883321
0.00119883771883321
0.00119883771883321
0.00119883771883321
0.00119883771883321
0.00119883771883321
0.00119883771883321
0.00119883771883321
0.00119883771883321
0.00119883883477221
0.00119883771883321
0.00119883771883321
0.00119884106722372
0.00119884106722372
0.00119883771883321
0.00119883548676405
0.00119883548676405
0.00119883548676405
0.00119883548676405
0.00119883548676405
0.00119883541702346
0.00119883541702346
0.00119883541702346
0.00119886078327175
0.00119901584224214
0.00119901584224214
0.00119901584224214
0.00120294232380968
0.00119901584224214
0.00119883995090237
0.00119883548676405
0.00119883771883321
0.00119883771883321
0.00119883548676405
0.00119883548676405
0.00119883548676405
0.00119883548676405
0.00119883548676405
0.00119883548676405
0.00119883548676405
0.00119883548676405
0.00119883548676405
0.00119883548676405
0.00119883548676405
0.00119883548676405
0.00119883548676405
0.00119883548676405
0.00119883548676405
0.00119883548676405
0.00119883548676405
0.00119883548676405
0.00119883548676405
0.00119883548676405
0.00119883548676405
0.00119883548676405
0.00119883548676405
0.00119883548676405
0.00119883548676405
0.00119883548676405
0.00119883548676405
0.00119883548676405
0.00119883548676405
0.00119883548676405
0.00119883548676405
0.00119883548676405
0.00119883548676405
0.00119883548676405
0.00119883548676405
0.00119883548676405
0.00119883548676405
0.00119883548676405
0.00119883548676405
0.00119884329929288
0.00119883771883321
0.00119883548676405
0.00119883548676405
0.00119883548676405
0.00119883548676405
0.00119883548676405
0.00119883548676405
0.00119883548676405
0.00119883548676405
0.00119883548676405
0.00119883548831384
0.00119883548831384
0.00119883548831384
0.00119883548831384
0.00119883548831384
0.00119883548831384
0.00119883548831384
0.00119883548831384
0.00119883548831384
0.00119883548831384
0.00119883548831384
0.00119883548831384
0.00119883776998454
0.00119883776998454
0.00119883776998454
0.00119883548831384
0.00119883548831384
0.00119883548831384
0.00119883548831384
0.00119883548831384
0.00119883548831384
0.00119883548831384
0.00119883548831384
0.00119883548831384
0.00119883548831384
0.00119883548831384
0.00119883548831384
0.00119883548831384
0.00119883541702346
0.00119883541702346
0.00119883541702346
0.00119883541702346
0.00119883541702346
0.00119883541702346
0.00119883541702346
0.00119883541702346
0.00119883541702346
0.00119883541702346
0.00119883541702346
0.00119885602980163
0.00119884233332593
0.00119884233332593
0.00119883776998454
0.00119883776998454
0.00119883541702346
0.00119883541702346
0.00119883541702346
0.00119883541702346
0.00119883541702346
0.00119883541702346
0.00119883541702346
0.00119883541702346
0.00119883541702346
0.00119883541702346
0.0011987161212719
0.00119869901469979
0.00119869673381049
0.00119869673381049
0.00119869673381049
0.00119869673381049
0.00119869673381049
0.00119869673381049
0.00119869673381049
0.00119869673381049
0.00119869673381049
0.00119869673381049
0.00119869673381049
0.00119869673381049
0.00119869445292119
0.00119869445292119
0.00119869445292119
0.00119869445292119
0.00119869445292119
0.00119869445292119
0.00119869445292119
0.00119869445292119
0.00119869445292119
0.00119869445292119
0.00119869445292119
0.00119869445292119
0.00119869445292119
0.00119869445292119
0.00119869445292119
0.00119869445292119
0.00119869445292119
0.00119869445292119
0.00119869445292119
0.00119869445292119
0.00119869445292119
0.00119869445292119
0.0011988583050208
0.0011988583050208
0.0011988583050208
0.0011988583050208
0.0011988583050208
0.0011988583050208
0.00119886286836219
0.00119886286836219
0.0011988605866915
0.0011988605866915
0.00119886286836219
0.00119886286836219
0.00119886286836219
0.00119886286836219
0.00119886286836219
0.00119886286836219
0.00119886286836219
0.00119886286836219
0.00119886286836219
0.00119886286836219
0.00119886286836219
0.00119886279707181
0.00119886279707181
0.0011988434027732
0.0011988411211025
0.00119883655776111
0.00119897307734447
0.00119883655776111
0.00119883655776111
0.00119883655776111
0.00119883655776111
0.00119883655776111
0.00119883655776111
0.00119883655776111
0.00119883655776111
0.00119883655776111
0.00119883655776111
0.00119883655776111
0.00119883655776111
0.00119883655776111
0.00119883655776111
0.00119883541702346
0.00119883541702346
0.00119883541702346
0.00119883541702346
0.00119883541702346
0.00119883541702346
0.00119883541702346
0.00119883541702346
0.00119883541702346
0.00119883541702346
0.00119883541702346
0.00119883541702346
0.00119883541702346
0.00119883541702346
0.00119883541702346
0.00119883541702346
0.00119883541702346
0.00119883541702346
0.00119883693805041
0.00119883541702346
0.00119883541702346
0.00119883541702346
0.00119883541702346
0.00119883541702346
0.00119883541702346
0.00119883541702346
0.00119883541702346
0.00119883541702346
0.00119883541702346
0.00119883541702346
0.00119883541702346
0.00119883541702346
0.00119883541702346
0.00119883541702346
0.00119883541702346
0.00119883541702346
0.00119883541702346
0.00119883541702346
0.00119883769869416
0.00119883541702346
0.00119883541702346
0.00119883541702346
0.00119883541702346
0.00119883541702346
0.00119883541702346
0.00119883541702346
0.00119883541702346
0.00119883541702346
0.00119883541702346
0.00119883541702346
0.00119883541702346
0.00119883541702346
0.00119883541702346
0.00119883541702346
0.00119883541702346
0.00119883541702346
0.00119883541702346
0.00119883541702346
0.00119883541702346
0.00119883541702346
0.00119883541702346
0.00119883771883321
0.00119883771883321
0.00119883771883321
0.00119883771883321
0.00119883771883321
0.00119883771883321
0.00119883771883321
0.00119883771883321
0.00119883771883321
0.00119883771883321
0.00119883771883321
0.00119883771883321
0.00119883771883321
0.00119883771883321
0.00119883771883321
0.00119883771883321
0.00119883771883321
0.00119883771883321
0.00119883771883321
0.00119883771883321
0.00119883771883321
0.00119883771883321
0.00119867632024968
0.00119867408894493
0.00119867074170117
0.00119867074170117
0.00119867074170117
0.00119867074170117
0.00119867074170117
0.00119867074170117
0.00119867074170117
0.00119867074170117
0.00119866851039642
0.00119866851039642
0.00119866851039642
0.00119866851039642
0.00119866851039642
0.00119866851039642
0.00119866851039642
0.00119866627909167
0.00119866627909167
0.00119866627909167
0.00119866627909167
0.00119866627909167
0.00119866627909167
0.00119866627909167
0.00119866627909167
0.00119866627909167
0.00119866627909167
0.00119866627909167
0.00119866627909167
0.00119866627909167
0.00119866627909167
0.00119866627909167
0.00119866627909167
0.00119866627909167
0.00119866627909167
0.00119866627909167
0.00119866627909167
0.00119866627909167
0.00119866627909167
0.00119866627909167
0.00119866627909167
0.00119866627909167
0.00119866627909167
0.00119866627909167
0.00119866627909167
0.00119866627909167
0.00119866627909167
0.00119866627909167
0.00119866627909167
0.00119866627909167
0.00119866627909167
0.00119866627909167
0.00119866627909167
0.00119866627909167
0.00119866627909167
0.00119866627909167
0.00119866627909167
0.00119866627909167
0.00119866627909167
0.00119866627909167
0.00119866627909167
0.00119866627909167
0.00119866627909167
0.00119866627909167
0.00119866627909167
0.00119866627909167
0.00119866627909167
0.00119866627909167
0.00119866627909167
0.00119866627909167
0.00119866627909167
0.00119866627909167
0.00119866627909167
0.00119866627909167
