0.00168825444917763
0.00168825444917763
0.00168825444917763
0.00168825444917763
0.00168825444917763
0.00168825444917763
0.0016882587252716
0.0016882587252716
0.00168825658690096
0.00168825444917763
0.00169017579071141
0.00168441244026801
0.00168825100561068
0.00169017118012642
0.00169017118012642
0.00169017151720539
0.00169017151720539
0.00169017151720539
0.00169017151720539
0.00169017151720539
0.00169977653947944
0.00169017151720539
0.00169017151720539
0.00169017365363506
0.00169017365363506
0.00169017331655609
0.00169015198369541
0.00169015198369541
0.00169015198369541
0.00169015198369541
0.00169015198369541
0.00169015198369541
0.00169017038852851
0.00169017252560486
0.00169015050120187
0.00169015050120187
0.00169015050120187
0.00169015050120187
0.00169015050120187
0.00169019257884149
0.00169018336697526
0.00169016890603497
0.00169015050120187
0.00169014836412552
0.00169014836412552
0.00169014622769585
0.00170935824334727
0.00171607978783578
0.00171607978783578
0.0050194222985015
0.00461848677657771
0.00496073099727772
0.00500803456745447
0.00413819910869472
0.00501090555512436
0.00279836752690103
0.00176697810977721
0.00173624203850026
0.00175545405415168
0.00174584706077431
0.00173624203850026
0.00173624203850026
0.00173624417687089
0.00173624417687089
0.00173624417687089
0.00173624417687089
0.00173624417687089
0.00173624417687089
0.00173624877571877
0.00173624417687089
0.00173624417687089
0.00173624877571877
0.00173624877571877
0.00173624877571877
0.00173624417687089
0.00173624417687089
0.00173624417687089
0.00173624417687089
0.00173666382063045
0.00173624203850026
0.00173624203850026
0.0017362356272709
0.0017362356272709
0.0017362356272709
0.0017362334914876
0.0017362334914876
0.0017362334914876
0.0017362334914876
0.0017362334914876
0.0017362356272709
0.00173624417687089
0.00173624417687089
0.00173624417687089
0.00173624417687089
0.00173624417687089
0.00173624417687089
0.00175356992134365
0.00175356992134365
0.00175356992134365
0.00175356992134365
0.00175356992134365
0.00175356992134365
0.00175357206036189
0.00175357206036189
0.00175357206036189
0.00175357206036189
0.00175357206036189
0.00175357206036189
0.00175357206036189
0.00175357206036189
0.00175357206036189
0.00175357206036189
0.00175357420002805
0.00175357420002805
0.00175357420002805
0.00175357420002805
0.00175357420002805
0.00175617613161031
0.00175358012175944
0.00175357978468047
0.00175357879887593
0.00175357420002805
0.00175356564524968
0.00175356564524968
0.00176021486532524
0.0017583681563867
0.00175354431238899
0.00175354431238899
0.00177275287317973
0.00175354217531265
0.00175354217531265
0.00177297342725305
0.00177297802610092
0.00175376404311965
0.00177297802610092
0.0017556853760636
0.00177298098250313
0.00176145298483947
0.00177297867992983
0.00175376337871281
0.00175376337871281
0.00175376337871281
0.00175376337871281
0.00175376337871281
0.00175376337871281
0.00175376337871281
0.00175376337871281
0.00174607804693704
0.00174607804693704
0.00174607804693704
0.00174608018474471
0.00174608018474471
0.00174608018474471
0.00174608018474471
0.00174608018474471
0.00174608018474471
0.00174608018474471
0.00174608018474471
0.00174608018474471
0.00174608018474471
0.00174608232319971
0.00174608232319971
0.00174608232319971
0.00174608018474471
0.00174608018474471
0.00174608018474471
0.00174607804693704
0.00174607804693704
0.00174607804693704
0.00174608018474471
0.00174607804693704
0.00174607804693704
0.0017460257657685
0.0017460257657685
0.0017460257657685
0.00174601840411315
0.00174600891594498
0.00174600677943102
0.00174600677943102
0.00174600677943102
0.00174600677943102
0.00174600677943102
0.00174600677943102
0.00174600677943102
0.00174600677943102
0.00174600677943102
0.00174600677943102
0.00174600677943102
0.00174600677943102
0.00174600677943102
0.00174600677943102
0.00174600677943102
0.00175003577757191
0.0017500176921172
0.0017500176921172
0.0017500176921172
0.0017500176921172
0.0017500176921172
0.0017500176921172
0.0017500176921172
0.0017500176921172
0.00175002097869425
0.00174999635190583
0.00178458034489681
0.00178458034489681
0.00178458034489681
0.00178458034489681
0.00178458034489681
0.00178458034489681
0.00174999635190583
0.00174999635190583
0.00175383901779372
0.00181916433788779
0.00181916433788779
0.00181916433788779
0.00181916433788779
0.00502942775459047
0.00502942775459047
0.00432532605035836
0.00181916071707875
0.00181980036946842
0.00182009365126447
0.0017508783223763
0.0017508783223763
0.00175285772507439
0.00176825337432358
0.001768243451902
0.00175089344974455
0.00175858404184324
0.00175859721968661
0.00175859721968661
0.00175090662758792
0.00175090794447013
0.00175090794447013
0.00175090794447013
0.00175089925526157
0.00175089925526157
0.00175089925526157
0.00175089925526157
0.00175089925526157
0.00175089925526157
0.00175089925526157
0.00175089925526157
0.00175090255254447
0.00175090255254447
0.00175088937018697
0.00175088937018697
0.00175088937018697
0.00175089266408341
0.00175089266408341
0.00175089266408341
0.00175089266408341
0.00175089266408341
0.00175089266408341
0.00175110964534456
0.00175111425206583
0.00175111425206583
0.00172600518628842
0.00175089266408341
0.00175088937018697
0.00175088937018697
0.00175088937018697
0.00175088937018697
0.0017509132263517
0.00175089002829001
0.00175088969923849
0.00175088937018697
0.00175088937018697
0.00175088937018697
0.00175088937018697
0.00175088200853163
0.00175088003181877
0.001753026569797
0.00175310651490135
0.00175302393422832
0.00175302261779695
0.00175302261779695
0.00175302261779695
0.00175302261779695
0.00175302261779695
0.00175302261779695
0.00165302780983505
0.00175302261779695
0.00175307902710924
0.00175302327589998
0.00175307408023516
0.00175302261779695
0.00175302459278196
0.00174766787853494
0.00175557915397172
0.00175536274830337
0.00175536274830337
0.00175536274830337
0.00175536274830337
0.0016486265709829
0.00120919629075259
0.000880350910628998
0.000880350910628998
0.000880350910628998
0.000880347283614622
0.000880347283614622
0.000880347283614622
0.000880347283614622
0.000880347283614622
0.000880347283614622
0.000880347283614622
0.000880347283614622
0.000880347283614622
0.000872655375309861
0.000872655375309861
0.000872655375309861
0.000872655375309861
0.000872655375309861
0.000872655375309861
0.000872655375309861
0.000872540906030153
0.000872540906030153
0.000872540906030153
0.000872543046118539
0.000880233638217224
0.000880233638217224
0.000880243513142877
0.000872543046118539
0.000872543046118539
0.000872545186855264
0.000872545186855264
0.000872545186855264
0.000872545186855264
0.000872540581710295
0.000870617933685623
0.000870617933685623
0.000870619250567832
0.000870619250567832
0.000870619250567832
0.000870611878241484
0.000870611878241484
0.000870568095110969
0.00087059771842521
0.00087071053836657
0.000870602656789876
0.000870602656789876
0.000870602986856174
0.000870613713276905
0.00087061454272985
0.000870631744118432
0.000870629591658145
0.000870629591658145
0.000870629591658145
0.000870629591658145
0.000870627935080328
0.000870625288699184
0.000870625288699184
0.000870616690618909
0.000870616690618909
0.000870616032403221
0.000870624630483496
0.000870624630483496
0.000870626781636145
0.000870616032403221
0.000870616032403221
0.000870598867522948
0.000870598867522948
0.000870598867522948
0.000870811042082244
0.00087072254745812
0.000870719255816428
0.000870711516607735
0.000870711187443566
0.000870711187443566
0.000870710857602278
0.000870710857602278
0.000870702290423969
0.000870702290423969
0.000870702290423969
0.000870702290423969
0.000870807405881993
0.000870702619588139
0.000870702619588139
0.000870702290423969
0.000870702290423969
0.000870702290423969
0.000870702290423969
0.000870702290423969
0.000870702290423969
0.000680759313904266
0.000680759313904266
0.000680759313904266
0.000680759313904266
0.000680759313904266
0.000680759313904266
0.000680769480289192
0.000680766937537583
0.000680766937537583
0.000680766937537583
0.000680766937537583
0.000680741570138369
0.000680741570138369
0.000680741570138369
0.000680741570138369
0.000680744112889978
0.000680744112889978
0.000680744112889978
0.000680744112889978
0.000680733946505052
0.000680729642447993
0.000680785350013578
0.000680727102776157
0.000680727102776157
0.000680731399465779
0.000680727493384305
0.000680672823376901
0.00068062650819741
0.00068062650819741
0.000680626941488665
0.00068056887740428
0.000680564383151186
0.000680563992676717
0.000680560715139441
0.000680558916508619
0.000680558916508619
0.000680561649829902
0.000680559306983088
0.000680667700811499
0.000680558916508619
0.000680558916508619
0.00068055852603415
0.00068055852603415
0.000680548366208481
0.000680572944891357
0.000680548366208481
0.000680548366208481
0.000680548366208481
0.000680548366208481
0.000680548366208481
0.000680548366208481
0.000680548366208481
0.000680548366208481
0.000680517556740547
0.000680517556740547
0.000680517556740547
0.000680517556740547
0.000680517556740547
0.000680517556740547
0.000680517556740547
0.000680517556740547
0.000680537888713527
0.00068053534452025
0.00068053534452025
0.00068053534452025
0.00068053534452025
0.000680537888713527
0.000680540433678388
0.000680540433678388
0.000680550621261093
0.000680550621261093
0.000680550621261093
0.000680550621261093
0.000680550621261093
0.000680550621261093
0.000680550621261093
0.000680550621261093
0.000680527716566215
0.000680537888713527
0.000680538669662465
0.000680538669662465
0.000680649399482209
0.000680651930451303
0.00068053534452025
0.000680646463808736
0.00068064175790239
0.00068064175790239
0.000680744318438385
0.00068064175790239
0.00068064175790239
0.00068064175790239
0.00068064175790239
0.00068064175790239
0.00068064175790239
0.00068064175790239
0.00068064175790239
0.000777454766836752
0.000777454766836752
0.000777644853619067
0.000777455744026028
0.000777455744026028
0.000777347730389827
0.000777347730389827
0.000777326598178302
0.000777330834004465
0.000777330834004465
0.000777330834004465
0.000777330834004465
0.000777327248518787
0.000777327248518787
0.000777327248518787
0.000777335727878306
0.000777335727878306
0.000777335727878306
0.000777335727878306
0.000777335727878306
0.000777503594613008
0.000777534200310125
0.000777534851212305
0.000777538602205991
0.000777532728953805
0.000777619799458152
0.000777425693049419
0.000777514361677301
0.000777425693049419
0.000777480664248618
0.000777423889660971
0.000811644409964216
0.000811670287733467
0.000811644735471005
0.000811741701154257
0.000811644409964216
0.000811644084457426
0.000811644084457426
0.000811639527362373
0.000811637411052747
0.000809735800388515
0.000809735800388515
0.000809735800388515
0.000775506808432328
0.000775506808432328
0.00077550469276353
0.00077550469276353
0.00077550469276353
0.00077550469276353
0.00077550469276353
0.00077550469276353
0.00077550469276353
0.000775505995459652
0.000775505995459652
0.000777407606123885
0.000777407606123885
0.000777823518950828
0.000777409721792682
0.000777409721792682
0.000777409721792682
0.000777409721792682
0.000777409721792682
0.000777409721792682
0.000777409721792682
0.000777409721792682
0.00077740841909656
0.00077740841909656
0.00077740841909656
0.000777588381378966
0.000777205964016283
0.000777205964016283
0.000777205964016283
0.000777205964016283
0.000777205964016283
0.000777205964016283
0.000777205964016283
0.000777205964016283
0.000777205964016283
0.000777209217413485
0.000777205964016283
0.000777205964016283
0.000777205964016283
0.000777205964016283
0.000777205964016283
0.000777312951947137
0.000777717332167444
0.000777310836361867
0.000777316046032256
0.000777316046032256
0.000777310836361867
0.000777653407769363
0.000777653407769363
0.000777653407769363
0.000777653733387609
0.000778093832370332
0.000778116664721245
0.000778135818515494
0.000778050012746936
0.000835118853428748
0.000778050012746936
0.000819897505839368
0.000835118200628852
0.000835118200628852
0.000789470428021953
0.000778059801617367
0.000793289632029037
0.000778059801617367
0.000778060136224825
0.000778037320693061
0.000778037320693061
0.000778039443286918
0.00077757281837604
0.00077757281837604
0.00077757281837604
0.000777574121072162
0.000777570534357946
0.000777569231661824
0.000777569231661824
0.000777569231661824
0.000777569231661824
0.00077755864328119
0.000777454382410443
0.000777452430038097
0.000777454545706895
0.000777454545706895
0.000777454545706895
0.000777454545706895
0.000777454545706895
0.000777454545706895
0.000777454545706895
0.000777454545706895
0.000777454545706895
0.000777454545706895
0.000777454545706895
0.000777454545706895
0.000777430705903636
0.000777430705903636
0.000777430705903636
0.000777430705903636
0.000777439177556578
0.000777439177556578
0.000785046438150332
0.000777439177556578
0.000777439177556578
0.000785044318631945
0.000777439177556578
0.000785044318631945
0.000785044318631945
0.000777439177556578
0.000777439177556578
0.000777439177556578
0.000777439177556578
0.000777439177556578
0.000777439177556578
0.000777439177556578
0.000777913084200511
0.000777935877481692
0.000777933758187178
0.000777933758187178
0.000777933758187178
0.000777933758187178
0.000777933758187178
0.000777935877481692
0.000777935877481692
0.000777935877481692
0.000777935877481692
0.000777935877481692
0.000777935877481692
0.000777935877481692
0.000777935877481692
0.000777935877481692
0.000777935877481692
0.000777935877481692
0.000777935877481692
0.000777384959179721
0.000777333749129769
0.000777325608672204
0.000777274950380366
0.000777272834711568
0.000777272834711568
0.000777272834711568
0.000777272834711568
0.000777272834711568
0.000777272834711568
0.000777272834711568
0.000777272834711568
0.000777274136961753
0.000777274136961753
0.000777274136961753
0.000777272834711568
0.000777272834711568
0.000777272834711568
0.00081270238146288
0.00081270238146288
0.00081270238146288
0.00081270238146288
0.00081270238146288
0.00081270238146288
0.00081270238146288
0.00081270238146288
0.00081270779538217
0.00081270779538217
0.00081270779538217
0.000812714808928347
0.000812613816517121
0.000812613816517121
0.000812613816517121
0.000812560637777613
0.000812560637777613
0.000812560637777613
0.000812561911718011
0.000812561911718011
0.000812561911718011
0.000812561911718011
0.000812578582559036
0.000812578582559036
0.000812578582559036
0.000812596417724601
0.000812596417724601
0.00081259850443307
0.00081259850443307
0.00081259850443307
0.00403529640891741
0.000922334446389703
0.000812580022024363
0.000812580022024363
0.000812605508386261
0.000812548926219983
0.000812475998453711
0.000812467460495446
0.000812450774437821
0.000812452857975402
0.000812402795180387
0.000812402795180387
0.000812353706017077
0.000812343819410288
0.000812294295830836
0.000812294295830836
0.000812295835367291
0.000812293754360924
0.000812243657572927
0.000812241577198602
0.000812241577198602
0.000812192020173978
0.000812192020173978
0.000812169177684295
0.000812120151746338
0.000812122225188238
0.000812122225188238
0.000812122225188238
0.000812122225188238
0.000812122225188238
0.000812122225188238
0.000812122225188238
0.000812130525245925
0.000812130525245925
0.000812507644922338
0.000812138637757645
0.000812138637757645
0.000812128449287385
0.00081212690975093
0.000812077916722045
0.000812077916722045
0.000812077916722045
0.000812077916722045
0.00081202941337903
0.000812064790549384
0.000812064790549384
0.00081205645006034
0.00081205645006034
0.000812056927747049
0.00081205645006034
0.00081205645006034
0.00081205645006034
0.000812041687953992
0.000811993698894269
0.000811993698894269
0.000811993698894269
0.000811993698894269
0.000811993698894269
0.000811993698894269
0.000811993698894269
0.000811993698894269
0.000811991615989948
0.000811993139076011
0.000811991615989948
0.000811991615989948
0.000811991615989948
0.000812745976708801
0.000812747966474623
0.000812745976708801
0.000812745976708801
0.000812745976708801
0.000812745976708801
0.000812745976708801
0.000812752227321851
0.000812718956440853
0.000812718956440853
0.000812721031140468
0.000812721031140468
0.000812658369813332
0.000812658369813332
0.00081265198700721
0.000812658369813332
0.000812658369813332
0.000812660445142258
0.000812660445142258
0.000812660445142258
0.000812660445142258
0.000812660445142258
0.000812660445142258
0.0040491408458733
0.000864620614899167
0.000864620614899167
0.000838581273173726
0.000838581273173726
0.000838589580788595
0.000838589580788595
0.000838611878563664
0.000838561233145546
0.000838561233145546
0.000838537336108665
0.000838536857521279
0.000838536857521279
0.000838536857521279
0.000838536857521279
0.00116971044959625
0.00148965611755525
0.00148965611755525
0.00148965611755525
0.00148968943901196
0.00148968943901196
0.00148954801103464
0.00148949736561652
0.00148015164069112
0.00146990966587799
0.00149382721401942
0.00149382721401942
0.00148912961868653
0.00148912961868653
0.00148903208940556
0.00151879133709178
0.00151869586511931
0.00151869586511931
0.00151860238603863
0.00156593963909445
0.00156770991603759
0.00151842116205729
0.00151807707167439
0.00151799097123213
0.00151794856475262
0.00151797570024685
0.00151797779204468
0.00151797779204468
0.00151797779204468
0.00151797779204468
0.00151797779204468
0.00151797779204468
0.00151793580621221
0.00151789423479881
0.0015177681682172
0.0015177681682172
0.00151760832491628
0.00151759574963486
0.00151759574963486
0.00151759574963486
0.00151743814347076
0.00151743814347076
0.00151735949424235
0.00151735949424235
0.00151735949424235
0.00151732174998358
0.00151732174998358
0.00151732174998358
0.00151732174998358
0.00151732174998358
0.00151728435909412
0.00151724731663462
0.00151724731663462
0.00151724731663462
0.00151724731663462
0.00151724731663462
0.00151721061775735
0.00151721061775735
0.00192403959918966
0.00192403959918966
0.00192403749659275
0.00192403749659275
0.00193908063278579
0.00193907222877883
0.00193907222877883
0.00193907222877883
0.00193878308826623
0.00193873188630505
0.00193873188630505
0.00193873188630505
0.00192363810280987
0.00192342252175677
0.00192342252175677
0.00192337297371179
0.00192428212663394
0.00192430015779033
0.00192430015779033
0.00192337297371179
0.00192337297371179
0.00192337297371179
0.001923382307583
0.00192325557516404
0.00192325139437134
0.00192327231265015
0.00192326091583265
0.00192326483448031
0.00192325261780659
0.00469660654714044
0.00512709825982846
0.00192412095555108
0.00192388877802919
0.00192388877802919
0.00192389088783495
0.00192389088783495
0.00192389933348229
0.00192389933348229
0.00192390563158903
0.00192390144650174
0.00192389299828284
0.00192389299828284
0.00192374296211552
0.00192374506807508
0.00192361334037887
0.00192348303220995
0.00192348303220995
0.00192322658364961
0.00192322658364961
0.00192322658364961
0.00192322658364961
0.00193097776168109
0.00193099902360158
0.00193062985671044
0.00193080679177008
0.00193059533006041
0.00193052821252899
0.00193052821252899
0.00193028321157548
0.00193028192231194
0.00193028960577712
0.0019300462091643
0.00193003868447489
0.00193003706263481
0.00193003657787507
0.00193003657787507
0.00193003657787507
0.00193003657787507
0.00193027802685222
0.00193028253695657
0.00193003447191551
0.00193003447191551
0.0019299126323289
0.0019299126323289
0.00192991052764895
0.00192991052764895
0.0019299147376485
0.0019299147376485
0.0019299147376485
0.0019299147376485
0.0019299147376485
0.0019299147376485
0.0019299126323289
0.0019299126323289
0.00193036217580079
0.00193037119755431
0.00193037119755431
0.00193037119755431
0.00193037119755431
0.00193035018532985
0.00193035018532985
0.00193035018532985
0.00503935255842819
0.00512781020784815
0.00193035390109742
0.00193035018532985
0.0019362342243507
0.0019362342243507
0.0019362342243507
0.0019362342243507
0.0019362342243507
0.00193622637429462
0.00193622637429462
0.00193622637429462
0.00193622797630336
0.00193622797630336
0.00193622797630336
0.00193622173394809
0.00193622173394809
0.00193592766611669
0.00193592558659508
0.00193590949652291
0.00193590949652291
0.00193590949652291
0.00193590949652291
0.00193590949652291
0.00193591157667606
0.00193591157667606
0.00201008282048279
0.00514362956235909
0.00193777766129666
0.00515512993263997
0.00517285847322651
0.00275076004440845
0.00268911825534909
0.00197765588912035
0.00193577528373482
0.00193576903183007
0.00511364745740213
0.00193581082029403
0.00193581082029403
0.00193581082029403
0.00193583513851253
0.00193603830135146
0.00193603830135146
0.00193603830135146
0.0031593157505278
0.00509546332033081
0.00510221129426171
0.00198037829086298
0.00513815353596735
0.00512326117053849
0.00196536039408907
0.00195791421137464
0.00195765493594446
0.00195765493594446
0.00195765493594446
0.00195752738285594
0.00190819522651908
0.00198688117950614
0.00198015029453579
0.00198015029453579
0.00198002410156018
0.00197989508864632
0.00197989716753669
0.00197989716753669
0.00197965138966843
0.00197965138966843
0.00197965138966843
0.00197965138966843
0.00197965138966843
0.00197965138966843
0.00197967221334029
0.00197967221334029
0.00197967012812387
0.00197967221334029
0.00197967221334029
0.00198432607753681
0.00198420511312759
0.00198420511312759
0.00198420511312759
0.00198420511312759
0.00198420511312759
0.00198420511312759
0.00197954291186802
0.00197952857371027
0.00197953851388281
0.00197953851388281
0.00197951976973256
0.0019888274981256
0.0019888274981256
0.00197953093237315
0.00197952423387088
0.00197951976973256
0.00197951976973256
0.00199534386468373
0.00199534386468373
0.00199069000048721
0.00199069000048721
0.00199069000048721
0.00199069000048721
0.0019906879209656
0.00198782623854283
0.00198782623854283
0.00198782623854283
0.00198782623854283
0.00198782623854283
0.00200875828550673
0.00200875828550673
0.00198782623854283
0.0019878198729437
0.0019878198729437
0.0019878198729437
0.0019878198729437
0.00198782900119007
0.00198782900119007
0.00198782900119007
0.0019878198729437
0.0019878198729437
0.00198591695958335
0.00198591695958335
0.0019935371017779
0.00198592544833648
0.00198592544833648
0.00198592544833648
0.00198562639290842
0.00198562639290842
0.00198562639290842
0.00198562639290842
0.00198752930626878
0.00198738769911347
0.00198738982355645
0.00198738982355645
0.00198739838462744
0.00198733583978156
0.00198733583978156
0.00383550312674095
0.00471809662707236
0.00199589747834589
0.00199589747834589
0.00199589747834589
0.00199592470920194
0.00200544074398578
0.00200553524117022
0.00199599694176234
0.00199599694176234
0.0019959897707973
0.0019959897707973
0.0019959897707973
0.0019959897707973
0.00296300982555831
0.0020214056025728
0.00198701892459127
0.00198701043841236
0.00198674629657592
0.00198674417663893
0.00197680530583763
0.0019861915501055
0.0019861746063564
0.0019861746063564
0.00198618308739055
0.00198618308739055
0.00198618308739055
0.00198618308739055
0.00198618308739055
0.00198618308739055
0.00198618308739055
0.00198618308739055
0.00198618308739055
0.00198619157871916
0.00198619027468385
0.00198619027468385
0.00198619027468385
0.00198619027468385
0.00198619027468385
0.00199355011960531
0.0018070813677407
0.00197704976359542
0.00198972552773873
0.00198972552773873
0.00199733587781483
0.00199732300557541
0.00199732300557541
0.00198590715464783
0.00198588151496334
0.00198588151496334
0.00198588151496334
0.001784202675498
0.00200300545426143
0.00200871321681851
0.00198588151496334
0.00198588151496334
0.00198611256099152
0.00198611712277012
0.00198611712277012
0.00198611712277012
0.00198611712277012
0.00198611712277012
0.00197071953835467
0.00197071953835467
0.00197016604507026
0.00197016604507026
0.00197071224530136
0.00197071224530136
0.00197071224530136
0.00197071224530136
0.00197071224530136
0.00197071224530136
0.00197071224530136
0.00197071224530136
0.00197071224530136
0.00197071224530136
0.00199354720562562
0.00179183381523195
0.00197071223511702
0.00197039762623887
0.00197039697433295
0.00197039632242704
0.0019743690832703
0.00197039632242704
0.00197039632242704
0.00197039632242704
0.00197039632242704
0.00197039632242704
0.00197039632242704
0.00197039632242704
0.00197039632242704
0.00197039632242704
0.00197039632242704
0.00197039632242704
0.00197039632242704
0.00197039632242704
0.00197039632242704
0.00197039420377469
0.00197039420377469
0.00197039420377469
0.00197039420377469
0.00197039420377469
0.00197990877057647
0.00197039420377469
0.00197025264413535
0.00197025264413535
0.00197011651093344
0.00197011651093344
0.00197011651093344
0.00197011651093344
0.00196984866937721
0.00196984866937721
0.00196983411492219
0.00196983411492219
0.00196968598914483
0.00196969903516174
0.00196968598914483
0.00196968598914483
0.00196968598914483
0.00196968598914483
0.00196968598914483
0.00196968598914483
0.00196968598914483
0.00196968598914483
0.00196968598914483
0.00197729764258625
0.00196968598914483
0.00196968598914483
0.00196968598914483
0.00196968598914483
0.00196968598914483
0.00196968598914483
0.00196968598914483
0.00196969446760846
0.00196943551669064
0.00179057162508937
0.00198973325920109
0.00196943551669064
0.00196943551669064
0.00196943551669064
0.00196943551669064
0.00196943551669064
0.00196943551669064
0.00184858804953964
0.00184858804953964
0.00184858804953964
0.00184858804953964
0.00184858804953964
0.00184858804953964
0.00184858804953964
0.00184858804953964
0.00184858804953964
0.00184858804953964
0.00184858804953964
0.00184858804953964
0.00184858804953964
0.00184858804953964
0.00184858804953964
0.00182451213243282
0.00182451420754215
0.00182451580406409
0.00182451580406409
0.00182452444771526
0.00182451580406409
0.00182451580406409
0.00182451580406409
0.00182451580406409
0.00182451580406409
0.00182451580406409
0.00163091377736501
0.00163091377736501
0.00182423634661224
0.00182423426898343
0.00182423267027016
0.00182423267027016
0.00182423267027016
0.00182423267027016
0.00182423267027016
0.00182423267027016
0.00182423267027016
0.00182402366889676
0.00182401952504508
0.00182388122979495
0.00182388122979495
0.00182388122979495
0.00182388122979495
0.00182388122979495
0.00182387292842617
0.00182373355010866
0.00182373355010866
0.00182070705227001
0.00182233870490338
0.00181725848524864
0.00182456375900458
0.00182456369888899
0.00182453316127069
0.00182397824424683
0.00182316042953598
0.00182316042953598
0.00182316042953598
0.0018231350029387
0.0018231350029387
0.0018231350029387
0.00182300488382881
0.00182300488382881
0.00182300488382881
0.00182300285512373
0.00182300486927411
0.00182300641922777
0.00182300802675193
0.00182300802675193
0.00182300802675193
0.00182300802675193
0.00182300802675193
0.00182300802675193
0.00182300802675193
0.00182300641922777
0.00183417378075249
0.00183417378075249
0.00183417378075249
0.00183789623459406
0.00182300641922777
0.00182300641922777
0.00183231053968132
0.00182300285512373
0.00182300285512373
0.00189001727222786
0.00189001727222786
0.00188256470780044
0.00188255538105277
0.00188254918646918
0.00188254918646918
0.00188242046860832
0.00188242046860832
0.00168512913931827
0.00168761077521265
0.00188117965066113
0.00189172660321225
0.00189172660321225
0.00189172660321225
0.00188242046860832
0.00188242046860832
0.00188243987321124
0.00188243987321124
0.00188243987321124
0.00188245541806999
0.00188245541806999
0.00188245541806999
0.00188249046302278
0.00188249046302278
0.00188249046302278
0.00188249046302278
0.00188249046302278
0.00186666995451347
