0.00017096939647803
0.00017096939647803
0.00017096939647803
0.00017096939647803
0.00017096939647803
0.00017096939647803
0.00017096939647803
0.00017096939647803
0.00017096939647803
0.00017096939647803
0.00017096939647803
0.00017096939647803
0.00017096939647803
0.00017096939647803
0.00017096939647803
0.00017096939647803
0.00017096939647803
0.00017096939647803
0.00017096939647803
0.00017096939647803
0.00017096939647803
0.00017096939647803
0.00017096939647803
0.00017096939647803
0.00017096939647803
0.00017096939647803
0.00017096939647803
0.00017096939647803
0.00017096939647803
0.00017096939647803
0.00017096939647803
0.00017096939647803
0.00017096939647803
0.00017096939647803
0.00017096939647803
0.00017096939647803
0.00017096939647803
0.00017096939647803
0.00017096939647803
0.000170969406741616
0.000170969406741616
0.00017096939647803
0.00017096939647803
0.00017096939647803
0.00017096939647803
0.00017096939647803
0.00017096939647803
0.00017096939647803
0.00017096939647803
0.00017096939647803
0.000170970063719883
0.000170969406741616
0.00017096939647803
0.00017096939647803
0.000170969406741616
0.00017096939647803
0.00017096939647803
0.00017096939647803
0.00017096939647803
0.00017096939647803
0.00017096939647803
0.00017096939647803
0.00017096939647803
0.00017096939647803
0.00017096939647803
0.00017096939647803
0.00017096939647803
0.00017096939647803
0.00017096939647803
0.00017096939647803
0.00017096939647803
0.00017096939647803
0.00017096939647803
0.00017096939647803
0.00017096939647803
0.00017096939647803
0.00017096939647803
0.00017096939647803
0.000171017582849522
0.00017096939647803
0.00017096939647803
0.00017096939647803
0.00017096939647803
0.00017096939647803
0.00017096939647803
0.00017096939647803
0.00017096939647803
0.00017096939647803
0.00017096939647803
0.00017096939647803
0.00017096939647803
0.00017096939647803
0.00017096939647803
0.00017096939647803
0.00017096939647803
0.00017096939647803
0.00017096939647803
0.00017096939647803
0.00017096939647803
0.00017096939647803
0.00017096939647803
0.00017096939647803
0.00017096939647803
0.00017096939647803
0.00017096939647803
0.00017096939647803
0.00017096939647803
0.00017096939647803
0.00017096939647803
0.00017096939647803
0.00017096939647803
0.00017096939647803
0.00017096939647803
0.00017096939647803
0.00017096939647803
0.00017096939647803
0.00017096939647803
0.000171268672210723
0.000170969406741616
0.000170969406741616
0.00017096939647803
0.00017096939647803
0.00017096939647803
0.00017096939647803
0.00017120220800329
0.00017096939647803
0.00017096939647803
0.00017096939647803
0.00017096939647803
0.00017096939647803
0.00017096939647803
0.000170995128086285
0.000170995456575419
0.000170995456575419
0.000170995456575419
0.000170995456575419
0.000170995785064553
0.000170995785064553
0.000170995456575419
0.000170995456575419
0.000170995456575419
0.000170995456575419
0.000170995456575419
0.000170995456575419
0.000170995456575419
0.000170995456575419
0.000170995456575419
0.000170995456575419
0.000170995456575419
0.000170995456575419
0.000170995456575419
0.000170995456575419
0.000170995456575419
0.000170995456575419
0.000170995456575419
0.000170995456575419
0.000170995456575419
0.000170995456575419
0.000170995456575419
0.000170995456575419
0.000170995456575419
0.000170995456575419
0.000170995456575419
0.000170995456575419
0.000170995456575419
0.000170995456575419
0.000170995456575419
0.000170995456575419
0.000170995456575419
0.000170995456575419
0.000170995456575419
0.000170995456575419
0.000170994799597151
0.000170994799597151
0.000170994799597151
0.000170994799597151
0.000170994799597151
0.000170994799597151
0.000170994799597151
0.000170994799597151
0.000170994799597151
0.000170994799597151
0.000170994799597151
0.000170994799597151
0.000170994799597151
0.000170994799597151
0.000170994799597151
0.000170994799597151
0.000170994799597151
0.000170994799597151
0.000170994799597151
0.000170994799597151
0.000170998632010944
0.000170998632010944
0.000170998632010944
0.000170998632010944
0.000170998632010944
0.000170998632010944
0.000170998632010944
0.000170998632010944
0.000170998632010944
0.000170998632010944
0.000170998632010944
0.000170998632010944
0.000170998632010944
0.000170998632010944
0.000170998632010944
0.000170998632010944
0.000170998632010944
0.000170998632010944
0.000170998632010944
0.000170998632010944
0.000170998632010944
0.000170998632010944
0.000170998632010944
0.000170998632010944
0.000170998632010944
0.000170998632010944
0.000170998632010944
0.000170998632010944
0.000171082083925183
0.000171100659538912
0.000171100659538912
0.000171100659538912
0.000171100659538912
0.00017110197461964
0.00017110197461964
0.00017110197461964
0.00017110197461964
0.00017110197461964
0.00017110197461964
0.00017110197461964
0.00017110197461964
0.00017110197461964
0.00017110197461964
0.00017110197461964
0.00017110197461964
0.00017110197461964
0.00017110197461964
0.00017110197461964
0.00017110197461964
0.00017110197461964
0.00017110197461964
0.00017110197461964
0.00017110197461964
0.00017110197461964
0.00017110197461964
0.00017110197461964
0.00017110197461964
0.00017110197461964
0.00017110197461964
0.00017110197461964
0.00017110197461964
0.00017110197461964
0.000171127091853123
0.000171127420904642
0.000171127420904642
0.0001711108691386
0.00017110197461964
0.00017110197461964
0.00017110197461964
0.00017110197461964
0.00017110197461964
0.000171102478463996
0.00017110197461964
0.00017110197461964
0.00017110197461964
0.00017110197461964
0.00017110197461964
0.00017110197461964
0.00017110197461964
0.00017110197461964
0.000171127420904642
0.000171127420904642
0.000171127420904642
0.000171127091853123
0.000171127091853123
0.000171127091853123
0.000171127091853123
0.000171127091853123
0.000171127091853123
0.000171127091853123
0.000171127091853123
0.000171133520571621
0.000171127420904642
0.000171127420904642
0.000171127091853123
0.000171127091853123
0.000171144959780934
0.000171170744266829
0.000171144959780934
0.000171144959780934
0.000171144959780934
0.000171144959780934
0.000171144959780934
0.000171144959780934
0.000171144959780934
0.000171144959780934
0.000171144959780934
0.000171144959780934
0.000171144959780934
0.000171144959780934
0.000171144959780934
0.000171144959780934
0.000171144959780934
0.000171144959780934
0.000171144959780934
0.000171144959780934
0.000171144959780934
0.000171144959780934
0.000171144959780934
0.000171144959780934
0.000171144959780934
0.000171144959780934
0.000171144959780934
0.000171120510525186
0.000171120510525186
0.000171120510525186
0.000171120510525186
0.000171120510525186
0.000171120510525186
0.000171121168628223
0.000171120510525186
0.000171120510525186
0.000171120510525186
0.000171120510525186
0.000171120510525186
0.000171120510525186
0.000171120510525186
0.000171120510525186
0.000171120510525186
0.000171120839576705
0.000171120839576705
0.000171120839576705
0.000171120839576705
0.000171120839576705
0.000171120839576705
0.000171124295223202
0.000171150732848455
0.000171129233587868
0.000171129233587868
0.000171128904536349
0.000171128904536349
0.000171128245869828
0.000171128245869828
0.000171128245869828
0.000171128245869828
0.000171128245869828
0.000171128245869828
0.000171128245869828
0.000171128245869828
0.000171128245869828
0.000171128245869828
0.000171128245869828
0.00017112758765414
0.00017112758765414
0.00017112758765414
0.00017112758765414
0.00017112758765414
0.00017112758765414
0.000171127422945219
0.000171127422945219
0.000171127422945219
0.000171174214598429
0.000171152213903961
0.000171151884739792
0.000171150732510157
0.000171150403345988
0.000171150403345988
0.000171150403345988
0.000171150403345988
0.000171149085787357
0.000171149085787357
0.000171149085787357
0.000171149085787357
0.000171172073353989
0.000171149414951526
0.000171149414951526
0.000171149085787357
0.000171149085787357
0.000171149085787357
0.000171149085787357
0.000171149085787357
0.000171149085787357
0.000171154546082709
0.000171154546082709
0.000171154546082709
0.000171154546082709
0.000171154546082709
0.000171154546082709
0.000171156109585618
0.000171155914131032
0.000171155914131032
0.000171155914131032
0.000171155914131032
0.000171155914131032
0.000171155914131032
0.000171155914131032
0.000171155914131032
0.000171156109585618
0.000171156109585618
0.000171156109585618
0.000171156109585618
0.000171154546082709
0.000171152982847362
0.000171165482241214
0.00017115239678468
0.00017115239678468
0.000171153568609122
0.000171152787392828
0.000171140680606851
0.000171125843044773
0.000171125843044773
0.000171126233519242
0.000171126428906912
0.000171125843044773
0.000171125452570304
0.000171125062095835
0.000171125452570304
0.000171125452570304
0.000171126623993711
0.000171125843044773
0.000171154350895685
0.000171125452570304
0.000171125452570304
0.000171125062095835
0.000171125062095835
0.000171123108653771
0.000171126622923993
0.000171123108653771
0.000171123108653771
0.000171123108653771
0.000171123108653771
0.000171123108653771
0.000171123108653771
0.000171123108653771
0.000171123108653771
0.000171123108653771
0.000171123108653771
0.000171123108653771
0.000171123108653771
0.000171123108653771
0.000171123108653771
0.000171123108653771
0.000171123108653771
0.000171125648359215
0.000171125648359215
0.000171125648359215
0.000171125648359215
0.000171125648359215
0.000171125648359215
0.000171125648359215
0.000171125648359215
0.000171125648359215
0.000171125648359215
0.000171125648359215
0.000171125648359215
0.000171125648359215
0.000171125648359215
0.000171125648359215
0.000171125648359215
0.000171125062095835
0.000171125648359215
0.000171126429308153
0.000171126429308153
0.000171155327968014
0.000171154937359866
0.000171125648359215
0.000171154937359866
0.000171154155474562
0.000171154155474562
0.000171181108942262
0.000171154155474562
0.000171154155474562
0.000171154155474562
0.000171154155474562
0.000171154155474562
0.000171154155474562
0.000171154155474562
0.000171154155474562
0.000171152948365747
0.000171152948365747
0.000171203305339323
0.000171153274095505
0.000171153274095505
0.000171129408769112
0.000171129408769112
0.000171129408769112
0.000171129734387358
0.000171129734387358
0.000171129734387358
0.000171129734387358
0.000171128432137174
0.000171128432137174
0.000171128432137174
0.000171128757866932
0.000171128757866932
0.000171128757866932
0.000171128757866932
0.000171128757866932
0.000171165103250502
0.000171171286883877
0.000171172263181448
0.000171172588799694
0.000171172263181448
0.000171193374916057
0.000171148065205022
0.00017116656518137
0.000171148065205022
0.000171157776577376
0.000171147901991661
0.000171146925025398
0.000171152838276895
0.000171147250532187
0.000171169005632036
0.000171146925025398
0.000171146599518608
0.000171146599518608
0.000171146274011819
0.000171145785654107
0.000171145785654107
0.000171145785654107
0.000171145785654107
0.000171145785654107
0.000171145785654107
0.000171145297435701
0.000171145297435701
0.000171145297435701
0.000171145297435701
0.000171145297435701
0.000171145297435701
0.000171145297435701
0.000171146274290494
0.000171146274290494
0.000171146274290494
0.000171146274290494
0.000171244897543438
0.0001711467625089
0.0001711467625089
0.0001711467625089
0.0001711467625089
0.0001711467625089
0.0001711467625089
0.0001711467625089
0.0001711467625089
0.000171145785654107
0.000171145785654107
0.000171145785654107
0.00017118604578536
0.000171103109656912
0.000171103109656912
0.000171103109656912
0.000171103109656912
0.000171103109656912
0.000171103109656912
0.000171103109656912
0.000171103109656912
0.000171103109656912
0.000171103760336352
0.000171103109656912
0.000171103109656912
0.000171103109656912
0.000171103109656912
0.000171103109656912
0.000171126314935779
0.000171213310068747
0.000171125826745216
0.000171129082036251
0.000171129082036251
0.000171125826745216
0.000171201033997186
0.000171201033997186
0.000171201033997186
0.000171201359615432
0.000171303294798791
0.000171304925680999
0.000171315095432874
0.000171291508988086
0.000171290856635218
0.000171291508988086
0.000171291508988086
0.000171291508988086
0.000171291508988086
0.000171292813917338
0.000171294445134731
0.000171294445134731
0.000171294445134731
0.000171294445134731
0.000171293140205479
0.000171293140205479
0.00017129330336355
0.000171178244591829
0.000171178244591829
0.000171178244591829
0.000171179547287951
0.000171177918638872
0.00017117661594275
0.00017117661594275
0.00017117661594275
0.00017117661594275
0.000171174498685134
0.000171149491723336
0.000171148840932554
0.000171149329150961
0.000171149329150961
0.000171149329150961
0.000171149329150961
0.000171149329150961
0.000171149329150961
0.000171149329150961
0.000171149329150961
0.000171149329150961
0.000171149329150961
0.000171149329150961
0.000171149329150961
0.000171149817508672
0.000171149817508672
0.000171149817508672
0.000171149817508672
0.000171151446269221
0.000171151446269221
0.000171151609148043
0.000171151446269221
0.000171151446269221
0.000171151446269221
0.000171151446269221
0.000171151446269221
0.000171151446269221
0.000171151446269221
0.000171151446269221
0.000171151446269221
0.000171151446269221
0.000171151446269221
0.000171151446269221
0.000171151446269221
0.000171277374470144
0.000171277374470144
0.000171276885415067
0.000171276885415067
0.000171276885415067
0.000171276885415067
0.000171276885415067
0.000171277374470144
0.000171277374470144
0.000171277374470144
0.000171277374470144
0.000171277374470144
0.000171277374470144
0.000171277374470144
0.000171277374470144
0.000171277374470144
0.000171277374470144
0.000171277374470144
0.000171277374470144
0.000171152585333987
0.000171152585333987
0.000171150957242474
0.000171150957242474
0.000171150469024067
0.000171150469024067
0.000171150469024067
0.000171150469024067
0.000171150469024067
0.000171150469024067
0.000171150469024067
0.000171150469024067
0.000171151771274251
0.000171151771274251
0.000171151771274251
0.000171150469024067
0.000171150469024067
0.000171150469024067
0.000171124601097598
0.000171124601097598
0.000171124601097598
0.000171124601097598
0.000171124601097598
0.000171124601097598
0.000171124601097598
0.000171124601097598
0.000171126830384198
0.000171126830384198
0.000171126830384198
0.000171126512171667
0.000171126671509645
0.000171126671509645
0.000171126671509645
0.000171125397569247
0.000171125397569247
0.000171125397569247
0.000171126671509645
0.000171126671509645
0.000171126671509645
0.000171126671509645
0.000171126671509645
0.000171126671509645
0.000171126671509645
0.000171127945450042
0.000171127945450042
0.000171127945450042
0.000171127945450042
0.000171127945450042
0.000171127935504142
0.000171126661563744
0.000171126024266503
0.000171126024266503
0.000171125705944925
0.000171125387623347
0.000171124113682949
0.000171124113682949
0.000171124113682949
0.000171124113682949
0.000171124113682949
0.000171124113682949
0.000171124113682949
0.000171124113682949
0.000171124113682949
0.000171124113682949
0.000171124113682949
0.000171124113682949
0.000171124113682949
0.000171124113682949
0.000171124113682949
0.000171124113682949
0.000171124113682949
0.000171123954344971
0.000171123954344971
0.000171124113682949
0.000171124113682949
0.000171124113682949
0.000171124113682949
0.000171124113682949
0.000171124113682949
0.000171124113682949
0.000171124113682949
0.000171124113682949
0.000171138604200125
0.00017112602437548
0.00017112602437548
0.000171124113682949
0.000171124113682949
0.000171124113682949
0.000171124113682949
0.000171124113682949
0.000171124113682949
0.000171124113682949
0.000171124113682949
0.000171124113682949
0.000171124113682949
0.000171124113682949
0.000171124272911852
0.000171124113682949
0.000171124113682949
0.000171124113682949
0.000171124113682949
0.000171124113682949
0.000171124113682949
0.000171124113682949
0.000171124113682949
0.000171124113682949
0.000171124113682949
0.000171124113682949
0.000171124113682949
0.000171124113682949
0.000171124113682949
0.000171124113682949
0.000171124113682949
0.000171124113682949
0.000171126671509645
0.000171126671509645
0.000171126671509645
0.000171126671509645
0.000171126671509645
0.000171126671509645
0.000171126671509645
0.000171126671509645
0.000171126671509645
0.000171126671509645
0.000171126671509645
0.000171126671509645
0.000171126671509645
0.000171126671509645
0.000171126671509645
0.000171126671509645
0.000171126671509645
0.000171126671509645
0.000171126671509645
0.000171126671509645
0.000171126671509645
0.000171126671509645
0.000171126671509645
0.000171126671509645
0.000171125397569247
0.000171125397569247
0.000171125397569247
0.000171125397569247
0.000171125397569247
0.000171125397569247
0.000171126671509645
0.000171126671509645
0.000171126671509645
0.000171125397569247
0.000171125397569247
0.000171125397569247
0.000171125397569247
0.000171125397569247
0.000171125397569247
0.000171125397569247
0.000171125397569247
0.000171125397569247
0.000171125397569247
0.000171125397569247
0.00017112412362885
0.00017112412362885
0.00017112412362885
0.00017112412362885
0.00017112412362885
0.00017112412362885
0.00017112412362885
0.00017112412362885
0.00017112412362885
0.00017112412362885
0.00017112412362885
0.00017112412362885
0.00017112412362885
0.00017112412362885
0.00017112412362885
0.00017112412362885
0.00017112412362885
0.00017112412362885
0.00017112412362885
0.00017112412362885
0.00017112412362885
0.00017112412362885
0.00017112412362885
0.00017112412362885
0.00017112412362885
0.00017112412362885
0.00017112412362885
0.00017112412362885
0.00017112412362885
0.00017112412362885
0.00017112412362885
0.00017112412362885
0.00017112412362885
0.00017112412362885
0.00017112412362885
0.00017112412362885
0.00017112412362885
0.00017112412362885
0.00017112412362885
0.00017112412362885
0.00017112412362885
0.00017112412362885
0.00017112412362885
0.00017112412362885
0.00017112412362885
0.00017112412362885
0.00017112412362885
0.00017112412362885
0.00017112412362885
0.00017112412362885
0.00017112412362885
0.00017112412362885
0.000171126792359248
0.000171126792359248
0.000171126792359248
0.000171126792359248
0.000171126792359248
0.000171126792359248
0.000171126792359248
0.000171126792359248
0.000171126792359248
0.000171126792359248
0.000171126792359248
0.000171126792359248
0.000171126792359248
0.000171125182544808
0.000171125182544808
0.000171125182544808
0.000171223826406551
0.000171225114346294
0.000171225114346294
0.000171125182544808
0.000171125182544808
0.000171125182544808
0.000171127114123785
0.000171124216424683
0.000171124216424683
0.000171125182214115
0.000171124860174092
0.000171124538354474
0.00017112647048455
0.00017121269691971
0.000171216560738938
0.000171216560738938
0.000171190843552973
0.000171190843552973
0.000171190843552973
0.000171190843552973
0.000171190843552973
0.000171190843552973
0.000171191165482765
0.000171190843552973
0.000171190843552973
0.000171190843552973
0.000171190521733355
0.000171190521733355
0.000171190521733355
0.000171190521733355
0.000171190521733355
0.000171190521733355
0.000171190521733355
0.000171190521733355
0.000171190521733355
0.000171215272688907
0.000171215916989529
0.000171190692777554
0.000171215594839218
0.000171190521733355
0.000171189555943923
0.000171189555943923
0.000171189555943923
0.000171189555943923
0.000171189555943923
0.000171189555943923
0.000171189555943923
0.000171189555943923
0.000171189555943923
0.000171189555943923
0.000171189555943923
0.000171189555943923
0.000171214306899475
0.000171214629049786
0.000171189555943923
0.000171189555943923
0.000171189555943923
0.000171189555943923
0.000171189555943923
0.000171189555943923
0.000171189555943923
0.000171189555943923
0.000171189555943923
0.000171189555943923
0.000171189555943923
0.000171189555943923
0.000171189555943923
0.000171189555943923
0.000171238743964832
0.000171239388375798
0.000171239388375798
0.000171239388375798
0.000171239388375798
0.000171239388375798
0.000171239388375798
0.000171239388375798
0.000171239388375798
0.000171239388375798
0.000171239388375798
0.000171239388375798
0.000171262212394865
0.000171262212394865
0.000171262212394865
0.000171262212394865
0.000171262212394865
0.000171262212394865
0.000171262212394865
0.000171262212394865
0.000171262212394865
0.000171262212394865
0.000171262212394865
0.000171262212394865
0.000171262212394865
0.000171262212394865
0.000171262212394865
0.000171262212394865
0.000171262212394865
0.000171262212394865
0.000171262212394865
0.000171262212394865
0.000171262212394865
0.000171262212394865
0.000171262371814722
0.000171262212394865
0.000171262212394865
0.000171262531261887
0.000171262531261887
0.000171262212394865
0.000171262202431923
0.000171262202431923
0.000171262202431923
0.000171262202431923
0.000171262212394865
0.000171262202431923
0.000171262202431923
0.000171262202431923
0.000171265826181678
0.000171287977463162
0.000171287977463162
0.000171287977463162
0.000171848903401383
0.000171287977463162
0.00017126285012891
0.000171262202431923
0.000171262212394865
0.000171262212394865
0.000171262202431923
0.000171262202431923
0.000171262202431923
0.000171262202431923
0.000171262202431923
0.000171262202431923
0.000171262202431923
0.000171262202431923
0.000171262202431923
0.000171262202431923
0.000171262202431923
0.000171262202431923
0.000171262202431923
0.000171262202431923
0.000171262202431923
0.000171262202431923
0.000171262202431923
0.000171262202431923
0.000171262202431923
0.000171262202431923
0.000171262202431923
0.000171262202431923
0.000171262202431923
0.000171262202431923
0.000171262202431923
0.000171262202431923
0.000171262202431923
0.000171262202431923
0.000171262202431923
0.000171262202431923
0.000171262202431923
0.000171262202431923
0.000171262202431923
0.000171262202431923
0.000171262202431923
0.000171262202431923
0.000171262202431923
0.000171262202431923
0.000171262202431923
0.00017126285012891
0.000171262212394865
0.000171262202431923
0.000171262202431923
0.000171262202431923
0.000171262202431923
0.000171262202431923
0.000171262202431923
0.000171262202431923
0.000171262202431923
0.000171262202431923
0.000171262212616263
0.000171262212616263
0.000171262212616263
0.000171262212616263
0.000171262212616263
0.000171262212616263
0.000171262212616263
0.000171262212616263
0.000171262212616263
0.000171262212616263
0.000171262212616263
0.000171262212616263
0.00017126253856922
0.00017126253856922
0.00017126253856922
0.000171262212616263
0.000171262212616263
0.000171262212616263
0.000171262212616263
0.000171262212616263
0.000171262212616263
0.000171262212616263
0.000171262212616263
0.000171262212616263
0.000171262212616263
0.000171262212616263
0.000171262212616263
0.000171262212616263
0.000171262202431923
0.000171262202431923
0.000171262202431923
0.000171262202431923
0.000171262202431923
0.000171262202431923
0.000171262202431923
0.000171262202431923
0.000171262202431923
0.000171262202431923
0.000171262202431923
0.000171265147114518
0.000171263190475133
0.000171263190475133
0.00017126253856922
0.00017126253856922
0.000171262202431923
0.000171262202431923
0.000171262202431923
0.000171262202431923
0.000171262202431923
0.000171262202431923
0.000171262202431923
0.000171262202431923
0.000171262202431923
0.000171262202431923
0.000171244834340372
0.000171242390544355
0.000171242064703027
0.000171242064703027
0.000171242064703027
0.000171242064703027
0.000171242064703027
0.000171242064703027
0.000171242064703027
0.000171242064703027
0.000171242064703027
0.000171242064703027
0.000171242064703027
0.000171242064703027
0.000171241738861698
0.000171241738861698
0.000171241738861698
0.000171241738861698
0.000171241738861698
0.000171241738861698
0.000171241738861698
0.000171241738861698
0.000171241738861698
0.000171241738861698
0.000171241738861698
0.000171241738861698
0.000171241738861698
0.000171241738861698
0.000171241738861698
0.000171241738861698
0.000171241738861698
0.000171241738861698
0.000171241738861698
0.000171241738861698
0.000171241738861698
0.000171241738861698
0.000171265146192872
0.000171265146192872
0.000171265146192872
0.000171265146192872
0.000171265146192872
0.000171265146192872
0.000171266124051742
0.000171266124051742
0.000171265798098785
0.000171265798098785
0.000171266124051742
0.000171266124051742
0.000171266124051742
0.000171266124051742
0.000171266124051742
0.000171266124051742
0.000171266124051742
0.000171266124051742
0.000171266124051742
0.000171266124051742
0.000171266124051742
0.000171266113867402
0.000171266113867402
0.000171263343253314
0.000171263017300358
0.000171262365394445
0.000171281868192068
0.000171262365394445
0.000171262365394445
0.000171262365394445
0.000171262365394445
0.000171262365394445
0.000171262365394445
0.000171262365394445
0.000171262365394445
0.000171262365394445
0.000171262365394445
0.000171262365394445
0.000171262365394445
0.000171262365394445
0.000171262365394445
0.000171262202431923
0.000171262202431923
0.000171262202431923
0.000171262202431923
0.000171262202431923
0.000171262202431923
0.000171262202431923
0.000171262202431923
0.000171262202431923
0.000171262202431923
0.000171262202431923
0.000171262202431923
0.000171262202431923
0.000171262202431923
0.000171262202431923
0.000171262202431923
0.000171262202431923
0.000171262202431923
0.000171262202431923
0.000171262202431923
0.000171262202431923
0.000171262202431923
0.000171262202431923
0.000171262202431923
0.000171262202431923
0.000171262202431923
0.000171262202431923
0.000171262202431923
0.000171262202431923
0.000171262202431923
0.000171262202431923
0.000171262202431923
0.000171262202431923
0.000171262202431923
0.000171262202431923
0.000171262202431923
0.000171262202431923
0.000171262202431923
0.000171262202431923
0.000171262202431923
0.000171262202431923
0.000171262202431923
0.000171262202431923
0.000171262202431923
0.000171262202431923
0.000171262202431923
0.000171262202431923
0.000171262202431923
0.000171262202431923
0.000171262202431923
0.000171262202431923
0.000171262202431923
0.000171262202431923
0.000171262202431923
0.000171262202431923
0.000171262202431923
0.000171262202431923
0.000171262202431923
0.000171262202431923
0.000171262202431923
0.000171262202431923
0.000171262531261887
0.000171262531261887
0.000171262531261887
0.000171262531261887
0.000171262531261887
0.000171262531261887
0.000171262531261887
0.000171262531261887
0.000171262531261887
0.000171262531261887
0.000171262531261887
0.000171262531261887
0.000171262531261887
0.000171262531261887
0.000171262531261887
0.000171262531261887
0.000171262531261887
0.000171262531261887
0.000171262531261887
0.000171262531261887
0.000171262531261887
0.000171262531261887
0.000171239474321383
0.000171239155563561
0.000171238677385882
0.000171238677385882
0.000171238677385882
0.000171238677385882
0.000171238677385882
0.000171238677385882
0.00017123835862806
0.00017123835862806
0.000171238039870238
0.000171238039870238
0.000171238039870238
0.000171238039870238
0.000171238039870238
0.000171238039870238
0.000171238039870238
0.000171237721112417
0.000171237721112417
0.000171237721112417
0.000171237721112417
0.000171237721112417
0.000171237721112417
0.000171237721112417
0.000171237721112417
0.000171237721112417
0.000171237721112417
0.000171237721112417
0.000171237721112417
0.000171237721112417
0.000171237721112417
0.000171237721112417
0.000171237721112417
0.000171237721112417
0.000171237721112417
0.000171237721112417
0.000171237721112417
0.000171237721112417
0.000171237721112417
0.000171237721112417
0.000171237721112417
0.000171237721112417
0.000171237721112417
0.000171237721112417
0.000171237721112417
0.000171237721112417
0.000171237721112417
0.000171237721112417
0.000171237721112417
0.000171237721112417
0.000171237721112417
0.000171237721112417
0.000171237721112417
0.000171237721112417
0.000171237721112417
0.000171237721112417
0.000171237721112417
0.000171237721112417
0.000171237721112417
0.000171237721112417
0.000171237721112417
0.000171237721112417
0.000171237721112417
0.000171237721112417
0.000171237721112417
0.000171237721112417
0.000171237721112417
0.000171237721112417
0.000171237721112417
0.000171237721112417
0.000171237721112417
0.000171237721112417
0.000171237721112417
0.000171237721112417
