7.68401781923732e-06
7.68401781923732e-06
7.68401781923732e-06
7.68401781923732e-06
7.68401781923732e-06
7.68401781923732e-06
7.68401781923732e-06
7.68401781923732e-06
7.68401781923732e-06
7.68401781923732e-06
7.68401781923732e-06
7.68401781923732e-06
7.68401781923732e-06
7.68401781923732e-06
7.68401781923732e-06
7.68401781923732e-06
7.68401781923732e-06
7.68401781923732e-06
7.68401781923732e-06
7.68401781923732e-06
7.68401781923732e-06
7.68401781923732e-06
7.68401781923732e-06
7.68401781923732e-06
7.68401781923732e-06
7.68401781923732e-06
7.68401781923732e-06
7.68401781923732e-06
7.68401781923732e-06
7.68401781923732e-06
7.68401781923732e-06
7.68401781923732e-06
9.60502227404665e-06
9.60502227404665e-06
9.59814985606522e-06
9.59814985606522e-06
7.67714540125589e-06
7.67714540125589e-06
7.67714540125589e-06
7.67714540125589e-06
7.67714540125589e-06
7.67714540125589e-06
7.66676718621379e-06
7.66676718621379e-06
7.66676718621379e-06
7.66676718621379e-06
7.6654778168797e-06
7.66676718621379e-06
7.66676718621379e-06
7.6654778168797e-06
7.65522539813964e-06
7.6565009033865e-06
7.65522539813964e-06
7.65522539813964e-06
7.65522539813964e-06
7.6565009033865e-06
7.6565009033865e-06
7.6565009033865e-06
7.63504852873652e-06
7.63629696832592e-06
7.63629696832592e-06
7.63629696832592e-06
7.63629696832592e-06
7.63629696832592e-06
7.63629696832592e-06
7.6263558281394e-06
7.6263558281394e-06
7.60678675730291e-06
7.60678675730291e-06
7.60678675730291e-06
7.60678675730291e-06
7.60678675730291e-06
7.60678675730291e-06
7.60678675730291e-06
7.60678675730291e-06
7.60678675730291e-06
7.60678675730291e-06
7.60708936248802e-06
7.60804904528596e-06
7.60678675730291e-06
7.60678675730291e-06
7.60678675730291e-06
7.60678675730291e-06
7.60678675730291e-06
7.60678675730291e-06
7.60678675730291e-06
7.60678675730291e-06
7.60678675730291e-06
7.60678675730291e-06
7.60678675730291e-06
7.60678675730291e-06
7.60678675730291e-06
7.60678675730291e-06
7.60678675730291e-06
7.60678675730291e-06
7.60678675730291e-06
7.68401781923732e-06
7.68401781923732e-06
7.68401781923732e-06
7.68401781923732e-06
7.68401781923732e-06
7.68401781923732e-06
7.68401781923732e-06
7.68401781923732e-06
7.68401781923732e-06
7.68401781923732e-06
7.68401781923732e-06
7.68401781923732e-06
7.68401781923732e-06
7.68401781923732e-06
7.68401781923732e-06
7.68401781923732e-06
7.68401781923732e-06
7.68401781923732e-06
7.68401781923732e-06
7.68401781923732e-06
7.68401781923732e-06
7.69224490472469e-06
7.68401781923732e-06
7.68401781923732e-06
7.68401781923732e-06
7.68401781923732e-06
7.68401781923732e-06
7.68401781923732e-06
7.6864834977518e-06
7.68401781923732e-06
7.68401781923732e-06
7.68401781923732e-06
7.68401781923732e-06
7.68401781923732e-06
7.68401781923732e-06
7.6850032866389e-06
7.6850032866389e-06
7.6850032866389e-06
7.6850032866389e-06
7.6850032866389e-06
7.6850032866389e-06
7.6850032866389e-06
7.67682461754328e-06
7.67812852231401e-06
7.67812852231401e-06
7.67812852231401e-06
7.67812852231401e-06
7.67812852231401e-06
7.67812852231401e-06
7.66774677994021e-06
7.66774677994021e-06
7.64731746024471e-06
7.64731746024471e-06
7.63726631671268e-06
7.63726631671268e-06
7.63726631671268e-06
7.63726631671268e-06
7.63726631671268e-06
7.61748242917975e-06
7.61748242917975e-06
7.61748242917975e-06
7.61748242917975e-06
7.61748242917975e-06
7.61748242917975e-06
7.60774634075574e-06
7.59811198452098e-06
7.59811198452098e-06
7.58857777426624e-06
7.58857777426624e-06
7.58857777426624e-06
7.58857777426624e-06
7.56980361004498e-06
7.56980361004498e-06
7.56980361004498e-06
7.56980361004498e-06
7.56980361004498e-06
7.56980361004498e-06
7.56980361004498e-06
7.56980361004498e-06
7.56980361004498e-06
7.56980361004498e-06
7.56980361004498e-06
7.56748396545695e-06
7.56748396545695e-06
7.56748396545695e-06
7.56748396545695e-06
7.56748396545695e-06
7.56748396545695e-06
7.56748396545695e-06
7.56748396545695e-06
7.56748396545695e-06
7.56748396545695e-06
7.56748396545695e-06
7.56748396545695e-06
7.56748396545695e-06
7.56748396545695e-06
7.68533177577276e-06
7.68533177577276e-06
7.68533177577276e-06
7.68533177577276e-06
7.68533177577276e-06
7.68533177577276e-06
7.68533177577276e-06
7.68533177577276e-06
7.68533177577276e-06
7.68533177577276e-06
7.68533177577276e-06
7.68533177577276e-06
7.68533177577276e-06
7.68533177577276e-06
7.68533177577276e-06
7.68533177577276e-06
7.68533177577276e-06
7.68533177577276e-06
7.68533177577276e-06
7.68533177577276e-06
7.68533177577276e-06
7.68533177577276e-06
7.68533177577276e-06
7.68533177577276e-06
7.68533177577276e-06
7.68533177577276e-06
7.68533177577276e-06
7.67845701144787e-06
7.68009129627128e-06
7.68140637699951e-06
7.68140637699951e-06
7.68140637699951e-06
7.68140637699951e-06
7.68140637699951e-06
7.68140637699951e-06
7.68140637699951e-06
7.68140637699951e-06
7.68140637699951e-06
7.68140637699951e-06
7.68140637699951e-06
7.68140637699951e-06
7.68140637699951e-06
7.67101050730063e-06
7.67101050730063e-06
7.66072685478184e-06
7.66072685478184e-06
7.66072685478184e-06
7.66072685478184e-06
7.66072685478184e-06
7.66072685478184e-06
7.66072685478184e-06
7.66072685478184e-06
7.66072685478184e-06
7.66072685478184e-06
7.66072685478184e-06
7.66072685478184e-06
7.66072685478184e-06
7.66072685478184e-06
7.66072685478184e-06
7.65055361222131e-06
7.65055361222131e-06
7.65055361222131e-06
7.64113095412014e-06
7.64113095412014e-06
7.64113095412014e-06
7.64080190260128e-06
7.6305313200582e-06
7.6305313200582e-06
7.6206788449398e-06
7.61092992679423e-06
7.61092992679423e-06
7.61092992679423e-06
7.61092992679423e-06
7.61092992679423e-06
7.61092992679423e-06
7.61092992679423e-06
7.61092992679423e-06
7.61092992679423e-06
7.61092992679423e-06
7.61092992679423e-06
7.61156208071334e-06
7.61156208071334e-06
7.61156208071334e-06
7.61156208071334e-06
7.61156208071334e-06
7.61156208071334e-06
7.61156208071334e-06
7.61156208071334e-06
7.61156208071334e-06
7.61156208071334e-06
7.61156208071334e-06
7.61156208071334e-06
7.61156208071334e-06
7.61156208071334e-06
7.61156208071334e-06
7.61156208071334e-06
7.6919083047611e-06
7.69289579726856e-06
7.6919083047611e-06
7.6919083047611e-06
7.6919083047611e-06
7.6919083047611e-06
7.6919083047611e-06
7.6919083047611e-06
7.6919083047611e-06
7.6919083047611e-06
7.6919083047611e-06
7.68502179067515e-06
7.68502179067515e-06
7.68502179067515e-06
7.68502179067515e-06
7.68502179067515e-06
7.68502179067515e-06
7.68502179067515e-06
7.68502179067515e-06
7.67462238463931e-06
7.67462238463931e-06
7.67462238463931e-06
7.67462238463931e-06
7.67462238463931e-06
7.67462238463931e-06
7.67462238463931e-06
7.67462238463931e-06
7.66302841474284e-06
7.66302841474284e-06
7.66302841474284e-06
7.66302841474284e-06
7.66302841474284e-06
7.66302841474284e-06
7.65285517218231e-06
7.65285517218231e-06
7.64279057095732e-06
7.64279057095732e-06
7.6328328800192e-06
7.6328328800192e-06
7.6328328800192e-06
7.6328328800192e-06
7.6328328800192e-06
7.6328328800192e-06
7.6229804049008e-06
7.6229804049008e-06
7.6229804049008e-06
7.6229804049008e-06
7.6229804049008e-06
7.61323148675523e-06
7.61323148675523e-06
7.61452174371205e-06
7.61323148675523e-06
7.61323148675523e-06
7.61323148675523e-06
7.61202007207429e-06
7.61323148675523e-06
7.61323148675523e-06
7.61323148675523e-06
7.61323148675523e-06
7.61323148675523e-06
7.61323148675523e-06
7.61323148675523e-06
7.61323148675523e-06
7.61323148675523e-06
7.61323148675523e-06
7.61323148675523e-06
7.61323148675523e-06
7.61323148675523e-06
7.61323148675523e-06
7.61323148675523e-06
7.61323148675523e-06
7.61323148675523e-06
7.61323148675523e-06
7.61323148675523e-06
7.59403785853884e-06
7.59627709652541e-06
7.59532184238418e-06
7.59532184238418e-06
7.59532184238418e-06
7.59532184238418e-06
7.59294990652209e-06
7.59294990652209e-06
7.59294990652209e-06
7.59294990652209e-06
7.59294990652209e-06
7.59294990652209e-06
7.59294990652209e-06
7.59373979369626e-06
7.59294990652209e-06
7.59294990652209e-06
7.59294990652209e-06
7.59294990652209e-06
9.51592698271236e-06
7.59294990652209e-06
7.59294990652209e-06
9.51592698271236e-06
4.56386559415825e-06
4.56386559415825e-06
4.56386559415825e-06
4.56386559415825e-06
4.56386559415825e-06
4.56386559415825e-06
4.56386559415825e-06
4.56386559415825e-06
4.56386559415825e-06
4.56386559415825e-06
4.56386559415825e-06
4.56386559415825e-06
4.56386559415825e-06
4.56386559415825e-06
4.56386559415825e-06
4.56386559415825e-06
4.56386559415825e-06
4.56386559415825e-06
4.56386559415825e-06
4.56386559415825e-06
4.55569359744293e-06
4.55569359744293e-06
4.55569359744293e-06
4.55569359744293e-06
4.55569359744293e-06
4.55569359744293e-06
4.55491543997297e-06
4.5425790079303e-06
4.5425790079303e-06
4.5425790079303e-06
4.5425790079303e-06
4.5425790079303e-06
4.5425790079303e-06
4.5425790079303e-06
4.5425790079303e-06
4.53037574027467e-06
4.53037574027467e-06
4.53037574027467e-06
4.53114557260769e-06
4.53037574027467e-06
4.53037574027467e-06
4.53037574027467e-06
4.53037574027467e-06
4.51830349243618e-06
4.51830349243618e-06
4.50636016564919e-06
4.50636016564919e-06
4.50636016564919e-06
4.50636016564919e-06
4.50636016564919e-06
4.50636016564919e-06
4.49454370573595e-06
4.49454370573595e-06
4.49454370573595e-06
4.49454370573595e-06
4.49454370573595e-06
4.49454370573595e-06
4.49454370573595e-06
4.49454370573595e-06
4.48285210192878e-06
4.48285210192878e-06
4.48285210192878e-06
4.48285210192878e-06
4.48285210192878e-06
4.48285210192878e-06
4.48285210192878e-06
4.48285210192878e-06
4.48285210192878e-06
4.48285210192878e-06
4.48285210192878e-06
4.48285210192878e-06
4.48285210192878e-06
4.48285210192878e-06
4.47128338572937e-06
4.47128338572937e-06
4.47128338572937e-06
4.47128338572937e-06
4.47128338572937e-06
4.47128338572937e-06
4.47128338572937e-06
4.47128338572937e-06
4.47203354171338e-06
4.47203354171338e-06
4.47128338572937e-06
4.47203354171338e-06
4.47203354171338e-06
4.47203354171338e-06
6.75452142584731e-06
6.75396633879251e-06
4.47203354171338e-06
4.47203354171338e-06
4.47203354171338e-06
4.47203354171338e-06
4.47203354171338e-06
4.47203354171338e-06
4.47203354171338e-06
7.60644265693042e-06
7.60644265693042e-06
7.60807041378958e-06
7.60644265693042e-06
7.60644265693042e-06
7.60514107536695e-06
9.50642634420868e-06
9.50642634420868e-06
9.50642634420868e-06
9.50642634420868e-06
9.50642634420868e-06
9.50642634420868e-06
9.49961867316935e-06
7.59833340432762e-06
7.59833340432762e-06
7.59833340432762e-06
7.59833340432762e-06
7.59833340432762e-06
7.59833340432762e-06
7.59833340432762e-06
7.59865879971848e-06
7.59930504825944e-06
7.5996304436503e-06
7.5996304436503e-06
7.5996304436503e-06
7.60044186814354e-06
7.5986565848365e-06
7.58918037612471e-06
7.58837272775661e-06
7.58837272775661e-06
7.58837272775661e-06
7.58837272775661e-06
7.5888606955802e-06
7.58837272775661e-06
7.58918037612471e-06
9.4798105617064e-06
9.4798105617064e-06
9.4798105617064e-06
9.4798105617064e-06
7.5781998974738e-06
7.57851613570218e-06
7.5781998974738e-06
7.57851613570218e-06
7.5781998974738e-06
7.5781998974738e-06
7.5781998974738e-06
7.57851613570218e-06
7.5781998974738e-06
9.4798105617064e-06
7.5781998974738e-06
7.57851613570218e-06
7.5781998974738e-06
7.5781998974738e-06
7.5781998974738e-06
7.5781998974738e-06
7.57851613570218e-06
7.58141819763341e-06
7.57851613570218e-06
7.5781998974738e-06
7.5781998974738e-06
7.5781998974738e-06
7.5781998974738e-06
7.5781998974738e-06
7.5781998974738e-06
7.5781998974738e-06
7.5781998974738e-06
7.5781998974738e-06
7.5781998974738e-06
7.57917597230495e-06
7.57659177749856e-06
7.57659177749856e-06
7.57659177749856e-06
7.57659177749856e-06
7.57659177749856e-06
7.56653495456333e-06
7.5668475958987e-06
7.5668475958987e-06
7.56653495456333e-06
7.56653495456333e-06
7.5668475958987e-06
7.56653495456333e-06
7.56653495456333e-06
7.56653495456333e-06
7.56653495456333e-06
7.56782344804695e-06
7.56814884343782e-06
7.56782344804695e-06
7.56782344804695e-06
7.56782344804695e-06
7.56782344804695e-06
7.57005136062005e-06
7.57005136062005e-06
7.57005136062005e-06
7.57005136062005e-06
7.57161824507613e-06
7.57161824507613e-06
7.61116561373105e-06
7.61051393105906e-06
7.61051393105906e-06
7.61051393105906e-06
7.61051393105906e-06
7.61051393105906e-06
7.61051393105906e-06
7.61051393105906e-06
7.61051393105906e-06
7.61051393105906e-06
7.61051393105906e-06
7.61051393105906e-06
7.61051393105906e-06
7.61051393105906e-06
7.61051393105906e-06
7.60644265693042e-06
7.60644265693042e-06
7.60644265693042e-06
7.60644265693042e-06
7.59963265966765e-06
7.59963265966765e-06
7.59963265966765e-06
7.59963265966765e-06
7.59963265966765e-06
7.59963265966765e-06
7.59833340432762e-06
7.59833340432762e-06
7.59833340432762e-06
7.59833340432762e-06
7.59833340432762e-06
7.59833340432762e-06
7.59833340432762e-06
7.59833340432762e-06
7.59833340432762e-06
7.59833340432762e-06
7.59833340432762e-06
7.58805304429206e-06
7.58805304429206e-06
7.58805304429206e-06
7.58805304429206e-06
7.58805304429206e-06
7.58805304429206e-06
7.58805304429206e-06
7.57788365457903e-06
7.57788365457903e-06
7.57788365457903e-06
7.57788365457903e-06
7.57788365457903e-06
7.57788365457903e-06
7.57788365457903e-06
7.57788365457903e-06
7.57788365457903e-06
7.57788365457903e-06
7.57819978613235e-06
7.57788365457903e-06
7.57788365457903e-06
7.57788365457903e-06
7.57788365457903e-06
7.57788365457903e-06
7.58466631964441e-06
7.58434965417537e-06
7.58434965417537e-06
7.58434965417537e-06
7.58434965417537e-06
7.58434965417537e-06
7.58434965417537e-06
7.58434965417537e-06
7.58434965417537e-06
7.58434965417537e-06
7.58434965417537e-06
7.58434965417537e-06
7.58434965417537e-06
7.58466631964441e-06
7.58434965417537e-06
7.57427250401762e-06
7.57427250401762e-06
7.57427250401762e-06
7.57427250401762e-06
7.56782344804695e-06
7.56782344804695e-06
7.56782344804695e-06
7.56782344804695e-06
7.56782344804695e-06
7.56782344804695e-06
7.56782344804695e-06
7.56782344804695e-06
7.56813619429553e-06
7.56782344804695e-06
7.56782344804695e-06
7.56782344804695e-06
7.56782344804695e-06
7.56782344804695e-06
7.56782344804695e-06
7.56782344804695e-06
7.56782344804695e-06
7.56782344804695e-06
1.11597178823319e-05
1.11597178823319e-05
1.11597178823319e-05
1.11597178823319e-05
1.11597178823319e-05
1.11597178823319e-05
1.11597178823319e-05
1.11597178823319e-05
1.11597178823319e-05
1.11597178823319e-05
1.11597178823319e-05
1.11597178823319e-05
1.11597178823319e-05
1.11597178823319e-05
1.11597178823319e-05
1.11530582041413e-05
1.11530582041413e-05
1.11530582041413e-05
1.11530582041413e-05
1.11530582041413e-05
1.11530582041413e-05
1.11530582041413e-05
1.11530582041413e-05
1.11530582041413e-05
1.11530582041413e-05
1.11530582041413e-05
1.11530582041413e-05
1.30130111845299e-05
1.30130111845299e-05
1.11530582041413e-05
1.11530582041413e-05
1.11530582041413e-05
1.11530582041413e-05
1.11530582041413e-05
9.29310522375263e-06
9.2830483498048e-06
1.1122294524661e-05
1.1122294524661e-05
1.1122294524661e-05
1.1122294524661e-05
1.11024404592678e-05
1.11024404592678e-05
1.11030576576465e-05
1.11024404592678e-05
1.10827993356707e-05
1.10827993356707e-05
1.10834099315796e-05
1.10834099315796e-05
1.10834099315796e-05
1.10834099315796e-05
1.10834099315796e-05
1.10834099315796e-05
1.10834099315796e-05
1.10834099315796e-05
1.10834099315796e-05
1.10834099315796e-05
1.10834099315796e-05
1.10834099315796e-05
1.10834099315796e-05
1.10834099315796e-05
1.10834099315796e-05
1.10834099315796e-05
1.10834099315796e-05
1.10834099315796e-05
1.10827893101803e-05
1.10834099315796e-05
1.10834099315796e-05
1.10834099315796e-05
1.10827993356707e-05
1.10633677462689e-05
1.10633677462689e-05
1.10633677462689e-05
1.10633677462689e-05
1.10633677462689e-05
1.10633677462689e-05
1.10633677462689e-05
1.10633677462689e-05
1.10633677462689e-05
1.10633677462689e-05
1.10633677462689e-05
1.10633677462689e-05
1.10633677462689e-05
1.10633677462689e-05
1.10633677462689e-05
1.10633677462689e-05
1.10633677462689e-05
1.10633677462689e-05
1.10633677462689e-05
1.10633677462689e-05
1.10633677462689e-05
1.10633677462689e-05
1.10633677462689e-05
1.10639718450907e-05
1.10633677462689e-05
1.10633677462689e-05
1.10633677462689e-05
1.11597178823319e-05
1.11597178823319e-05
1.11597178823319e-05
1.11597178823319e-05
1.11597178823319e-05
1.11597178823319e-05
1.11597178823319e-05
1.11597178823319e-05
1.11597178823319e-05
1.11597178823319e-05
1.11597178823319e-05
1.11597178823319e-05
1.11597178823319e-05
1.11597178823319e-05
1.11597178823319e-05
1.11597178823319e-05
1.11597178823319e-05
1.11597178823319e-05
1.11597178823319e-05
1.11597178823319e-05
1.11597178823319e-05
1.11597178823319e-05
1.11597178823319e-05
1.11597178823319e-05
1.11540066654014e-05
1.11536904038009e-05
1.11536904038009e-05
1.11536904038009e-05
1.11536904038009e-05
1.11536904038009e-05
1.11536904038009e-05
1.11536904038009e-05
1.11536904038009e-05
1.11536904038009e-05
1.11536904038009e-05
1.11536904038009e-05
1.11536904038009e-05
1.11536904038009e-05
1.11530582041413e-05
1.11530582041413e-05
1.11533742500659e-05
1.11533742500659e-05
1.11533742500659e-05
1.11533742500659e-05
1.11429957424394e-05
1.11429957424394e-05
1.11436266860639e-05
1.11426831175364e-05
1.11027517102294e-05
1.11027517102294e-05
1.11030576576465e-05
1.11030576576465e-05
1.11030576576465e-05
1.11030576576465e-05
1.11030576576465e-05
1.11030576576465e-05
1.11030576576465e-05
1.11030576576465e-05
1.11030576576465e-05
1.11030576576465e-05
1.10639718450907e-05
1.10639718450907e-05
1.10639718450907e-05
1.10639718450907e-05
1.10639718450907e-05
1.10639718450907e-05
1.10639718450907e-05
1.10639718450907e-05
1.10639718450907e-05
1.10639718450907e-05
1.10639718450907e-05
1.10639718450907e-05
1.10447400606702e-05
1.10447400606702e-05
1.10447400606702e-05
1.10447400606702e-05
1.10447400606702e-05
1.10447400606702e-05
1.10447400606702e-05
1.10447400606702e-05
1.10447400606702e-05
1.10447400606702e-05
1.10447400606702e-05
1.10447400606702e-05
1.10447400606702e-05
1.10447400606702e-05
1.10447400606702e-05
1.10447400606702e-05
1.10447400606702e-05
1.10447400606702e-05
1.10447400606702e-05
1.10447400606702e-05
1.10447400606702e-05
1.10447400606702e-05
1.10447400606702e-05
1.10447400606702e-05
9.40196012064595e-06
9.40196012064595e-06
9.40196012064595e-06
9.40196012064595e-06
1.12823521447751e-05
1.12823521447751e-05
1.12823521447751e-05
1.12823521447751e-05
1.12823521447751e-05
1.12823521447751e-05
1.12823521447751e-05
1.12823521447751e-05
9.40196012064595e-06
9.39522725917848e-06
9.39522725917848e-06
9.39522725917848e-06
9.39940368830152e-06
9.39940368830152e-06
9.39940368830152e-06
9.39554677813528e-06
9.39554677813528e-06
9.39554677813528e-06
9.39554677813528e-06
9.38537038854592e-06
9.38473262153641e-06
9.38569209804534e-06
9.38537593047385e-06
9.38537593047385e-06
9.38473262153641e-06
9.38889475345468e-06
9.38889475345468e-06
9.38889475345468e-06
9.3879341837633e-06
9.3879341837633e-06
9.3879341837633e-06
9.3879341837633e-06
9.3879341837633e-06
9.3879341837633e-06
9.38857260314414e-06
9.3879341837633e-06
9.3879341837633e-06
9.3879341837633e-06
9.36730606175356e-06
9.36730606175356e-06
9.34721345785036e-06
9.3276427840501e-06
9.3276427840501e-06
9.28851544171011e-06
9.28851544171011e-06
9.28851544171011e-06
9.28851544171011e-06
9.29066356719834e-06
9.29066356719834e-06
9.26926170601999e-06
9.27139053780515e-06
9.26926674283839e-06
9.26926170601999e-06
9.26926170601999e-06
9.23135790931388e-06
9.23135790931388e-06
9.23194894509668e-06
9.19481702117499e-06
9.19423819891204e-06
9.19423819891204e-06
9.19423819891204e-06
9.19423819891204e-06
9.19452292404669e-06
9.19423819891204e-06
9.19629283497839e-06
9.19629283497839e-06
9.19423819891204e-06
9.19423819891204e-06
9.17596481204722e-06
9.17596481204722e-06
9.17596481204722e-06
9.17596481204722e-06
9.17596481204722e-06
9.17596481204722e-06
9.17596481204722e-06
9.17596481204722e-06
9.17596481204722e-06
9.17596481204722e-06
9.17596481204722e-06
9.17596481204722e-06
9.17717294221105e-06
9.17717294221105e-06
9.17717294221105e-06
9.17717294221105e-06
9.17717294221105e-06
9.17545658841058e-06
9.17545658841058e-06
9.17545658841058e-06
9.17545658841058e-06
9.17545658841058e-06
9.17602441174982e-06
9.17545658841058e-06
9.30772839303931e-06
9.30772839303931e-06
9.30772839303931e-06
9.30772839303931e-06
9.30772839303931e-06
9.30772839303931e-06
9.30772839303931e-06
9.30772839303931e-06
9.30772839303931e-06
9.30772839303931e-06
9.30772839303931e-06
9.30772839303931e-06
9.30772839303931e-06
9.30772839303931e-06
9.30772839303931e-06
9.30772839303931e-06
9.30772839303931e-06
9.30772839303931e-06
9.30772839303931e-06
9.30772839303931e-06
9.30772839303931e-06
9.30772839303931e-06
9.30772839303931e-06
9.30772839303931e-06
9.30772839303931e-06
9.30772839303931e-06
9.30772839303931e-06
9.30772839303931e-06
9.30169060405099e-06
9.30169060405099e-06
9.3020074058078e-06
9.30169060405099e-06
9.30169060405099e-06
9.30169060405099e-06
9.30169060405099e-06
9.30169060405099e-06
9.30169060405099e-06
9.30296400687594e-06
9.30296400687594e-06
9.30296400687594e-06
9.31187858765456e-06
9.30296400687594e-06
9.30137391043611e-06
9.29034053806025e-06
9.29034053806025e-06
9.29034053806025e-06
9.27023600047226e-06
9.27023600047226e-06
9.23067434978466e-06
9.23067434978466e-06
9.23067434978466e-06
9.2112103240208e-06
9.2112103240208e-06
1.10730560816577e-05
1.10730560816577e-05
1.10730560816577e-05
1.10537956037989e-05
1.10347386137138e-05
1.10347386137138e-05
1.10347386137138e-05
1.09972223323816e-05
1.09972223323816e-05
1.09972223323816e-05
1.09969346214233e-05
1.09969346214233e-05
1.09969346214233e-05
1.09969346214233e-05
1.09969346214233e-05
1.09969346214233e-05
1.09969346214233e-05
1.09969346214233e-05
1.09969346214233e-05
1.09784720864181e-05
1.09784720864181e-05
1.09784720864181e-05
1.09784720864181e-05
1.09784720864181e-05
1.09784720864181e-05
1.09784720864181e-05
1.09784720864181e-05
1.09784720864181e-05
1.09784720864181e-05
1.09784720864181e-05
1.09784720864181e-05
1.09784720864181e-05
1.09784720864181e-05
1.09784720864181e-05
1.09784720864181e-05
1.09784720864181e-05
1.09784720864181e-05
1.09784720864181e-05
1.09784720864181e-05
1.09784720864181e-05
1.09784720864181e-05
1.09784720864181e-05
1.09784720864181e-05
1.14174801621282e-05
1.14174801621282e-05
1.14174801621282e-05
1.14174801621282e-05
1.14174801621282e-05
1.14174801621282e-05
1.14174801621282e-05
1.14174801621282e-05
1.14174801621282e-05
1.14174801621282e-05
1.14174801621282e-05
1.14174801621282e-05
1.14178061150848e-05
1.14178061150848e-05
1.14178061150848e-05
1.14174801621282e-05
1.14174801621282e-05
1.14174801621282e-05
1.14174801621282e-05
1.14174801621282e-05
1.14174801621282e-05
1.14174801621282e-05
1.14174801621282e-05
1.14174801621282e-05
1.14174801621282e-05
1.14174801621282e-05
1.14174801621282e-05
1.14174801621282e-05
1.14109844688005e-05
1.14109844688005e-05
1.14109844688005e-05
1.14109844688005e-05
1.14109844688005e-05
1.14109844688005e-05
1.33138978291552e-05
1.14109844688005e-05
1.14109844688005e-05
1.14109844688005e-05
1.14109844688005e-05
1.14109844688005e-05
1.14109844688005e-05
1.14109844688005e-05
1.14109844688005e-05
1.14109844688005e-05
1.14109844688005e-05
1.14109844688005e-05
1.14109844688005e-05
1.14109844688005e-05
1.13862657892115e-05
1.13862657892115e-05
1.13658592840273e-05
1.13658592840273e-05
1.13257011523234e-05
1.13257011523234e-05
1.12777459853366e-05
1.12777459853366e-05
1.12777459853366e-05
1.12777459853366e-05
1.12777459853366e-05
1.12777459853366e-05
1.12777459853366e-05
1.12777459853366e-05
1.12777459853366e-05
1.12777459853366e-05
1.12777459853366e-05
1.12777459853366e-05
1.12777459853366e-05
1.12777459853366e-05
1.12777459853366e-05
1.12777459853366e-05
1.12777459853366e-05
1.12777459853366e-05
1.12777459853366e-05
1.12394148197446e-05
1.12394148197446e-05
1.12394148197446e-05
1.12394148197446e-05
1.12394148197446e-05
1.12394148197446e-05
1.12394148197446e-05
1.12394148197446e-05
1.12394148197446e-05
1.12394148197446e-05
1.12394148197446e-05
1.12394148197446e-05
1.12394148197446e-05
1.12394148197446e-05
1.12394148197446e-05
1.12394148197446e-05
1.12394148197446e-05
1.12408492593059e-05
1.12408492593059e-05
1.12408492593059e-05
1.12408492593059e-05
1.12408492593059e-05
1.12408492593059e-05
1.14173172275139e-05
1.14173172275139e-05
1.14173172275139e-05
1.14173172275139e-05
1.14173172275139e-05
1.14173172275139e-05
1.14173172275139e-05
1.14173172275139e-05
1.14173172275139e-05
1.14173172275139e-05
1.14173172275139e-05
1.14173172275139e-05
1.14173172275139e-05
1.14173172275139e-05
1.14173172275139e-05
1.14173172275139e-05
1.14173172275139e-05
1.14173172275139e-05
1.14173172275139e-05
1.14173172275139e-05
1.1417969133427e-05
1.14173172275139e-05
1.14173172275139e-05
1.14173172275139e-05
1.14173172275139e-05
1.14173172275139e-05
1.14173172275139e-05
1.14173172275139e-05
1.14173172275139e-05
1.14173172275139e-05
1.14173172275139e-05
1.14173172275139e-05
1.14173172275139e-05
1.14173172275139e-05
1.14173172275139e-05
1.14173172275139e-05
1.14173172275139e-05
1.14173172275139e-05
1.14173172275139e-05
1.14173172275139e-05
1.14173172275139e-05
1.14173172275139e-05
1.14108215341862e-05
1.14108215341862e-05
1.13992174689681e-05
1.13992174689681e-05
1.13992174689681e-05
1.13992174689681e-05
1.13583436689652e-05
1.13583436689652e-05
1.13583436689652e-05
1.1346822258635e-05
1.13255776398659e-05
1.13255776398659e-05
1.13255776398659e-05
1.13255776398659e-05
1.13255776398659e-05
1.13255776398659e-05
1.13255776398659e-05
1.13255776398659e-05
1.13255776398659e-05
1.13255776398659e-05
1.13255776398659e-05
1.13255776398659e-05
1.13255776398659e-05
1.13255776398659e-05
1.13255776398659e-05
1.13255776398659e-05
1.13255776398659e-05
1.13255776398659e-05
1.13255776398659e-05
1.13255776398659e-05
1.128626833633e-05
1.12868843875792e-05
1.128626833633e-05
1.128626833633e-05
1.128626833633e-05
1.128626833633e-05
1.128626833633e-05
1.128626833633e-05
1.128626833633e-05
1.128626833633e-05
1.128626833633e-05
1.128626833633e-05
1.128626833633e-05
1.128626833633e-05
1.128626833633e-05
1.128626833633e-05
1.128626833633e-05
1.128626833633e-05
1.128626833633e-05
1.128626833633e-05
1.128626833633e-05
1.128626833633e-05
1.128626833633e-05
1.128626833633e-05
1.11691146790897e-05
1.11691146790897e-05
1.11691146790897e-05
1.11691146790897e-05
1.11691146790897e-05
1.11691146790897e-05
1.11691146790897e-05
1.11691146790897e-05
1.11691146790897e-05
1.11691146790897e-05
1.11691146790897e-05
1.11691146790897e-05
1.11691146790897e-05
1.11691146790897e-05
1.11691146790897e-05
1.11691146790897e-05
1.11691146790897e-05
1.11691146790897e-05
1.11691146790897e-05
1.11691146790897e-05
1.11691146790897e-05
1.11691146790897e-05
1.11676802825388e-05
1.11676802825388e-05
1.11610092144072e-05
1.11610092144072e-05
1.11610092144072e-05
1.11610092144072e-05
1.11610092144072e-05
1.11610092144072e-05
1.11487069660513e-05
1.11487069660513e-05
1.11273850030267e-05
1.11273850030267e-05
1.11286230836286e-05
1.11286230836286e-05
1.11286230836286e-05
1.11286230836286e-05
1.11286230836286e-05
1.11286230836286e-05
1.11286230836286e-05
1.11286230836286e-05
1.11286230836286e-05
1.11286230836286e-05
1.11286230836286e-05
1.11087558396529e-05
1.11087558396529e-05
1.11087558396529e-05
1.11087558396529e-05
1.11087558396529e-05
1.11087558396529e-05
1.11087558396529e-05
1.11087558396529e-05
1.11087558396529e-05
1.11087558396529e-05
1.11087558396529e-05
1.11087558396529e-05
1.11087558396529e-05
1.11087558396529e-05
1.11075310226259e-05
1.11075310226259e-05
1.11072250752088e-05
1.11084494811889e-05
1.11084494811889e-05
1.11087558396529e-05
1.29699827604391e-05
1.11087558396529e-05
1.11087558396529e-05
1.11099823029394e-05
1.11099823029394e-05
1.11099823029394e-05
1.11099823029394e-05
1.11099823029394e-05
1.11099823029394e-05
1.10903151331259e-05
1.10903151331259e-05
1.10903151331259e-05
1.10903151331259e-05
1.10903151331259e-05
1.29515420539121e-05
1.29515420539121e-05
1.29515420539121e-05
1.10903151331259e-05
1.10903151331259e-05
1.10903151331259e-05
1.10903151331259e-05
1.10903151331259e-05
1.10903151331259e-05
1.10903151331259e-05
1.10903151331259e-05
1.10903151331259e-05
1.10903151331259e-05
1.10903151331259e-05
1.10903151331259e-05
1.10903151331259e-05
1.10903151331259e-05
