0.000683877585912122
0.000683877585912122
0.000683877585912122
0.000683877585912122
0.000683877585912122
0.000683877585912122
0.000683877585912122
0.000683877585912122
0.000683877585912122
0.000683877585912122
0.000683877585912122
0.000683877585912122
0.000683877585912122
0.000683877585912122
0.000683877585912122
0.000683877585912122
0.000683877585912122
0.000683877585912122
0.000683877585912122
0.000683877585912122
0.000683877585912122
0.000683877585912122
0.000683877585912122
0.000683877585912122
0.000683877585912122
0.000683877585912122
0.000683877585912122
0.000683877585912122
0.000683877585912122
0.000683877585912122
0.000683877585912122
0.000683877585912122
0.000683877585912122
0.000683877585912122
0.000683877585912122
0.000683877585912122
0.000683877585912122
0.000683877585912122
0.000683877585912122
0.000683877626966463
0.000683877626966463
0.000683877585912122
0.000683877585912122
0.000683877585912122
0.000683877585912122
0.000683877585912122
0.000683877585912122
0.000683877585912122
0.000683877585912122
0.000683877585912122
0.000683880254879534
0.000683877626966463
0.000683877585912122
0.000683877585912122
0.000683877626966463
0.000683877585912122
0.000683877585912122
0.000683877585912122
0.000683877585912122
0.000683877585912122
0.000683877585912122
0.000683877585912122
0.000683877585912122
0.000683877585912122
0.000683877585912122
0.000683877585912122
0.000683877585912122
0.000683877585912122
0.000683877585912122
0.000683877585912122
0.000683877585912122
0.000683877585912122
0.000683877585912122
0.000683877585912122
0.000683877585912122
0.000683877585912122
0.000683877585912122
0.000683877585912122
0.000684070331398086
0.000683877585912122
0.000683877585912122
0.000683877585912122
0.000683877585912122
0.000683877585912122
0.000683877585912122
0.000683877585912122
0.000683877585912122
0.000683877585912122
0.000683877585912122
0.000683877585912122
0.000683877585912122
0.000683877585912122
0.000683877585912122
0.000683877585912122
0.000683877585912122
0.000683877585912122
0.000683877585912122
0.000683877585912122
0.000683877585912122
0.000683877585912122
0.000683877585912122
0.000683877585912122
0.000683877585912122
0.000683877585912122
0.000683877585912122
0.000683877585912122
0.000683877585912122
0.000683877585912122
0.000683877585912122
0.000683877585912122
0.000683877585912122
0.000683877585912122
0.000683877585912122
0.000683877585912122
0.000683877585912122
0.000683877585912122
0.000683877585912122
0.000685074688842891
0.000683877626966463
0.000683877626966463
0.000683877585912122
0.000683877585912122
0.000683877585912122
0.000683877585912122
0.000684808832013161
0.000683877585912122
0.000683877585912122
0.000683877585912122
0.000683877585912122
0.000683877585912122
0.000683877585912122
0.000683980512345141
0.000683981826301676
0.000683981826301676
0.000683981826301676
0.000683981826301676
0.000683983140258211
0.000683983140258211
0.000683981826301676
0.000683981826301676
0.000683981826301676
0.000683981826301676
0.000683981826301676
0.000683981826301676
0.000683981826301676
0.000683981826301676
0.000683981826301676
0.000683981826301676
0.000683981826301676
0.000683981826301676
0.000683981826301676
0.000683981826301676
0.000683981826301676
0.000683981826301676
0.000683981826301676
0.000683981826301676
0.000683981826301676
0.000683981826301676
0.000683981826301676
0.000683981826301676
0.000683981826301676
0.000683981826301676
0.000683981826301676
0.000683981826301676
0.000683981826301676
0.000683981826301676
0.000683981826301676
0.000683981826301676
0.000683981826301676
0.000683981826301676
0.000683981826301676
0.000683981826301676
0.000683979198388605
0.000683979198388605
0.000683979198388605
0.000683979198388605
0.000683979198388605
0.000683979198388605
0.000683979198388605
0.000683979198388605
0.000683979198388605
0.000683979198388605
0.000683979198388605
0.000683979198388605
0.000683979198388605
0.000683979198388605
0.000683979198388605
0.000683979198388605
0.000683979198388605
0.000683979198388605
0.000683979198388605
0.000683979198388605
0.000683994528043776
0.000683994528043776
0.000683994528043776
0.000683994528043776
0.000683994528043776
0.000683994528043776
0.000683994528043776
0.000683994528043776
0.000683994528043776
0.000683994528043776
0.000683994528043776
0.000683994528043776
0.000683994528043776
0.000683994528043776
0.000683994528043776
0.000683994528043776
0.000683994528043776
0.000683994528043776
0.000683994528043776
0.000683994528043776
0.000683994528043776
0.000683994528043776
0.000683994528043776
0.000683994528043776
0.000683994528043776
0.000683994528043776
0.000683994528043776
0.000683994528043776
0.000684328335700731
0.000684402638155647
0.000684402638155647
0.000684402638155647
0.000684402638155647
0.00068440789847856
0.00068440789847856
0.00068440789847856
0.00068440789847856
0.00068440789847856
0.00068440789847856
0.00068440789847856
0.00068440789847856
0.00068440789847856
0.00068440789847856
0.00068440789847856
0.00068440789847856
0.00068440789847856
0.00068440789847856
0.00068440789847856
0.00068440789847856
0.00068440789847856
0.00068440789847856
0.00068440789847856
0.00068440789847856
0.00068440789847856
0.00068440789847856
0.00068440789847856
0.00068440789847856
0.00068440789847856
0.00068440789847856
0.00068440789847856
0.00068440789847856
0.00068440789847856
0.000684508367412494
0.000684509683618569
0.000684509683618569
0.000684443476554399
0.00068440789847856
0.00068440789847856
0.00068440789847856
0.00068440789847856
0.00068440789847856
0.000684409913855984
0.00068440789847856
0.00068440789847856
0.00068440789847856
0.00068440789847856
0.00068440789847856
0.00068440789847856
0.00068440789847856
0.00068440789847856
0.000684509683618569
0.000684509683618569
0.000684509683618569
0.000684508367412494
0.000684508367412494
0.000684508367412494
0.000684508367412494
0.000684508367412494
0.000684508367412494
0.000684508367412494
0.000684508367412494
0.000684534082286484
0.000684509683618569
0.000684509683618569
0.000684508367412494
0.000684508367412494
0.000684579839123738
0.000684682977067315
0.000684579839123738
0.000684579839123738
0.000684579839123738
0.000684579839123738
0.000684579839123738
0.000684579839123738
0.000684579839123738
0.000684579839123738
0.000684579839123738
0.000684579839123738
0.000684579839123738
0.000684579839123738
0.000684579839123738
0.000684579839123738
0.000684579839123738
0.000684579839123738
0.000684579839123738
0.000684579839123738
0.000684579839123738
0.000684579839123738
0.000684579839123738
0.000684579839123738
0.000684579839123738
0.000684579839123738
0.000684579839123738
0.000684482042100743
0.000684482042100743
0.000684482042100743
0.000684482042100743
0.000684482042100743
0.000684482042100743
0.000684484674512894
0.000684482042100743
0.000684482042100743
0.000684482042100743
0.000684482042100743
0.000684482042100743
0.000684482042100743
0.000684482042100743
0.000684482042100743
0.000684482042100743
0.000684483358306819
0.000684483358306819
0.000684483358306819
0.000684483358306819
0.000684483358306819
0.000684483358306819
0.000684497180892809
0.000684602931393822
0.000684516934351471
0.000684516934351471
0.000684515618145396
0.000684515618145396
0.000684512983479313
0.000684512983479313
0.000684512983479313
0.000684512983479313
0.000684512983479313
0.000684512983479313
0.000684512983479313
0.000684512983479313
0.000684512983479313
0.000684512983479313
0.000684512983479313
0.000684510350616561
0.000684510350616561
0.000684510350616561
0.000684510350616561
0.000684510350616561
0.000684510350616561
0.000684509691780877
0.000684509691780877
0.000684509691780877
0.000684696858393718
0.000684608855615844
0.000684607538959167
0.000684602930040629
0.000684601613383952
0.000684601613383952
0.000684601613383952
0.000684601613383952
0.000684596343149427
0.000684596343149427
0.000684596343149427
0.000684596343149427
0.000684688293415956
0.000684597659806103
0.000684597659806103
0.000684596343149427
0.000684596343149427
0.000684596343149427
0.000684596343149427
0.000684596343149427
0.000684596343149427
0.000684618184330836
0.000684618184330836
0.000684618184330836
0.000684618184330836
0.000684618184330836
0.000684618184330836
0.000684624438342473
0.000684623656524128
0.000684623656524128
0.000684623656524128
0.000684623656524128
0.000684623656524128
0.000684623656524128
0.000684623656524128
0.000684623656524128
0.000684624438342473
0.000684624438342473
0.000684624438342473
0.000684624438342473
0.000684618184330836
0.00068461193138945
0.000684661928964857
0.000684609587138721
0.000684609587138721
0.00068461427443649
0.000684611149571311
0.000684562722427406
0.000684503372179093
0.000684503372179093
0.000684504934076969
0.000684505715627649
0.000684503372179093
0.000684501810281217
0.000684500248383341
0.000684501810281217
0.000684501810281217
0.000684506495974845
0.000684503372179093
0.000684617403582742
0.000684501810281217
0.000684501810281217
0.000684500248383341
0.000684500248383341
0.000684492434615085
0.000684506491695971
0.000684492434615085
0.000684492434615085
0.000684492434615085
0.000684492434615085
0.000684492434615085
0.000684492434615085
0.000684492434615085
0.000684492434615085
0.000684492434615085
0.000684492434615085
0.000684492434615085
0.000684492434615085
0.000684492434615085
0.000684492434615085
0.000684492434615085
0.000684492434615085
0.000684502593436861
0.000684502593436861
0.000684502593436861
0.000684502593436861
0.000684502593436861
0.000684502593436861
0.000684502593436861
0.000684502593436861
0.000684502593436861
0.000684502593436861
0.000684502593436861
0.000684502593436861
0.000684502593436861
0.000684502593436861
0.000684502593436861
0.000684502593436861
0.000684500248383341
0.000684502593436861
0.000684505717232613
0.000684505717232613
0.000684621311872055
0.000684619749439465
0.000684502593436861
0.000684619749439465
0.000684616621898246
0.000684616621898246
0.000684724435769048
0.000684616621898246
0.000684616621898246
0.000684616621898246
0.000684616621898246
0.000684616621898246
0.000684616621898246
0.000684616621898246
0.000684616621898246
0.000684611793462986
0.000684611793462986
0.000684813221357292
0.00068461309638202
0.00068461309638202
0.00068451763507645
0.00068451763507645
0.00068451763507645
0.000684518937549431
0.000684518937549431
0.000684518937549431
0.000684518937549431
0.000684513728548695
0.000684513728548695
0.000684513728548695
0.000684515031467728
0.000684515031467728
0.000684515031467728
0.000684515031467728
0.000684515031467728
0.000684660413002008
0.000684685147535509
0.000684689052725794
0.000684690355198775
0.000684689052725794
0.000684773499664229
0.000684592260820089
0.000684666260725479
0.000684592260820089
0.000684631106309505
0.000684591607966644
0.00068458770010159
0.00068461135310758
0.000684589002128748
0.000684676022528143
0.00068458770010159
0.000684586398074432
0.000684586398074432
0.000684585096047274
0.000684583142616427
0.000684583142616427
0.000684583142616427
0.000684583142616427
0.000684583142616427
0.000684583142616427
0.000684581189742803
0.000684581189742803
0.000684581189742803
0.000684581189742803
0.000684581189742803
0.000684581189742803
0.000684581189742803
0.000684585097161976
0.000684585097161976
0.000684585097161976
0.000684585097161976
0.000684979590173752
0.0006845870500356
0.0006845870500356
0.0006845870500356
0.0006845870500356
0.0006845870500356
0.0006845870500356
0.0006845870500356
0.0006845870500356
0.000684583142616427
0.000684583142616427
0.000684583142616427
0.000684744183141442
0.000684412438627647
0.000684412438627647
0.000684412438627647
0.000684412438627647
0.000684412438627647
0.000684412438627647
0.000684412438627647
0.000684412438627647
0.000684412438627647
0.000684415041345408
0.000684412438627647
0.000684412438627647
0.000684412438627647
0.000684412438627647
0.000684412438627647
0.000684505259743118
0.000684853240274987
0.000684503306980863
0.000684516328145005
0.000684516328145005
0.000684503306980863
0.000684804135988745
0.000684804135988745
0.000684804135988745
0.000684805438461726
0.000685213179195165
0.000685219702723997
0.000685260381731498
0.000685166035952346
0.00068516342654087
0.000685166035952346
0.000685166035952346
0.000685166035952346
0.000685166035952346
0.000685171255669352
0.000685177780538922
0.000685177780538922
0.000685177780538922
0.000685177780538922
0.000685172560821916
0.000685172560821916
0.000685173213454199
0.000684712978367314
0.000684712978367314
0.000684712978367314
0.000684718189151803
0.000684711674555488
0.000684706463771
0.000684706463771
0.000684706463771
0.000684706463771
0.000684697994740535
0.000684597966893345
0.000684595363730218
0.000684597316603842
0.000684597316603842
0.000684597316603842
0.000684597316603842
0.000684597316603842
0.000684597316603842
0.000684597316603842
0.000684597316603842
0.000684597316603842
0.000684597316603842
0.000684597316603842
0.000684597316603842
0.000684599270034689
0.000684599270034689
0.000684599270034689
0.000684599270034689
0.000684605785076884
0.000684605785076884
0.000684606436592172
0.000684605785076884
0.000684605785076884
0.000684605785076884
0.000684605785076884
0.000684605785076884
0.000684605785076884
0.000684605785076884
0.000684605785076884
0.000684605785076884
0.000684605785076884
0.000684605785076884
0.000684605785076884
0.000684605785076884
0.000685109497880577
0.000685109497880577
0.000685107541660269
0.000685107541660269
0.000685107541660269
0.000685107541660269
0.000685107541660269
0.000685109497880577
0.000685109497880577
0.000685109497880577
0.000685109497880577
0.000685109497880577
0.000685109497880577
0.000685109497880577
0.000685109497880577
0.000685109497880577
0.000685109497880577
0.000685109497880577
0.000685109497880577
0.000684610341335946
0.000684610341335946
0.000684603828969894
0.000684603828969894
0.000684601876096269
0.000684601876096269
0.000684601876096269
0.000684601876096269
0.000684601876096269
0.000684601876096269
0.000684601876096269
0.000684601876096269
0.000684607085097006
0.000684607085097006
0.000684607085097006
0.000684601876096269
0.000684601876096269
0.000684601876096269
0.000684498404390393
0.000684498404390393
0.000684498404390393
0.000684498404390393
0.000684498404390393
0.000684498404390393
0.000684498404390393
0.000684498404390393
0.000684507321536792
0.000684507321536792
0.000684507321536792
0.000684506048686667
0.000684506686038579
0.000684506686038579
0.000684506686038579
0.000684501590276989
0.000684501590276989
0.000684501590276989
0.000684506686038579
0.000684506686038579
0.000684506686038579
0.000684506686038579
0.000684506686038579
0.000684506686038579
0.000684506686038579
0.000684511781800169
0.000684511781800169
0.000684511781800169
0.000684511781800169
0.000684511781800169
0.000684511742016568
0.000684506646254978
0.000684504097066012
0.000684504097066012
0.0006845028237797
0.000684501550493388
0.000684496454731798
0.000684496454731798
0.000684496454731798
0.000684496454731798
0.000684496454731798
0.000684496454731798
0.000684496454731798
0.000684496454731798
0.000684496454731798
0.000684496454731798
0.000684496454731798
0.000684496454731798
0.000684496454731798
0.000684496454731798
0.000684496454731798
0.000684496454731798
0.000684496454731798
0.000684495817379886
0.000684495817379886
0.000684496454731798
0.000684496454731798
0.000684496454731798
0.000684496454731798
0.000684496454731798
0.000684496454731798
0.000684496454731798
0.000684496454731798
0.000684496454731798
0.000684554416800499
0.00068450409750192
0.00068450409750192
0.000684496454731798
0.000684496454731798
0.000684496454731798
0.000684496454731798
0.000684496454731798
0.000684496454731798
0.000684496454731798
0.000684496454731798
0.000684496454731798
0.000684496454731798
0.000684496454731798
0.00068449709164741
0.000684496454731798
0.000684496454731798
0.000684496454731798
0.000684496454731798
0.000684496454731798
0.000684496454731798
0.000684496454731798
0.000684496454731798
0.000684496454731798
0.000684496454731798
0.000684496454731798
0.000684496454731798
0.000684496454731798
0.000684496454731798
0.000684496454731798
0.000684496454731798
0.000684496454731798
0.000684506686038579
0.000684506686038579
0.000684506686038579
0.000684506686038579
0.000684506686038579
0.000684506686038579
0.000684506686038579
0.000684506686038579
0.000684506686038579
0.000684506686038579
0.000684506686038579
0.000684506686038579
0.000684506686038579
0.000684506686038579
0.000684506686038579
0.000684506686038579
0.000684506686038579
0.000684506686038579
0.000684506686038579
0.000684506686038579
0.000684506686038579
0.000684506686038579
0.000684506686038579
0.000684506686038579
0.000684501590276989
0.000684501590276989
0.000684501590276989
0.000684501590276989
0.000684501590276989
0.000684501590276989
0.000684506686038579
0.000684506686038579
0.000684506686038579
0.000684501590276989
0.000684501590276989
0.000684501590276989
0.000684501590276989
0.000684501590276989
0.000684501590276989
0.000684501590276989
0.000684501590276989
0.000684501590276989
0.000684501590276989
0.000684501590276989
0.000684496494515399
0.000684496494515399
0.000684496494515399
0.000684496494515399
0.000684496494515399
0.000684496494515399
0.000684496494515399
0.000684496494515399
0.000684496494515399
0.000684496494515399
0.000684496494515399
0.000684496494515399
0.000684496494515399
0.000684496494515399
0.000684496494515399
0.000684496494515399
0.000684496494515399
0.000684496494515399
0.000684496494515399
0.000684496494515399
0.000684496494515399
0.000684496494515399
0.000684496494515399
0.000684496494515399
0.000684496494515399
0.000684496494515399
0.000684496494515399
0.000684496494515399
0.000684496494515399
0.000684496494515399
0.000684496494515399
0.000684496494515399
0.000684496494515399
0.000684496494515399
0.000684496494515399
0.000684496494515399
0.000684496494515399
0.000684496494515399
0.000684496494515399
0.000684496494515399
0.000684496494515399
0.000684496494515399
0.000684496494515399
0.000684496494515399
0.000684496494515399
0.000684496494515399
0.000684496494515399
0.000684496494515399
0.000684496494515399
0.000684496494515399
0.000684496494515399
0.000684496494515399
0.000684507169436992
0.000684507169436992
0.000684507169436992
0.000684507169436992
0.000684507169436992
0.000684507169436992
0.000684507169436992
0.000684507169436992
0.000684507169436992
0.000684507169436992
0.000684507169436992
0.000684507169436992
0.000684507169436992
0.000684500730179232
0.000684500730179232
0.000684500730179232
7.64729956191871e-05
6.89514275226703e-05
6.89514275226703e-05
0.000684500730179232
0.000684500730179232
0.000684500730179232
0.00068450845649514
0.000684496865698731
0.000684496865698731
0.000684500728856459
0.000684499440696367
0.000684498153417898
0.000684505881938202
0.00068485078767884
0.000684866242955751
0.000684866242955751
0.000684763374211891
0.000684763374211891
0.000684763374211891
0.000684763374211891
0.000684763374211891
0.000684763374211891
0.000684764661931058
0.000684763374211891
0.000684763374211891
0.000684763374211891
0.000684762086933422
0.000684762086933422
0.000684762086933422
0.000684762086933422
0.000684762086933422
0.000684762086933422
0.000684762086933422
0.000684762086933422
0.000684762086933422
0.00068486109075563
0.000684863667958114
0.000684762771110216
0.000684862379356872
0.000684762086933422
0.000684758223775693
0.000684758223775693
0.000684758223775693
0.000684758223775693
0.000684758223775693
0.000684758223775693
0.000684758223775693
0.000684758223775693
0.000684758223775693
0.000684758223775693
0.000684758223775693
0.000684758223775693
0.000684857227597902
0.000684858516199144
0.000684758223775693
0.000684758223775693
0.000684758223775693
0.000684758223775693
0.000684758223775693
0.000684758223775693
0.000684758223775693
0.000684758223775693
0.000684758223775693
0.000684758223775693
0.000684758223775693
0.000684758223775693
0.000684758223775693
0.000684758223775693
0.000684954975859329
0.000684957553503191
0.000684957553503191
0.000684957553503191
0.000684957553503191
0.000684957553503191
0.000684957553503191
0.000684957553503191
0.000684957553503191
0.000684957553503191
0.000684957553503191
0.000684957553503191
0.000685048849579458
0.000685048849579458
0.000685048849579458
0.000685048849579458
0.000685048849579458
0.000685048849579458
0.000685048849579458
0.000685048849579458
0.000685048849579458
0.000685048849579458
0.000685048849579458
0.000685048849579458
0.000685048849579458
0.000685048849579458
0.000685048849579458
0.000685048849579458
0.000685048849579458
0.000685048849579458
0.000685048849579458
0.000685048849579458
0.000685048849579458
0.000685048849579458
0.000685049487258889
0.000685048849579458
0.000685048849579458
0.000685050125047549
0.000685050125047549
0.000685048849579458
0.000685048809727693
0.000685048809727693
0.000685048809727693
0.000685048809727693
0.000685048849579458
0.000685048809727693
0.000685048809727693
0.000685048809727693
0.000685063304726714
0.000685151909852649
0.000685151909852649
0.000685151909852649
0.000687395613605531
0.000685151909852649
0.00068505140051564
0.000685048809727693
0.000685048849579458
0.000685048849579458
0.000685048809727693
0.000685048809727693
0.000685048809727693
0.000685048809727693
0.000685048809727693
0.000685048809727693
0.000685048809727693
0.000685048809727693
0.000685048809727693
0.000685048809727693
0.000685048809727693
0.000685048809727693
0.000685048809727693
0.000685048809727693
0.000685048809727693
0.000685048809727693
0.000685048809727693
0.000685048809727693
0.000685048809727693
0.000685048809727693
0.000685048809727693
0.000685048809727693
0.000685048809727693
0.000685048809727693
0.000685048809727693
0.000685048809727693
0.000685048809727693
0.000685048809727693
0.000685048809727693
0.000685048809727693
0.000685048809727693
0.000685048809727693
0.000685048809727693
0.000685048809727693
0.000685048809727693
0.000685048809727693
0.000685048809727693
0.000685048809727693
0.000685048809727693
0.00068505140051564
0.000685048849579458
0.000685048809727693
0.000685048809727693
0.000685048809727693
0.000685048809727693
0.000685048809727693
0.000685048809727693
0.000685048809727693
0.000685048809727693
0.000685048809727693
0.000685048850465053
0.000685048850465053
0.000685048850465053
0.000685048850465053
0.000685048850465053
0.000685048850465053
0.000685048850465053
0.000685048850465053
0.000685048850465053
0.000685048850465053
0.000685048850465053
0.000685048850465053
0.000685050154276879
0.000685050154276879
0.000685050154276879
0.000685048850465053
0.000685048850465053
0.000685048850465053
0.000685048850465053
0.000685048850465053
0.000685048850465053
0.000685048850465053
0.000685048850465053
0.000685048850465053
0.000685048850465053
0.000685048850465053
0.000685048850465053
0.000685048850465053
0.000685048809727693
0.000685048809727693
0.000685048809727693
0.000685048809727693
0.000685048809727693
0.000685048809727693
0.000685048809727693
0.000685048809727693
0.000685048809727693
0.000685048809727693
0.000685048809727693
0.000685060588458073
0.000685052761900531
0.000685052761900531
0.000685050154276879
0.000685050154276879
0.000685048809727693
0.000685048809727693
0.000685048809727693
0.000685048809727693
0.000685048809727693
0.000685048809727693
0.000685048809727693
0.000685048809727693
0.000685048809727693
0.000685048809727693
0.000684979337361487
0.000684969562177422
0.000684968258812107
0.000684968258812107
0.000684968258812107
0.000684968258812107
0.000684968258812107
0.000684968258812107
0.000684968258812107
0.000684968258812107
0.000684968258812107
0.000684968258812107
0.000684968258812107
0.000684968258812107
0.000684966955446791
0.000684966955446791
0.000684966955446791
0.000684966955446791
0.000684966955446791
0.000684966955446791
0.000684966955446791
0.000684966955446791
0.000684966955446791
0.000684966955446791
0.000684966955446791
0.000684966955446791
0.000684966955446791
0.000684966955446791
0.000684966955446791
0.000684966955446791
0.000684966955446791
0.000684966955446791
0.000684966955446791
0.000684966955446791
0.000684966955446791
0.000684966955446791
0.000685060584771489
0.000685060584771489
0.000685060584771489
0.000685060584771489
0.000685060584771489
0.000685060584771489
0.000685064496206967
0.000685064496206967
0.000685063192395141
0.000685063192395141
0.000685064496206967
0.000685064496206967
0.000685064496206967
0.000685064496206967
0.000685064496206967
0.000685064496206967
0.000685064496206967
0.000685064496206967
0.000685064496206967
0.000685064496206967
0.000685064496206967
0.000685064455469608
0.000685064455469608
0.000685053373013257
0.00068505206920143
0.000685049461577778
0.000685127472768271
0.000685049461577778
0.000685049461577778
0.000685049461577778
0.000685049461577778
0.000685049461577778
0.000685049461577778
0.000685049461577778
0.000685049461577778
0.000685049461577778
0.000685049461577778
0.000685049461577778
0.000685049461577778
0.000685049461577778
0.000685049461577778
0.000685048809727693
0.000685048809727693
0.000685048809727693
0.000685048809727693
0.000685048809727693
0.000685048809727693
0.000685048809727693
0.000685048809727693
0.000685048809727693
0.000685048809727693
0.000685048809727693
0.000685048809727693
0.000685048809727693
0.000685048809727693
0.000685048809727693
0.000685048809727693
0.000685048809727693
0.000685048809727693
0.000685048809727693
0.000685048809727693
0.000685048809727693
0.000685048809727693
0.000685048809727693
0.000685048809727693
0.000685048809727693
0.000685048809727693
0.000685048809727693
0.000685048809727693
0.000685048809727693
0.000685048809727693
0.000685048809727693
0.000685048809727693
0.000685048809727693
0.000685048809727693
0.000685048809727693
0.000685048809727693
0.000685048809727693
0.000685048809727693
0.000685048809727693
0.000685048809727693
0.000685048809727693
0.000685048809727693
0.000685048809727693
0.000685048809727693
0.000685048809727693
0.000685048809727693
0.000685048809727693
0.000685048809727693
0.000685048809727693
0.000685048809727693
0.000685048809727693
0.000685048809727693
0.000685048809727693
0.000685048809727693
0.000685048809727693
0.000685048809727693
0.000685048809727693
0.000685048809727693
0.000685048809727693
0.000685048809727693
0.000685048809727693
0.000685050125047549
0.000685050125047549
0.000685050125047549
0.000685050125047549
0.000685050125047549
0.000685050125047549
0.000685050125047549
0.000685050125047549
0.000685050125047549
0.000685050125047549
0.000685050125047549
0.000685050125047549
0.000685050125047549
0.000685050125047549
0.000685050125047549
0.000685050125047549
0.000685050125047549
0.000685050125047549
0.000685050125047549
0.000685050125047549
0.000685050125047549
0.000685050125047549
0.000684957897285531
0.000684956622254244
0.000684954709543526
0.000684954709543526
0.000684954709543526
0.000684954709543526
0.000684954709543526
0.000684954709543526
0.00068495343451224
0.00068495343451224
0.00068495343451224
0.00068495343451224
0.000684952159480953
0.000684950884449666
0.000684950884449666
0.000684950884449666
0.000684950884449666
0.000684950884449666
0.000684950884449666
0.000684950884449666
0.000684950884449666
0.000684950884449666
0.000684950884449666
0.000684950884449666
0.000684950884449666
0.000684950884449666
0.000684950884449666
0.000684950884449666
0.000684950884449666
0.000684950884449666
0.000684950884449666
0.000684950884449666
0.000684950884449666
0.000684950884449666
0.000684950884449666
0.000684950884449666
0.000684950884449666
0.000684950884449666
0.000684950884449666
0.000684950884449666
0.000684950884449666
0.000684950884449666
0.000684950884449666
0.000684950884449666
0.000684950884449666
0.000684950884449666
0.000684950884449666
0.000684950884449666
0.000684950884449666
0.000684950884449666
0.000684950884449666
0.000684950884449666
0.000684950884449666
0.000684950884449666
0.000684950884449666
0.000684950884449666
0.000684950884449666
0.000684950884449666
0.000684950884449666
0.000684950884449666
0.000684950884449666
0.000684950884449666
0.000684950884449666
0.000684950884449666
0.000684950884449666
0.000684950884449666
0.000684950884449666
0.000684950884449666
0.000684950884449666
0.000684950884449666
0.000684950884449666
0.000684950884449666
0.000684950884449666
0.000684950884449666
