0.000854846982390152
0.000854846982390152
0.000854846982390152
0.000854846982390152
0.000854846982390152
0.000854846982390152
0.000854846982390152
0.000854846982390152
0.000854846982390152
0.000854846982390152
0.000854846982390152
0.000854846982390152
0.000854846982390152
0.000854846982390152
0.000854846982390152
0.000854846982390152
0.000854846982390152
0.000854846982390152
0.000854846982390152
0.000854846982390152
0.000854846982390152
0.000854846982390152
0.000854846982390152
0.000854846982390152
0.000854846982390152
0.000854846982390152
0.000854846982390152
0.000854846982390152
0.000854846982390152
0.000854846982390152
0.000854846982390152
0.000854846982390152
0.000854847033708078
0.000854847033708078
0.000854846982390152
0.000854846982390152
0.000854846982390152
0.000854846982390152
0.000854846982390152
0.000854848676153748
0.000854848676153748
0.000854846982390152
0.000854846982390152
0.000854846982390152
0.000854846982390152
0.000854846982390152
0.000854846982390152
0.000854846982390152
0.000854846982390152
0.000854846982390152
0.000854851961045086
0.000854848676153748
0.000854847033708078
0.000854847033708078
0.000854848676153748
0.000854846982390152
0.000854846982390152
0.000854846982390152
0.000854846982390152
0.000854846982390152
0.000854846982390152
0.000854846982390152
0.000854846982390152
0.000854846982390152
0.000854846982390152
0.000854846982390152
0.000854846982390152
0.000854846982390152
0.000854846982390152
0.000854846982390152
0.000854846982390152
0.000854846982390152
0.000854846982390152
0.000854846982390152
0.000854846982390152
0.000854846982390152
0.000854846982390152
0.000854846982390152
0.000855091199700754
0.000854846982390152
0.000854846982390152
0.000854846982390152
0.000854846982390152
0.000854846982390152
0.000854846982390152
0.000854846982390152
0.000854846982390152
0.000854846982390152
0.000854846982390152
0.000854846982390152
0.000854846982390152
0.000854846982390152
0.000854846982390152
0.000854846982390152
0.000854846982390152
0.000854846982390152
0.000854846982390152
0.000854846982390152
0.000854846982390152
0.000854846982390152
0.000854846982390152
0.000854846982390152
0.000854846982390152
0.000854846982390152
0.000854846982390152
0.000854846982390152
0.000854846982390152
0.000854846982390152
0.000854846982390152
0.000854846982390152
0.000854846982390152
0.000854846982390152
0.000854846982390152
0.000854846982390152
0.000854846982390152
0.000854846982390152
0.000854846982390152
0.000856364756750934
0.000854848676153748
0.000854848676153748
0.000854847033708078
0.000854846982390152
0.000854846982390152
0.000854846982390152
0.000856032435713771
0.000854846982390152
0.000854846982390152
0.000854846982390152
0.000854846982390152
0.000854846982390152
0.000854846982390152
0.000854977282877095
0.000854978925322764
0.000854978925322764
0.000854978925322764
0.000854978925322764
0.000854980567768434
0.000854980567768434
0.000854978925322764
0.000854978925322764
0.000854978925322764
0.000854978925322764
0.000854978925322764
0.000854978925322764
0.000854978925322764
0.000854978925322764
0.000854978925322764
0.000854978925322764
0.000854978925322764
0.000854978925322764
0.000854978925322764
0.000854978925322764
0.000854978925322764
0.000854978925322764
0.000854978925322764
0.000854978925322764
0.000854978925322764
0.000854978925322764
0.000854978925322764
0.000854978925322764
0.000854978925322764
0.000854978925322764
0.000854978925322764
0.000854978925322764
0.000854978925322764
0.000854978925322764
0.000854978925322764
0.000854978925322764
0.000854978925322764
0.000854978925322764
0.000854978925322764
0.000854978925322764
0.000854975640431426
0.000854975640431426
0.000854975640431426
0.000854975640431426
0.000854975640431426
0.000854975640431426
0.000854975640431426
0.000854975640431426
0.000854975640431426
0.000854975640431426
0.000854975640431426
0.000854975640431426
0.000854975640431426
0.000854975640431426
0.000854975640431426
0.000854975640431426
0.000854975640431426
0.000854975640431426
0.000854975640431426
0.000854975640431426
0.000854993211390198
0.00085499316005472
0.00085499316005472
0.00085499316005472
0.00085499316005472
0.00085499316005472
0.00085499316005472
0.00085499316005472
0.00085499316005472
0.000854993211390198
0.00085499316005472
0.00085499316005472
0.00085499316005472
0.00085499316005472
0.00085499316005472
0.00085499316005472
0.00085499316005472
0.00085499316005472
0.00085499316005472
0.00085499316005472
0.00085499316005472
0.00085499316005472
0.00085499316005472
0.00085499316005472
0.00085499316005472
0.00085499316005472
0.00085499316005472
0.00085499316005472
0.000855416995029555
0.000855509873098199
0.000855509873098199
0.000855509873098199
0.000855509873098199
0.000855516448501841
0.000855516448501841
0.000855516448501841
0.000855516448501841
0.000855516448501841
0.000855516448501841
0.000855516448501841
0.000855516448501841
0.000855516448501841
0.000855516448501841
0.000855516448501841
0.000855516448501841
0.000855516448501841
0.000855516448501841
0.000855516448501841
0.000855516448501841
0.000855516448501841
0.000855516448501841
0.000855516448501841
0.000855516448501841
0.000855516448501841
0.000855516448501841
0.000855516448501841
0.000855516448501841
0.000855516448501841
0.000855516448501841
0.000855516448501841
0.000855516448501841
0.000855516448501841
0.000855643679926853
0.000855645325184447
0.000855645325184447
0.000855562566354234
0.000855516448501841
0.000855516448501841
0.000855516448501841
0.000855516448501841
0.000855516448501841
0.000855520612981215
0.000855516448501841
0.000855516448501841
0.000855516448501841
0.000855516448501841
0.000855516448501841
0.000855516448501841
0.000855516448501841
0.000855516448501841
0.000855645325184447
0.000855645325184447
0.000855645325184447
0.000855643679926853
0.000855643679926853
0.000855643679926853
0.000855643679926853
0.000855643679926853
0.000855643679926853
0.000855643679926853
0.000855643679926853
0.000855677469340186
0.000855645325184447
0.000855645325184447
0.000855643679926853
0.000855643679926853
0.000855724798904672
0.00085585536715499
0.000855724798904672
0.000855724798904672
0.000855724798904672
0.000855724798904672
0.000855724798904672
0.000855724798904672
0.000855724798904672
0.000855724798904672
0.000855724798904672
0.000855724798904672
0.000855724798904672
0.000855724798904672
0.000855724798904672
0.000855724798904672
0.000855724798904672
0.000855724798904672
0.000855724798904672
0.000855724798904672
0.000855724798904672
0.000855724798904672
0.000855724798904672
0.000855724798904672
0.000855724798904672
0.000855724798904672
0.000855724798904672
0.000855604197883523
0.000855604197883523
0.000855604197883523
0.000855604197883523
0.000855604197883523
0.000855604197883523
0.000855607488398711
0.000855604197883523
0.000855604197883523
0.000855604197883523
0.000855604197883523
0.000855604197883523
0.000855604197883523
0.000855604197883523
0.000855604197883523
0.000855604197883523
0.000855605843141117
0.000855605843141117
0.000855605843141117
0.000855605843141117
0.000855605843141117
0.000855605843141117
0.000855628060527054
0.000855760250908063
0.000855652752350382
0.000855652752350382
0.000855651107092788
0.000855651107092788
0.000855647813760184
0.000855647813760184
0.000855647813760184
0.000855647813760184
0.000855647813760184
0.000855647813760184
0.000855647813760184
0.000855647813760184
0.000855647813760184
0.000855647813760184
0.000855647813760184
0.000855644522681744
0.000855644522681744
0.000855644522681744
0.000855644522681744
0.000855644522681744
0.000855644522681744
0.000855643699137139
0.000855643699137139
0.000855643699137139
0.00085587930773468
0.00085576765618559
0.000855766010364745
0.000855760249216572
0.000855758603395726
0.000855758603395726
0.000855758603395726
0.000855758603395726
0.00085575201560257
0.00085575201560257
0.00085575201560257
0.00085575201560257
0.000855868601512477
0.000855753661423415
0.000855753661423415
0.00085575201560257
0.00085575201560257
0.00085575201560257
0.00085575201560257
0.00085575201560257
0.00085575201560257
0.000855780546590277
0.000855780546590277
0.000855780546590277
0.000855780546590277
0.000855780546590277
0.000855780546590277
0.000855788364104824
0.000855787386831892
0.000855787386831892
0.000855787386831892
0.000855787386831892
0.000855787386831892
0.000855787386831892
0.000855787386831892
0.000855787386831892
0.000855788364104824
0.000855788364104824
0.000855788364104824
0.000855788364104824
0.000855780546590277
0.000855772730413545
0.000855835227382803
0.000855769800100134
0.000855769800100134
0.000855775659222345
0.000855771753140871
0.000855713171583335
0.000855637028724971
0.000855637028724971
0.000855638981097316
0.000855639958035666
0.000855637028724971
0.000855635076352626
0.000855633123980281
0.000855635076352626
0.000855635076352626
0.000855640933469661
0.000855637028724971
0.000855779570655159
0.000855635076352626
0.000855635076352626
0.000855633123980281
0.000855633123980281
0.000855623356769961
0.000855640928121068
0.000855623356769961
0.000855623356769961
0.000855623356769961
0.000855623356769961
0.000855623356769961
0.000855623356769961
0.000855623356769961
0.000855623356769961
0.000855623356769961
0.000855623356769961
0.000855623356769961
0.000855623356769961
0.000855623356769961
0.000855623356769961
0.000855623356769961
0.000855623356769961
0.000855636055297181
0.000855636055297181
0.000855636055297181
0.000855636055297181
0.000855636055297181
0.000855636055297181
0.000855636055297181
0.000855636055297181
0.000855636055297181
0.000855636055297181
0.000855636055297181
0.000855636055297181
0.000855636055297181
0.000855636055297181
0.000855636055297181
0.000855636055297181
0.000855633123980281
0.000855636055297181
0.000855639960041871
0.000855639960041871
0.000855784456016801
0.000855782502976064
0.000855636055297181
0.000855782502976064
0.00085577859354954
0.00085577859354954
0.000855915316605782
0.00085577859354954
0.00085577859354954
0.00085577859354954
0.00085577859354954
0.00085577859354954
0.00085577859354954
0.00085577859354954
0.00085577859354954
0.000855771255309343
0.000855771255309343
0.000856026300265217
0.000855772883958135
0.000855772883958135
0.000855653555096483
0.000855653555096483
0.000855653555096483
0.00085565518318771
0.00085565518318771
0.00085565518318771
0.00085565518318771
0.000855648671936789
0.000855648671936789
0.000855648671936789
0.000855650300585581
0.000855650300585581
0.000855650300585581
0.000855650300585581
0.000855650300585581
0.000855835286474857
0.000855866204641734
0.00085587108612959
0.000855872714220816
0.00085587108612959
0.000855976648148889
0.000855750092902923
0.000855840966364414
0.000855750092902923
0.000855798649764694
0.000855749276836117
0.000855742762798155
0.000855770702635396
0.000855744390332103
0.000855853168617744
0.000855742762798155
0.000855741135264208
0.000855741135264208
0.00085573950773026
0.000855737065941702
0.000855737065941702
0.000855737065941702
0.000855737065941702
0.000855737065941702
0.000855737065941702
0.000855734624849671
0.000855734624849671
0.000855734624849671
0.000855734624849671
0.000855734624849671
0.000855734624849671
0.000855734624849671
0.000855741138330282
0.000855741138330282
0.000855741138330282
0.000855741138330282
0.000856235892167713
0.000855743579422313
0.000855743579422313
0.000855743579422313
0.000855743579422313
0.000855743579422313
0.000855743579422313
0.000855743579422313
0.000855743579422313
0.000855737065941702
0.000855737065941702
0.000855737065941702
0.000855938372172196
0.000855522057306934
0.000855522057306934
0.000855522057306934
0.000855522057306934
0.000855522057306934
0.000855522057306934
0.000855522057306934
0.000855522057306934
0.000855522057306934
0.000855525310704135
0.000855522057306934
0.000855522057306934
0.000855522057306934
0.000855522057306934
0.000855522057306934
0.000855638085929818
0.00085607958177121
0.000855635644976999
0.000855651921432177
0.000855651921432177
0.000855635644976999
0.000856014940208278
0.000856014940208278
0.000856014940208278
0.000856016568299505
0.000856534401422345
0.000856542555833385
0.000856590145056023
0.000856472212832083
0.000856468951067739
0.000856472212832083
0.000856472212832083
0.000856472212832083
0.000856472212832083
0.000856478737478341
0.000856486893565303
0.000856486893565303
0.000856486893565303
0.000856486893565303
0.000856480368919046
0.000856480368919046
0.000856481184709399
0.000855899366204536
0.000855899366204536
0.000855899366204536
0.000855905879685146
0.000855897736439753
0.000855891222959143
0.000855891222959143
0.000855891222959143
0.000855891222959143
0.000855880636671062
0.000855757228839028
0.00085575397488512
0.00085575641597715
0.00085575641597715
0.00085575641597715
0.00085575641597715
0.00085575641597715
0.00085575641597715
0.00085575641597715
0.00085575641597715
0.00085575641597715
0.00085575641597715
0.00085575641597715
0.00085575641597715
0.000855758857765709
0.000855758857765709
0.000855758857765709
0.000855758857765709
0.000855767001568453
0.000855767001568453
0.000855767815962562
0.000855767001568453
0.000855767001568453
0.000855767001568453
0.000855767001568453
0.000855767001568453
0.000855767001568453
0.000855767001568453
0.000855767001568453
0.000855767001568453
0.000855767001568453
0.000855767001568453
0.000855767001568453
0.000855767001568453
0.000856393394761554
0.000856393394761554
0.000856390949486169
0.000856390949486169
0.000856390949486169
0.000856390949486169
0.000856390949486169
0.000856393394761554
0.000856393394761554
0.000856393394761554
0.000856393394761554
0.000856393394761554
0.000856393394761554
0.000856393394761554
0.000856393394761554
0.000856393394761554
0.000856393394761554
0.000856393394761554
0.000856393394761554
0.00085577269689228
0.00085577269689228
0.000855764556434715
0.000855764556434715
0.000855762115342684
0.000855762115342684
0.000855762115342684
0.000855762115342684
0.000855762115342684
0.000855762115342684
0.000855762115342684
0.000855762115342684
0.000855768626593605
0.000855768626593605
0.000855768626593605
0.000855762115342684
0.000855762115342684
0.000855762115342684
0.000855629375189978
0.000855629375189978
0.000855629375189978
0.000855629375189978
0.000855629375189978
0.000855629375189978
0.000855629375189978
0.000855629375189978
0.000855640521622977
0.000855640521622977
0.000855640521622977
0.000855638930560322
0.000855639727250212
0.000855639727250212
0.000855639727250212
0.000855633357548224
0.000855633357548224
0.000855633357548224
0.000855639727250212
0.000855639727250212
0.000855639727250212
0.000855639727250212
0.000855639727250212
0.000855639727250212
0.000855639727250212
0.000855646096952199
0.000855646096952199
0.000855646096952199
0.000855646096952199
0.000855646096952199
0.000855646047222698
0.00085563967752071
0.000855636491034502
0.000855636491034502
0.000855634899426612
0.000855633307818722
0.000855626938116735
0.000855626938116735
0.000855626938116735
0.000855626938116735
0.000855626938116735
0.000855626938116735
0.000855626938116735
0.000855626938116735
0.000855626938116735
0.000855626938116735
0.000855626938116735
0.000855626938116735
0.000855626938116735
0.000855626938116735
0.000855626938116735
0.000855626938116735
0.000855626938116735
0.000855626141426845
0.000855626141426845
0.000855626938116735
0.000855626938116735
0.000855626938116735
0.000855626938116735
0.000855626938116735
0.000855626938116735
0.000855626938116735
0.000855626938116735
0.000855626938116735
0.000855702578826833
0.000855636491579387
0.000855636491579387
0.000855626938116735
0.000855626938116735
0.000855626938116735
0.000855626938116735
0.000855626938116735
0.000855626938116735
0.000855626938116735
0.000855626938116735
0.000855626938116735
0.000855626938116735
0.000855626938116735
0.00085562773426125
0.000855626938116735
0.000855626938116735
0.000855626938116735
0.000855626938116735
0.000855626938116735
0.000855626938116735
0.000855626938116735
0.000855626938116735
0.000855626938116735
0.000855626938116735
0.000855626938116735
0.000855626938116735
0.000855626938116735
0.000855626938116735
0.000855626938116735
0.000855626938116735
0.000855626938116735
0.000855639727250212
0.000855639727250212
0.000855639727250212
0.000855639727250212
0.000855639727250212
0.000855639727250212
0.000855639727250212
0.000855639727250212
0.000855639727250212
0.000855639727250212
0.000855639727250212
0.000855639727250212
0.000855639727250212
0.000855639727250212
0.000855639727250212
0.000855639727250212
0.000855639727250212
0.000855639727250212
0.000855639727250212
0.000855639727250212
0.000855639727250212
0.000855639727250212
0.000855639727250212
0.000855639727250212
0.000855633357548224
0.000855633357548224
0.000855633357548224
0.000855633357548224
0.000855633357548224
0.000855633357548224
0.000855639727250212
0.000855639727250212
0.000855639727250212
0.000855633357548224
0.000855633357548224
0.000855633357548224
0.000855633357548224
0.000855633357548224
0.000855633357548224
0.000855633357548224
0.000855633357548224
0.000855633357548224
0.000855633357548224
0.000855633357548224
0.000855626987846236
0.000855626987846236
0.000855626987846236
0.000855626987846236
0.000855626987846236
0.000855626987846236
0.000855626987846236
0.000855626987846236
0.000855626987846236
0.000855626987846236
0.000855626987846236
0.000855626987846236
0.000855626987846236
0.000855626987846236
0.000855626987846236
0.000855626987846236
0.000855626987846236
0.000855626987846236
0.000855626987846236
0.000855626987846236
0.000855626987846236
0.000855626987846236
0.000855626987846236
0.000855626987846236
0.000855626987846236
0.000855626987846236
0.000855626987846236
0.000855626987846236
0.000855626987846236
0.000855626987846236
0.000855626987846236
0.000855626987846236
0.000855626987846236
0.000855626987846236
0.000855626987846236
0.000855626987846236
0.000855626987846236
0.000855626987846236
0.000855626987846236
0.000855626987846236
0.000855626987846236
0.000855626987846236
0.000855626987846236
0.000855626987846236
0.000855626987846236
0.000855626987846236
0.000855626987846236
0.000855626987846236
0.000855626987846236
0.000855626987846236
0.000855626987846236
0.000855626987846236
0.000855640401494952
0.000855640401494952
0.000855640401494952
0.000855640401494952
0.000855640401494952
0.000855640401494952
0.000855640401494952
0.000855640401494952
0.000855640401494952
0.000855640401494952
0.000855640401494952
0.000855640401494952
0.000855640401494952
0.000855632352422752
0.000855632352422752
0.000855632352422752
0.000856132020257734
0.000856138459956447
0.000856138459956447
0.000855632352422752
0.000855632352422752
0.000855632352422752
0.000855642010317638
0.000855627521822126
0.000855627521822126
0.000855632350769286
0.000855630740569172
0.000855629131471085
0.000855638792121465
0.000856069924297264
0.000856089243393402
0.000856089243393402
0.000855959046712024
0.000855959046712024
0.000855959046712024
0.000855959046712024
0.000855959046712024
0.000855959046712024
0.000855960656360983
0.000855959046712024
0.000855959046712024
0.000855959046712024
0.000855957437613937
0.000855957437613937
0.000855957437613937
0.000855957437613937
0.000855957437613937
0.000855957437613937
0.000855957437613937
0.000855957437613937
0.000855957437613937
0.000856082803143251
0.000856086024646356
0.00085595909814176
0.000856084413894803
0.000855957487941574
0.000855952608666777
0.000855952608666777
0.000855952658994414
0.000855952608666777
0.000855952608666777
0.000855952608666777
0.000855952608666777
0.000855952608666777
0.000855952608666777
0.000855952608666777
0.000855952608666777
0.000855952608666777
0.000856077974196091
0.000856079584947643
0.000855952608666777
0.000855952608666777
0.000855952608666777
0.000855952608666777
0.000855952608666777
0.000855952608666777
0.000855952608666777
0.000855952608666777
0.000855952608666777
0.000855952608666777
0.000855952608666777
0.000855952608666777
0.000855952608666777
0.000855952608666777
0.000856201770826148
0.000856204992880976
0.000856204992880976
0.000856204992880976
0.000856204992880976
0.000856204992880976
0.000856204992880976
0.000856204992880976
0.000856204992880976
0.000856204992880976
0.000856204992880976
0.000856204992880976
0.000856312656309436
0.000856312656309436
0.000856312656309436
0.000856312656309436
0.000856312656309436
0.000856312656309436
0.000856312656309436
0.000856312656309436
0.000856312656309436
0.000856312656309436
0.000856312656309436
0.000856312656309436
0.000856312656309436
0.000856312656309436
0.000856312656309436
0.000856312656309436
0.000856312656309436
0.000856312656309436
0.000856312656309436
0.000856312656309436
0.000856312656309436
0.000856312656309436
0.000856313453408725
0.000856312656309436
0.000856312656309436
0.000856315048016946
0.000856315048016946
0.000856312656309436
0.000856311061974323
0.000856311061974323
0.000856311061974323
0.000856311061974323
0.000856312656309436
0.000856311061974323
0.000856311061974323
0.000856311061974323
0.000856330725243506
0.000856441481650925
0.000856441481650925
0.000856441481650925
0.000859294196686698
0.000856441481650925
0.000856315844979663
0.000856311061974323
0.000856312656309436
0.000856312656309436
0.000856311061974323
0.000856311061974323
0.000856311061974323
0.000856311061974323
0.000856311061974323
0.000856311061974323
0.000856311061974323
0.000856311061974323
0.000856311061974323
0.000856311061974323
0.000856311061974323
0.000856311061974323
0.000856311061974323
0.000856311061974323
0.000856311061974323
0.000856311061974323
0.000856311061974323
0.000856311061974323
0.000856311061974323
0.000856311061974323
0.000856311061974323
0.000856311061974323
0.000856311061974323
0.000856311061974323
0.000856311061974323
0.000856311061974323
0.000856311061974323
0.000856311061974323
0.000856311061974323
0.000856311061974323
0.000856311061974323
0.000856311061974323
0.000856311061974323
0.000856311061974323
0.000856311061974323
0.000856311061974323
0.000856311061974323
0.000856311061974323
0.000856311061974323
0.00085631664235206
0.000856312656309436
0.000856311061974323
0.000856311061974323
0.000856311061974323
0.000856311061974323
0.000856311061974323
0.000856311061974323
0.000856311061974323
0.000856311061974323
0.000856311061974323
0.000856312692846099
0.000856312692846099
0.000856312692846099
0.000856312692846099
0.000856312692846099
0.000856312692846099
0.000856312692846099
0.000856312692846099
0.000856312692846099
0.000856312692846099
0.000856312692846099
0.000856312692846099
0.000856315137702665
0.000856315137702665
0.000856315137702665
0.000856312692846099
0.000856312692846099
0.000856312692846099
0.000856312692846099
0.000856312692846099
0.000856312692846099
0.000856312692846099
0.000856312692846099
0.000856312692846099
0.000856312692846099
0.000856312692846099
0.000856312692846099
0.000856312692846099
0.000856311063081316
0.000856311063081316
0.000856311063081316
0.000856311063081316
0.000856311063081316
0.000856311063081316
0.000856311063081316
0.000856311063081316
0.000856311063081316
0.000856311063081316
0.000856311063081316
0.000856332257983424
0.00085631839723223
0.00085631839723223
0.000856314322610882
0.000856314322610882
0.000856311063081316
0.000856311063081316
0.000856311063081316
0.000856311063081316
0.000856311012159617
0.000856311012159617
0.000856311012159617
0.000856311012159617
0.000856311012159617
0.000856311012159617
0.000856225800908503
0.000856213581928421
0.000856211952721777
0.000856211952721777
0.000856211952721777
0.000856211952721777
0.000856211952721777
0.000856211952721777
0.000856211952721777
0.000856211952721777
0.000856211952721777
0.000856211952721777
0.000856211952721777
0.000856211952721777
0.000856210323515133
0.000856210323515133
0.000856210323515133
0.000856210323515133
0.000856210323515133
0.000856210323515133
0.000856210323515133
0.000856210323515133
0.000856210323515133
0.000856210323515133
0.000856210323515133
0.000856210323515133
0.000856210323515133
0.000856210323515133
0.000856210323515133
0.000856210323515133
0.000856210323515133
0.000856210323515133
0.000856210323515133
0.000856210323515133
0.000856210323515133
0.000856210323515133
0.000856327360729144
0.000856327360729144
0.000856327360729144
0.000856327360729144
0.000856327360729144
0.000856327360729144
0.000856332250023492
0.000856332250023492
0.000856330620258709
0.000856330620258709
0.000856332250023492
0.000856332250023492
0.000856332250023492
0.000856332250023492
0.000856332250023492
0.000856332250023492
0.000856332250023492
0.000856332250023492
0.000856332250023492
0.000856332250023492
0.000856332250023492
0.000856332199101792
0.000856332199101792
0.000856318346031354
0.000856316716266571
0.000856313456737005
0.000856410970725122
0.000856313456737005
0.000856313456737005
0.000856313456737005
0.000856313456737005
0.000856313456737005
0.000856313456737005
0.000856313456737005
0.000856313456737005
0.000856313456737005
0.000856313456737005
0.000856313456737005
0.000856313456737005
0.000856313456737005
0.000856313456737005
0.000856311012159617
0.000856311012159617
0.000856311012159617
0.000856311012159617
0.000856311012159617
0.000856311012159617
0.000856311012159617
0.000856311012159617
0.000856311012159617
0.000856311012159617
0.000856311012159617
0.000856311012159617
0.000856311012159617
0.000856311012159617
0.000856311012159617
0.000856311012159617
0.000856311012159617
0.000856311012159617
0.000856312098607439
0.000856311012159617
0.000856311012159617
0.000856311012159617
0.000856311012159617
0.000856311012159617
0.000856311012159617
0.000856311012159617
0.000856311012159617
0.000856311012159617
0.000856311012159617
0.000856311012159617
0.000856311012159617
0.000856311012159617
0.000856311012159617
0.000856311012159617
0.000856311012159617
0.000856311012159617
0.000856311012159617
0.000856311012159617
0.000856312641924399
0.000856311012159617
0.000856311012159617
0.000856311012159617
0.000856311012159617
0.000856311012159617
0.000856311012159617
0.000856311012159617
0.000856311012159617
0.000856311012159617
0.000856311012159617
0.000856311012159617
0.000856311012159617
0.000856311012159617
0.000856311012159617
0.000856311012159617
0.000856311012159617
0.000856311012159617
0.000856311012159617
0.000856311012159617
0.000856311012159617
0.000856311012159617
0.000856311012159617
0.000856315048016946
0.000856315048016946
0.000856315048016946
0.000856315048016946
0.000856315048016946
0.000856315048016946
0.000856315048016946
0.000856315048016946
0.000856315048016946
0.000856315048016946
0.000856315048016946
0.000856315048016946
0.000856315048016946
0.000856315048016946
0.000856315048016946
0.000856315048016946
0.000856315048016946
0.000856315048016946
0.000856315048016946
0.000856315048016946
0.000856315048016946
0.000856315048016946
0.000856200559731135
0.000856198965942027
0.000856195777817805
0.000856195777817805
0.000856195777817805
0.000856195777817805
0.000856195777817805
0.000856195777817805
0.000856193386929408
0.000856193386929408
0.000856193386929408
0.000856190199351191
0.000856190199351191
0.000856190199351191
0.000856190199351191
0.000856190199351191
0.000856190199351191
0.000856190199351191
0.000856190199351191
0.000856190199351191
0.000856190199351191
0.000856190199351191
0.000856190199351191
0.000856190199351191
0.000856190199351191
0.000856190199351191
0.000856190199351191
0.000856190199351191
0.000856190199351191
0.000856190199351191
0.000856190199351191
0.000856190199351191
0.000856190199351191
0.000856190199351191
0.000856190199351191
0.000856190199351191
0.000856190199351191
0.000856190199351191
0.000856190199351191
0.000856190199351191
0.000856190199351191
0.000856190199351191
0.000856190199351191
0.000856190199351191
0.000856190199351191
0.000856190199351191
0.000856190199351191
0.000856190199351191
0.000856190199351191
0.000856190199351191
0.000856190199351191
0.000856190199351191
0.000856190199351191
0.000856190199351191
0.000856190199351191
0.000856190199351191
0.000856190199351191
0.000856190199351191
0.000856190199351191
0.000856190199351191
0.000856190199351191
0.000856190199351191
0.000856190199351191
0.000856190199351191
0.000856190199351191
0.000856190199351191
0.000856190199351191
0.000856190199351191
0.000856190199351191
0.000856190199351191
0.000856190199351191
0.000856190199351191
0.000856190199351191
0.000856190199351191
