0.00136775517182424
0.00136775517182424
0.00136775517182424
0.00136775517182424
0.00136775517182424
0.00136775517182424
0.00136775517182424
0.00136775517182424
0.00136775517182424
0.00136775517182424
0.00136775517182424
0.00136775517182424
0.00136775517182424
0.00136775517182424
0.00136775517182424
0.00136775517182424
0.00136775517182424
0.00136775517182424
0.00136775517182424
0.00136775517182424
0.00136775517182424
0.00136775517182424
0.00136775517182424
0.00136775517182424
0.00136775517182424
0.00136775517182424
0.00136775517182424
0.00136775517182424
0.00136775517182424
0.00136775517182424
0.00136775517182424
0.00136775517182424
0.00136775525393293
0.00136775525393293
0.00136775517182424
0.00136775517182424
0.00136775517182424
0.00136775517182424
0.00136775517182424
0.001367757881846
0.001367757881846
0.00136775517182424
0.00136775517182424
0.00136775517182424
0.00136775517182424
0.00136775517182424
0.00136775517182424
0.00136775517182424
0.00136775517182424
0.00136775517182424
0.00136776313767214
0.001367757881846
0.00136775525393293
0.00136775525393293
0.001367757881846
0.00136775517182424
0.00136775517182424
0.00136775517182424
0.00136775517182424
0.00136775517182424
0.00136775517182424
0.00136775517182424
0.00136775517182424
0.00136775517182424
0.00136775517182424
0.00136775517182424
0.00136775517182424
0.00136775517182424
0.00136775517182424
0.00136775517182424
0.00136775517182424
0.00136775517182424
0.00136775517182424
0.00136775517182424
0.00136775517182424
0.00136775517182424
0.00136775517182424
0.00136775517182424
0.00136814591952121
0.00136775517182424
0.00136775517182424
0.00136775517182424
0.00136775517182424
0.00136775517182424
0.00136775517182424
0.00136775517182424
0.00136775517182424
0.00136775517182424
0.00136775517182424
0.00136775517182424
0.00136775517182424
0.00136775517182424
0.00136775517182424
0.00136775517182424
0.00136775517182424
0.00136775517182424
0.00136775517182424
0.00136775517182424
0.00136775517182424
0.00136775517182424
0.00136775517182424
0.00136775517182424
0.00136775517182424
0.00136775517182424
0.00136775517182424
0.00136775517182424
0.00136775517182424
0.00136775517182424
0.00136775517182424
0.00136775517182424
0.00136775517182424
0.00136775517182424
0.00136775517182424
0.00136775517182424
0.00136775517182424
0.00136775517182424
0.00136775517182424
0.00137018361080149
0.001367757881846
0.001367757881846
0.00136775525393293
0.00136775517182424
0.00136775517182424
0.00136775517182424
0.00136965189714203
0.00136775517182424
0.00136775517182424
0.00136775517182424
0.00136775517182424
0.00136775517182424
0.00136775517182424
0.00136796365260335
0.00136796628051642
0.00136796628051642
0.00136796628051642
0.00136796628051642
0.00136796890842949
0.00136796890842949
0.00136796628051642
0.00136796628051642
0.00136796628051642
0.00136796628051642
0.00136796628051642
0.00136796628051642
0.00136796628051642
0.00136796628051642
0.00136796628051642
0.00136796628051642
0.00136796628051642
0.00136796628051642
0.00136796628051642
0.00136796628051642
0.00136796628051642
0.00136796628051642
0.00136796628051642
0.00136796628051642
0.00136796628051642
0.00136796628051642
0.00136796628051642
0.00136796628051642
0.00136796628051642
0.00136796628051642
0.00136796628051642
0.00136796628051642
0.00136796628051642
0.00136796628051642
0.00136796628051642
0.00136796628051642
0.00136796628051642
0.00136796628051642
0.00136796628051642
0.00136796628051642
0.00136796102469028
0.00136796102469028
0.00136796102469028
0.00136796102469028
0.00136796102469028
0.00136796102469028
0.00136796102469028
0.00136796102469028
0.00136796102469028
0.00136796102469028
0.00136796102469028
0.00136796102469028
0.00136796102469028
0.00136796102469028
0.00136796102469028
0.00136796102469028
0.00136796102469028
0.00136796102469028
0.00136796102469028
0.00136796102469028
0.00136798913822432
0.00136798905608755
0.00136798905608755
0.00136798905608755
0.00136798905608755
0.00136798905608755
0.00136798905608755
0.00136798905608755
0.00136798905608755
0.00136798913822432
0.00136798905608755
0.00136798905608755
0.00136798905608755
0.00136798905608755
0.00136798905608755
0.00136798905608755
0.00136798905608755
0.00136798905608755
0.00136798905608755
0.00136798905608755
0.00136798905608755
0.00136798905608755
0.00136798905608755
0.00136798905608755
0.00136798905608755
0.00136798905608755
0.00136798905608755
0.00136798905608755
0.00136866719204729
0.00136881579695712
0.00136881579695712
0.00136881579695712
0.00136881579695712
0.00136882631760295
0.00136882631760295
0.00136882631760295
0.00136882631760295
0.00136882631760295
0.00136882631760295
0.00136882631760295
0.00136882631760294
0.00136882631760294
0.00136882631760294
0.00136882631760295
0.00136882631760295
0.00136882631760295
0.00136882631760295
0.00136882631760295
0.00136882631760295
0.00136882631760295
0.00136882631760295
0.00136882631760295
0.00136882631760295
0.00136882631760295
0.00136882631760295
0.00136882631760295
0.00136882631760295
0.00136882631760295
0.00136882631760295
0.00136882631760295
0.00136882631760295
0.00136882631760295
0.00136902988788296
0.00136903252029511
0.00136903252029511
0.00136890010616677
0.00136882631760295
0.00136882631760295
0.00136882631760295
0.00136882631760295
0.00136882631760295
0.00136883298076994
0.00136882631760294
0.00136882631760294
0.00136882631760295
0.00136882631760295
0.00136882631760295
0.00136882631760295
0.00136882631760295
0.00136882631760294
0.00136903252029511
0.00136903252029511
0.00136903252029511
0.00136902988788296
0.00136902988788296
0.00136902988788296
0.00136902988788296
0.00136902988788296
0.00136902988788296
0.00136902988788296
0.00136902988788296
0.0013690839509443
0.00136903252029511
0.00136903252029511
0.00136902988788296
0.00136902988788296
0.00136915967824748
0.00136936858744798
0.00136915967824748
0.00136915967824748
0.00136915967824748
0.00136915967824748
0.00136915967824748
0.00136915967824748
0.00136915967824748
0.00136915967824748
0.00136915967824748
0.00136915967824748
0.00136915967824748
0.00136915967824748
0.00136915967824748
0.00136915967824748
0.00136915967824748
0.00136915967824748
0.00136915967824748
0.00136915967824748
0.00136915967824748
0.00136915967824748
0.00136915967824748
0.00136915967824748
0.00136915967824748
0.00136915967824748
0.00136915967824748
0.00136896671661364
0.00136896671661364
0.00136896671661364
0.00136896671661364
0.00136896671661364
0.00136896671661364
0.00136897198143794
0.00136896671661364
0.00136896671661364
0.00136896671661364
0.00136896671661364
0.00136896671661364
0.00136896671661364
0.00136896671661364
0.00136896671661364
0.00136896671661364
0.00136896934902579
0.00136896934902579
0.00136896934902579
0.00136896934902579
0.00136896934902579
0.00136896934902579
0.00136900489684329
0.0013692164014529
0.00136904440376061
0.00136904440376061
0.00136904177134846
0.00136904177134846
0.00136903650201629
0.00136903650201629
0.00136903650201629
0.00136903650201629
0.00136903650201629
0.00136903650201629
0.00136903650201629
0.00136903650201629
0.00136903650201629
0.00136903650201629
0.00136903650201629
0.00136903123629079
0.00136903123629079
0.00136903123629079
0.00136903123629079
0.00136903123629079
0.00136903123629079
0.00136902991861942
0.00136902991861942
0.00136902991861942
0.00136940689237549
0.00136922824989694
0.00136922561658359
0.00136921639874652
0.00136921376543316
0.00136921376543316
0.00136921376543316
0.00136921376543316
0.00136920322496411
0.00136920322496411
0.00136920322496411
0.00136920322496411
0.00136938976241996
0.00136920585827746
0.00136920585827746
0.00136920322496411
0.00136920322496411
0.00136920322496411
0.00136920322496411
0.00136920322496411
0.00136920322496411
0.00136924887454444
0.00136924887454444
0.00136924887454444
0.00136924887454444
0.00136924887454444
0.00136924887454444
0.00136926138256772
0.00136925981893103
0.00136925981893103
0.00136925981893103
0.00136925981893103
0.00136925981893103
0.00136925981893103
0.00136925981893103
0.00136925981893103
0.00136926138256772
0.00136926138256772
0.00136926138256772
0.00136926138256772
0.00136924887454444
0.00136923636866167
0.00136933636381249
0.00136923168016021
0.00136923168016021
0.00136924105475575
0.00136923480502539
0.00136914107453334
0.00136901924595995
0.00136901924595995
0.00136902236975571
0.00136902393285707
0.00136901924595995
0.0013690161221642
0.00136901299836845
0.0013690161221642
0.0013690161221642
0.00136902549355146
0.00136901924595995
0.00136924731304826
0.0013690161221642
0.0013690161221642
0.00136901299836845
0.00136901299836845
0.00136899737083194
0.00136902548499371
0.00136899737083194
0.00136899737083194
0.00136899737083194
0.00136899737083194
0.00136899737083194
0.00136899737083194
0.00136899737083194
0.00136899737083194
0.00136899737083194
0.00136899737083194
0.00136899737083194
0.00136899737083194
0.00136899737083194
0.00136899737083194
0.00136899737083194
0.00136899737083194
0.00136901768847549
0.00136901768847549
0.00136901768847549
0.00136901768847549
0.00136901768847549
0.00136901768847549
0.00136901768847549
0.00136901768847549
0.00136901768847549
0.00136901768847549
0.00136901768847549
0.00136901768847549
0.00136901768847549
0.00136901768847549
0.00136901768847549
0.00136901768847549
0.00136901299836845
0.00136901768847549
0.00136902393606699
0.00136902393606699
0.00136925512962688
0.0013692520047617
0.00136901768847549
0.0013692520047617
0.00136924574967926
0.00136924574967926
0.00136946450656925
0.00136924574967926
0.00136924574967926
0.00136924574967926
0.00136924574967926
0.00136924574967926
0.00136924574967926
0.00136924574967926
0.00136924574967926
0.00136923400849495
0.00136923400849495
0.00136964208042435
0.00136923661433302
0.00136923661433302
0.00136904568815437
0.00136904568815437
0.00136904568815437
0.00136904829310034
0.00136904829310034
0.00136904829310034
0.00136904829310034
0.00136903787509886
0.00136903787509886
0.00136903787509886
0.00136904048093693
0.00136904048093693
0.00136904048093693
0.00136904048093693
0.00136904048093693
0.00136933645835977
0.00136938592742677
0.00136939373780734
0.00136939634275331
0.00136939373780734
0.00136956263703822
0.00136920014864468
0.00136934554618306
0.00136920014864468
0.00136927783962351
0.00136919884293779
0.00136918842047705
0.00136923312421663
0.00136919102453136
0.00136936506978839
0.00136918842047705
0.00136918581642273
0.00136918581642273
0.00136918321236842
0.00136917930550672
0.00136917930550672
0.00136917930550672
0.00136917930550672
0.00136917930550672
0.00136917930550672
0.00136917539975947
0.00136917539975947
0.00136917539975947
0.00136917539975947
0.00136917539975947
0.00136917539975947
0.00136917539975947
0.00136918582132845
0.00136918582132845
0.00136918582132845
0.00136918582132845
0.00136997742746834
0.0013691897270757
0.0013691897270757
0.0013691897270757
0.0013691897270757
0.0013691897270757
0.0013691897270757
0.0013691897270757
0.0013691897270757
0.00136917930550672
0.00136917930550672
0.00136917930550672
0.00136950139547551
0.00136883529169109
0.00136883529169109
0.00136883529169109
0.00136883529169109
0.00136883529169109
0.00136883529169109
0.00136883529169109
0.00136883529169109
0.00136883529169109
0.00136884049712662
0.00136883529169109
0.00136883529169109
0.00136883529169109
0.00136883529169109
0.00136883529169109
0.00136902093748771
0.00136972733083394
0.0013690170319632
0.00136904307429148
0.00136904307429148
0.0013690170319632
0.00136962390433325
0.00136962390433325
0.00136962390433325
0.00136962650927921
0.00137045504227575
0.00137046808933342
0.00137054423208964
0.00137035554053133
0.00137035032170838
0.00137035554053133
0.00137035554053133
0.00137035554053133
0.00137035554053133
0.00137036597996535
0.00137037902970449
0.00137037902970449
0.00137037902970449
0.00137037902970449
0.00137036859027047
0.00137036859027047
0.00137036989553504
0.00136943898592726
0.00136943898592726
0.00136943898592726
0.00136944940749623
0.00136943637830361
0.00136942595673463
0.00136942595673463
0.00136942595673463
0.00136942595673463
0.0013694090186737
0.00136921156614245
0.00136920635981619
0.00136921026556344
0.00136921026556344
0.00136921026556344
0.00136921026556344
0.00136921026556344
0.00136921026556344
0.00136921026556344
0.00136921026556344
0.00136921026556344
0.00136921026556344
0.00136921026556344
0.00136921026556344
0.00136921417242513
0.00136921417242513
0.00136921417242513
0.00136921417242513
0.00136922720250952
0.00136922720250952
0.0013692285055401
0.00136922720250952
0.00136922720250952
0.00136922720250952
0.00136922720250952
0.00136922720250952
0.00136922720250952
0.00136922720250952
0.00136922720250952
0.00136922720250952
0.00136922720250952
0.00136922720250952
0.00136922720250952
0.00136922720250952
0.00137022943161849
0.00137022943161849
0.00137022551917787
0.00137022551917787
0.00137022551917787
0.00137022551917787
0.00137022551917787
0.00137022943161849
0.00137022943161849
0.00137022943161849
0.00137022943161849
0.00137022943161849
0.00137022943161849
0.00137022943161849
0.00137022943161849
0.00137022943161849
0.00137022943161849
0.00137022943161849
0.00137022943161849
0.00136923631502765
0.00136923631502765
0.00136922329029554
0.00136922329029554
0.0013692193845483
0.0013692193845483
0.0013692193845483
0.0013692193845483
0.0013692193845483
0.0013692193845483
0.0013692193845483
0.0013692193845483
0.00136922980254977
0.00136922980254977
0.00136922980254977
0.0013692193845483
0.0013692193845483
0.0013692193845483
0.00136900700030397
0.00136900700030397
0.00136900700030397
0.00136900700030397
0.00136900700030397
0.00136900700030397
0.00136900700030397
0.00136900700030397
0.00136902483459676
0.00136902483459676
0.00136902483459676
0.00136902228889651
0.00136902356360034
0.00136902356360034
0.00136902356360034
0.00136901337207716
0.00136901337207716
0.00136901337207716
0.00136902356360034
0.00136902356360034
0.00136902356360034
0.00136902356360034
0.00136902356360034
0.00136902356360034
0.00136902356360034
0.00136903375512352
0.00136903375512352
0.00136903375512352
0.00136903375512352
0.00136903375512352
0.00136903367555632
0.00136902348403314
0.0013690183856552
0.0013690183856552
0.00136901583908258
0.00136901329250996
0.00136900310098678
0.00136900310098678
0.00136900310098678
0.00136900310098678
0.00136900310098678
0.00136900310098678
0.00136900310098678
0.00136900310098678
0.00136900310098678
0.00136900310098678
0.00136900310098678
0.00136900310098678
0.00136900310098678
0.00136900310098678
0.00136900310098678
0.00136900310098678
0.00136900310098678
0.00136900182628295
0.00136900182628295
0.00136900310098678
0.00136900310098678
0.00136900310098678
0.00136900310098678
0.00136900310098678
0.00136900310098678
0.00136900310098678
0.00136900310098678
0.00136900310098678
0.00136912412612293
0.00136901838652702
0.00136901838652702
0.00136900310098678
0.00136900310098678
0.00136900310098678
0.00136900310098678
0.00136900310098678
0.00136900310098678
0.00136900310098678
0.00136900310098678
0.00136900310098678
0.00136900310098678
0.00136900310098678
0.001369004374818
0.00136900310098678
0.00136900310098678
0.00136900310098678
0.00136900310098678
0.00136900310098678
0.00136900310098678
0.00136900310098678
0.00136900310098678
0.00136900310098678
0.00136900310098678
0.00136900310098678
0.00136900310098678
0.00136900310098678
0.00136900310098678
0.00136900310098678
0.00136900310098678
0.00136900310098678
0.00136902356360034
0.00136902356360034
0.00136902356360034
0.00136902356360034
0.00136902356360034
0.00136902356360034
0.00136902356360034
0.00136902356360034
0.00136902356360034
0.00136902356360034
0.00136902356360034
0.00136902356360034
0.00136902356360034
0.00136902356360034
0.00136902356360034
0.00136902356360034
0.00136902356360034
0.00136902356360034
0.00136902356360034
0.00136902356360034
0.00136902356360034
0.00136902356360034
0.00136902356360034
0.00136902356360034
0.00136901337207716
0.00136901337207716
0.00136901337207716
0.00136901337207716
0.00136901337207716
0.00136901337207716
0.00136902356360034
0.00136902356360034
0.00136902356360034
0.00136901337207716
0.00136901337207716
0.00136901337207716
0.00136901337207716
0.00136901337207716
0.00136901337207716
0.00136901337207716
0.00136901337207716
0.00136901337207716
0.00136901337207716
0.00136901337207716
0.00136900318055398
0.00136900318055398
0.00136900318055398
0.00136900318055398
0.00136900318055398
0.00136900318055398
0.00136900318055398
0.00136900318055398
0.00136900318055398
0.00136900318055398
0.00136900318055398
0.00136900318055398
0.00136900318055398
0.00136900318055398
0.00136900318055398
0.00136900318055398
0.00136900318055398
0.00136900318055398
0.00136900318055398
0.00136900318055398
0.00136900318055398
0.00136900318055398
0.00136900318055398
0.00136900318055398
0.00136900318055398
0.00136900318055398
0.00136900318055398
0.00136900318055398
0.00136900318055398
0.00136900318055398
0.00136900318055398
0.00136900318055398
0.00136900318055398
0.00136900318055398
0.00136900318055398
0.00136900318055398
0.00136900318055398
0.00136900318055398
0.00136900318055398
0.00136900318055398
0.00136900318055398
0.00136900318055398
0.00136900318055398
0.00136900318055398
0.00136900318055398
0.00136900318055398
0.00136900318055398
0.00136900318055398
0.00136900318055398
0.00136900318055398
0.00136900318055398
0.00136900318055398
0.00136902464239192
0.00136902464239192
0.00136902464239192
0.00136902464239192
0.00136902464239192
0.00136902464239192
0.00136902464239192
0.00136902464239192
0.00136902464239192
0.00136902464239192
0.00136902464239192
0.00136902464239192
0.00136902464239192
0.0013690117638764
0.0013690117638764
0.0013690117638764
0.00136981123241237
0.00136982153593031
0.00136982153593031
0.0013690117638764
0.0013690117638764
0.0013690117638764
0.00136902721650822
0.0013690040349154
0.0013690040349154
0.00136901176123086
0.00136900918491067
0.00136900661035374
0.00136902206739434
0.00136971187887562
0.00136974278942944
0.00136974278942944
0.00136953447473924
0.00136953447473924
0.00136953447473924
0.00136953447473924
0.00136953447473924
0.00136953447473924
0.00136953705017757
0.00136953447473924
0.00136953447473924
0.00136953447473924
0.0013695319001823
0.0013695319001823
0.0013695319001823
0.0013695319001823
0.0013695319001823
0.0013695319001823
0.0013695319001823
0.0013695319001823
0.0013695319001823
0.0013697324850292
0.00136973763943417
0.00136953455702682
0.00136973506223168
0.00136953198070652
0.00136952417386684
0.00136952417386684
0.00136952425439106
0.00136952417386684
0.00136952417386684
0.00136952417386684
0.00136952417386684
0.00136952417386684
0.00136952417386684
0.00136952417386684
0.00136952417386684
0.00136952417386684
0.00136972475871374
0.00136972733591623
0.00136952417386684
0.00136952417386684
0.00136952417386684
0.00136952417386684
0.00136952417386684
0.00136952417386684
0.00136952417386684
0.00136952417386684
0.00136952417386684
0.00136952417386684
0.00136952417386684
0.00136952417386684
0.00136952417386684
0.00136952417386684
0.00136992283332184
0.00136992798860956
0.00136992798860956
0.00136992798860956
0.00136992798860956
0.00136992798860956
0.00136992798860956
0.00136992798860956
0.00136992798860956
0.00136992798860956
0.00136992798860956
0.00136992798860956
0.0013701002500951
0.0013701002500951
0.0013701002500951
0.0013701002500951
0.0013701002500951
0.0013701002500951
0.0013701002500951
0.0013701002500951
0.0013701002500951
0.0013701002500951
0.0013701002500951
0.0013701002500951
0.0013701002500951
0.0013701002500951
0.0013701002500951
0.0013701002500951
0.0013701002500951
0.0013701002500951
0.0013701002500951
0.0013701002500951
0.0013701002500951
0.0013701002500951
0.00137010152545396
0.0013701002500951
0.0013701002500951
0.00137010407682711
0.00137010407682711
0.0013701002500951
0.00137009769915892
0.00137009769915892
0.00137009769915892
0.00137009769915892
0.0013701002500951
0.00137009769915892
0.00137009769915892
0.00137009769915892
0.00137012916038961
0.00137030637064148
0.00137030637064148
0.00137030637064148
0.00137487071469872
0.00137030637064148
0.00137010535196746
0.00137009769915892
0.0013701002500951
0.0013701002500951
0.00137009769915892
0.00137009769915892
0.00137009769915892
0.00137009769915892
0.00137009769915892
0.00137009769915892
0.00137009769915892
0.00137009769915892
0.00137009769915892
0.00137009769915892
0.00137009769915892
0.00137009769915892
0.00137009769915892
0.00137009769915892
0.00137009769915892
0.00137009769915892
0.00137009769915892
0.00137009769915892
0.00137009769915892
0.00137009769915892
0.00137009769915892
0.00137009769915892
0.00137009769915892
0.00137009769915892
0.00137009769915892
0.00137009769915892
0.00137009769915892
0.00137009769915892
0.00137009769915892
0.00137009769915892
0.00137009769915892
0.00137009769915892
0.00137009769915892
0.00137009769915892
0.00137009769915892
0.00137009769915892
0.00137009769915892
0.00137009769915892
0.00137009769915892
0.0013701066277633
0.0013701002500951
0.00137009769915892
0.00137009769915892
0.00137009769915892
0.00137009769915892
0.00137009769915892
0.00137009769915892
0.00137009769915892
0.00137009769915892
0.00137009769915892
0.00137010030855376
0.00137010030855376
0.00137010030855376
0.00137010030855376
0.00137010030855376
0.00137010030855376
0.00137010030855376
0.00137010030855376
0.00137010030855376
0.00137010030855376
0.00137010030855376
0.00137010030855376
0.00137010422032426
0.00137010422032426
0.00137010422032426
0.00137010030855376
0.00137010030855376
0.00137010030855376
0.00137010030855376
0.00137010030855376
0.00137010030855376
0.00137010030855376
0.00137010030855376
0.00137010030855376
0.00137010030855376
0.00137010030855376
0.00137010030855376
0.00137010030855376
0.00137009770093011
0.00137009770093011
0.00137009770093011
0.00137009770093011
0.00137009770093011
0.00137009770093011
0.00137009770093011
0.00137009770093011
0.00137009770093011
0.00137009770093011
0.00137009770093011
0.00137013161277348
0.00137010943557157
0.00137010943557157
0.00137010291617741
0.00137010291617741
0.00137009770093011
0.00137009770093011
0.00137009770093011
0.00137009770093011
0.00137009761945539
0.00137009761945539
0.00137009761945539
0.00137009761945539
0.00137009761945539
0.00137009761945539
0.00136996128145361
0.00136994173108547
0.00136993912435484
0.00136993912435484
0.00136993912435484
0.00136993912435484
0.00136993912435484
0.00136993912435484
0.00136993912435484
0.00136993912435484
0.00136993912435484
0.00136993912435484
0.00136993912435484
0.00136993912435484
0.00136993651762421
0.00136993651762421
0.00136993651762421
0.00136993651762421
0.00136993651762421
0.00136993651762421
0.00136993651762421
0.00136993651762421
0.00136993651762421
0.00136993651762421
0.00136993651762421
0.00136993651762421
0.00136993651762421
0.00136993651762421
0.00136993651762421
0.00136993651762421
0.00136993651762421
0.00136993651762421
0.00136993651762421
0.00136993651762421
0.00136993651762421
0.00136993651762421
0.00137012377716663
0.00137012377716663
0.00137012377716663
0.00137012377716663
0.00137012377716663
0.00137012377716663
0.00137013160003759
0.00137013160003759
0.00137012899241393
0.00137012899241393
0.00137013160003759
0.00137013160003759
0.00137013160003759
0.00137013160003759
0.00137013160003759
0.00137013160003759
0.00137013160003759
0.00137013160003759
0.00137013160003759
0.00137013160003759
0.00137013160003759
0.00137013151856287
0.00137013151856287
0.00137010935365017
0.00137010674602651
0.00137010153077921
0.0013702575531602
0.00137010153077921
0.00137010153077921
0.00137010153077921
0.00137010153077921
0.00137010153077921
0.00137010153077921
0.00137010153077921
0.00137010153077921
0.00137010153077921
0.00137010153077921
0.00137010153077921
0.00137010153077921
0.00137010153077921
0.00137010153077921
0.00137009761945539
0.00137009761945539
0.00137009761945539
0.00137009761945539
0.00137009761945539
0.00137009761945539
0.00137009761945539
0.00137009761945539
0.00137009761945539
0.00137009761945539
0.00137009761945539
0.00137009761945539
0.00137009761945539
0.00137009761945539
0.00137009761945539
0.00137009761945539
0.00137009761945539
0.00137009761945539
0.0013700993577719
0.00137009761945539
0.00137009761945539
0.00137009761945539
0.00137009761945539
0.00137009761945539
0.00137009761945539
0.00137009761945539
0.00137009761945539
0.00137009761945539
0.00137009761945539
0.00137009761945539
0.00137009761945539
0.00137009761945539
0.00137009761945539
0.00137009761945539
0.00137009761945539
0.00137009761945539
0.00137009761945539
0.00137009761945539
0.00137010022707904
0.00137009761945539
0.00137009761945539
0.00137009761945539
0.00137009761945539
0.00137009761945539
0.00137009761945539
0.00137009761945539
0.00137009761945539
0.00137009761945539
0.00137009761945539
0.00137009761945539
0.00137009761945539
0.00137009761945539
0.00137009761945539
0.00137009761945539
0.00137009761945539
0.00137009761945539
0.00137009761945539
0.00137009761945539
0.00137009761945539
0.00137009761945539
0.00137009761945539
0.00137010407682711
0.00137010407682711
0.00137010407682711
0.00137010407682711
0.00137010407682711
0.00137010407682711
0.00137010407682711
0.00137010407682711
0.00137010407682711
0.00137010407682711
0.00137010407682711
0.00137010407682711
0.00137010407682711
0.00137010407682711
0.00137010407682711
0.00137010407682711
0.00137010407682711
0.00137010407682711
0.00137010407682711
0.00137010407682711
0.00137010407682711
0.00137010407682711
0.00136992089556982
0.00136991834550724
0.00136991324450849
0.00136991324450849
0.00136991324450849
0.00136991324450849
0.00136991324450849
0.00136991324450849
0.00136990941908705
0.00136990941908705
0.00136990686902448
0.00136990686902448
0.00136990686902448
0.00136990686902448
0.00136990686902448
0.00136990686902448
0.00136990686902448
0.00136990431896191
0.00136990431896191
0.00136990431896191
0.00136990431896191
0.00136990431896191
0.00136990431896191
0.00136990431896191
0.00136990431896191
0.00136990431896191
0.00136990431896191
0.00136990431896191
0.00136990431896191
0.00136990431896191
0.00136990431896191
0.00136990431896191
0.00136990431896191
0.00136990431896191
0.00136990431896191
0.00136990431896191
0.00136990431896191
0.00136990431896191
0.00136990431896191
0.00136990431896191
0.00136990431896191
0.00136990431896191
0.00136990431896191
0.00136990431896191
0.00136990431896191
0.00136990431896191
0.00136990431896191
0.00136990431896191
0.00136990431896191
0.00136990431896191
0.00136990431896191
0.00136990431896191
0.00136990431896191
0.00136990431896191
0.00136990431896191
0.00136990431896191
0.00136990431896191
0.00136990431896191
0.00136990431896191
0.00136990431896191
0.00136990431896191
0.00136990431896191
0.00136990431896191
0.00136990431896191
0.00136990431896191
0.00136990431896191
0.00136990431896191
0.00136990431896191
0.00136990431896191
0.00136990431896191
0.00136990431896191
0.00136990431896191
0.00136990431896191
0.00136990431896191
