2.78545645947353e-05
2.78545645947353e-05
2.78545645947353e-05
2.78545645947353e-05
2.78545645947353e-05
2.78545645947353e-05
2.78545645947353e-05
2.78545645947353e-05
2.78545645947353e-05
2.78545645947353e-05
2.78545645947353e-05
2.78545645947353e-05
2.78545645947353e-05
2.78545645947353e-05
2.78545645947353e-05
2.78545645947353e-05
2.78545645947353e-05
2.78545645947353e-05
2.78545645947353e-05
2.78545645947353e-05
2.78545645947353e-05
2.78545645947353e-05
2.78545645947353e-05
2.78545645947353e-05
2.78545645947353e-05
2.78545645947353e-05
2.78545645947353e-05
2.78545645947353e-05
2.78545645947353e-05
2.78545645947353e-05
2.78545645947353e-05
2.78545645947353e-05
2.78545645947353e-05
2.78545645947353e-05
2.78545645947353e-05
2.78545645947353e-05
2.78545645947353e-05
2.78545645947353e-05
2.78545645947353e-05
2.78545645947353e-05
2.78545645947353e-05
2.78545645947353e-05
2.78545645947353e-05
2.78545645947353e-05
2.78545645947353e-05
2.78545645947353e-05
2.78545645947353e-05
2.78545645947353e-05
2.78545645947353e-05
2.78545645947353e-05
2.78545645947353e-05
2.78545645947353e-05
2.78545645947353e-05
2.78545645947353e-05
2.78545645947353e-05
2.78545645947353e-05
2.78545645947353e-05
2.78545645947353e-05
2.78545645947353e-05
2.78545645947353e-05
2.78545645947353e-05
2.78545645947353e-05
2.78545645947353e-05
2.78545645947353e-05
2.78545645947353e-05
2.78545645947353e-05
2.78545645947353e-05
2.78545645947353e-05
2.78545645947353e-05
2.78545645947353e-05
2.78545645947353e-05
2.78545645947353e-05
2.78545645947353e-05
2.78545645947353e-05
2.78545645947353e-05
2.78545645947353e-05
2.78545645947353e-05
2.78545645947353e-05
2.78579046712275e-05
2.78545645947353e-05
2.78545645947353e-05
2.78545645947353e-05
2.78545645947353e-05
2.78545645947353e-05
2.78545645947353e-05
2.78545645947353e-05
2.78545645947353e-05
2.78545645947353e-05
2.78545645947353e-05
2.78545645947353e-05
2.78545645947353e-05
2.78545645947353e-05
2.78545645947353e-05
2.78545645947353e-05
2.78545645947353e-05
2.78545645947353e-05
2.78545645947353e-05
2.78545645947353e-05
2.78545645947353e-05
2.78545645947353e-05
2.78545645947353e-05
2.78545645947353e-05
2.78545645947353e-05
2.78545645947353e-05
2.78545645947353e-05
2.78545645947353e-05
2.78545645947353e-05
2.78545645947353e-05
2.78545645947353e-05
2.78545645947353e-05
2.78545645947353e-05
2.78545645947353e-05
2.78545645947353e-05
2.78545645947353e-05
2.78545645947353e-05
2.78545645947353e-05
2.78545645947353e-05
2.78780384885791e-05
2.78545645947353e-05
2.78545645947353e-05
2.78545645947353e-05
2.78545645947353e-05
2.78545645947353e-05
2.78545645947353e-05
2.78636377041423e-05
2.78545645947353e-05
2.78545645947353e-05
2.78545645947353e-05
2.78545645947353e-05
2.78545645947353e-05
2.78545645947353e-05
2.78568092580023e-05
2.78571377471361e-05
2.78571377471361e-05
2.59358048031929e-05
2.59358048031929e-05
2.59358048031929e-05
2.59358048031929e-05
2.59358048031929e-05
2.59358048031929e-05
2.59358048031929e-05
2.59358048031929e-05
2.59358048031929e-05
2.59358048031929e-05
2.59358048031929e-05
2.59358048031929e-05
2.59358048031929e-05
2.59358048031929e-05
2.59358048031929e-05
2.59358048031929e-05
2.59358048031929e-05
2.59358048031929e-05
2.59358048031929e-05
2.59358048031929e-05
2.59358048031929e-05
2.59358048031929e-05
2.59358048031929e-05
2.59358048031929e-05
2.59358048031929e-05
2.59358048031929e-05
2.59358048031929e-05
2.59358048031929e-05
2.59358048031929e-05
2.59358048031929e-05
2.59358048031929e-05
2.59358048031929e-05
2.59358048031929e-05
2.59358048031929e-05
2.59358048031929e-05
2.59358048031929e-05
3.45820495231357e-05
3.45820495231357e-05
3.45611370557186e-05
3.45611370557186e-05
3.45611370557186e-05
3.45611370557186e-05
3.4561054884268e-05
3.45609727268697e-05
3.45609727268697e-05
3.45609727268697e-05
3.64823056708129e-05
3.64823056708129e-05
3.64823056708129e-05
3.64823056708129e-05
3.64823056708129e-05
3.64823056708129e-05
3.64823056708129e-05
3.64823056708129e-05
3.64823056708129e-05
3.64823056708129e-05
3.64823056708129e-05
3.64823056708129e-05
4.32296627495879e-05
4.32296627495879e-05
4.32296627495879e-05
4.32296627495879e-05
4.32296627495879e-05
4.32296627495879e-05
4.32296627495879e-05
4.32296627495879e-05
4.32296627495879e-05
4.32296627495879e-05
4.32296627495879e-05
4.32296627495879e-05
4.32296627495879e-05
4.32296627495879e-05
4.32296627495879e-05
4.32296627495879e-05
4.32296627495879e-05
4.32296627495879e-05
4.32296627495879e-05
4.32296627495879e-05
4.32296627495879e-05
4.32296627495879e-05
4.32296627495879e-05
4.32296627495879e-05
4.32296627495879e-05
4.32296627495879e-05
4.32296627495879e-05
4.32296627495879e-05
4.32376624553951e-05
4.32455529397645e-05
4.32455529397645e-05
4.32455529397645e-05
4.32455529397645e-05
4.32455529397645e-05
4.32455529397645e-05
4.32455529397645e-05
4.32455529397645e-05
4.32455529397645e-05
4.32455529397645e-05
4.32455529397645e-05
4.32455529397645e-05
4.32455529397645e-05
4.32455529397645e-05
4.32455529397645e-05
4.32455529397645e-05
4.32455529397645e-05
4.32455529397645e-05
4.32455529397645e-05
4.32455529397645e-05
4.32455529397645e-05
4.32455529397645e-05
4.32455529397645e-05
4.32455529397645e-05
4.32455529397645e-05
4.32455529397645e-05
4.32455529397645e-05
4.32455529397645e-05
4.51682009644359e-05
4.51682009644359e-05
4.51682009644359e-05
4.51682009644359e-05
4.51682009644359e-05
4.51720946282069e-05
4.51724236797258e-05
4.51724236797258e-05
4.51687321242552e-05
4.51682009644359e-05
4.51682009644359e-05
4.51682009644359e-05
4.51682009644359e-05
4.51682009644359e-05
4.51682009644359e-05
4.51682009644359e-05
4.51682009644359e-05
4.51682009644359e-05
4.51682009644359e-05
4.51682009644359e-05
4.51682009644359e-05
4.51682009644359e-05
4.32455529397645e-05
4.32494466035355e-05
4.32494466035355e-05
4.32494466035355e-05
4.32494466035355e-05
4.32494466035355e-05
4.32494466035355e-05
4.32494466035355e-05
4.32494466035355e-05
4.32494466035355e-05
4.13264695273453e-05
4.32494466035355e-05
4.32494466035355e-05
4.32494466035355e-05
4.32494466035355e-05
4.32494466035355e-05
4.32494466035355e-05
4.23053312067518e-05
4.23090617778367e-05
4.23053312067518e-05
4.23053312067518e-05
4.23053312067518e-05
4.23053312067518e-05
4.23053312067518e-05
4.23053312067518e-05
4.23053312067518e-05
4.23053312067518e-05
4.23053312067518e-05
4.23053312067518e-05
4.23053312067518e-05
4.23053312067518e-05
4.23053312067518e-05
4.23053312067518e-05
4.23053312067518e-05
4.23053312067518e-05
4.23053312067518e-05
4.23053312067518e-05
4.23053312067518e-05
4.23053312067518e-05
4.23053312067518e-05
4.23053312067518e-05
4.23053312067518e-05
4.23053312067518e-05
4.23053312067518e-05
4.22989797563703e-05
4.22989797563703e-05
4.22989797563703e-05
4.22990620403701e-05
4.22990620403701e-05
4.22990620403701e-05
4.22990620403701e-05
4.22990620403701e-05
4.22990620403701e-05
4.22991443384549e-05
4.22991443384549e-05
4.22991443384549e-05
4.22991443384549e-05
4.22991443384549e-05
4.22991443384549e-05
4.22991443384549e-05
4.22991443384549e-05
4.22991443384549e-05
4.22991443384549e-05
4.22991443384549e-05
4.22991443384549e-05
4.22785326448978e-05
4.22785326448978e-05
4.22845480639182e-05
4.22791907479355e-05
4.22791907479355e-05
4.22791907479355e-05
4.22796027318556e-05
4.22796851709885e-05
4.22803451928479e-05
4.22802626406153e-05
4.22802626406153e-05
4.22802626406153e-05
4.22802626406153e-05
4.22802626406153e-05
4.22800975785969e-05
4.22800975785969e-05
4.22797676242461e-05
4.22797676242461e-05
4.22797676242461e-05
4.22800975785969e-05
4.22800975785969e-05
4.22801801025328e-05
4.22797676242461e-05
4.22797676242461e-05
4.2279108393475e-05
4.2279108393475e-05
4.2279108393475e-05
4.22877776797425e-05
4.22847947327669e-05
4.22847947327669e-05
4.22847123642034e-05
4.22847123642034e-05
4.22847123642034e-05
4.22847123642034e-05
4.22847123642034e-05
4.22843830309431e-05
4.22843830309431e-05
4.22843830309431e-05
4.22843830309431e-05
4.22876126608559e-05
4.22843830309431e-05
4.22843830309431e-05
4.22843830309431e-05
4.22843830309431e-05
4.22843830309431e-05
4.22843830309431e-05
4.22843830309431e-05
4.22843830309431e-05
3.19472544631815e-05
3.19472544631815e-05
3.19472544631815e-05
3.19472544631815e-05
3.19472544631815e-05
3.19472544631815e-05
3.19476452719837e-05
3.19475475446906e-05
3.19475475446906e-05
3.19475475446906e-05
3.19475475446906e-05
3.19475475446906e-05
3.19475475446906e-05
3.19475475446906e-05
3.19475475446906e-05
3.19476452719837e-05
3.19476452719837e-05
3.19476452719837e-05
3.19476452719837e-05
3.19472544631815e-05
3.19472544631815e-05
3.19471568027876e-05
3.19471568027876e-05
3.19471568027876e-05
3.19471568027876e-05
3.19471568027876e-05
3.19428737505172e-05
3.19420807349617e-05
3.19420807349617e-05
3.19420807349617e-05
3.19421784287966e-05
3.19420807349617e-05
3.19420807349617e-05
6.84511518625074e-06
1.93931097421857e-05
1.93931097421857e-05
1.93931097421857e-05
1.93931097421857e-05
1.93960383007035e-05
1.93931097421857e-05
1.93931097421857e-05
1.93931097421857e-05
1.93931097421857e-05
1.93931097421857e-05
1.93931097421857e-05
1.93931097421857e-05
1.93931097421857e-05
1.93931097421857e-05
1.93931097421857e-05
1.93931097421857e-05
1.93931097421857e-05
1.93931097421857e-05
1.93931097421857e-05
1.93931097421857e-05
1.93931097421857e-05
1.93931097421857e-05
1.93931097421857e-05
1.93931097421857e-05
1.93931097421857e-05
1.93931097421857e-05
1.93931097421857e-05
1.93931097421857e-05
1.93931097421857e-05
1.93931097421857e-05
1.93931097421857e-05
1.93931097421857e-05
1.93931097421857e-05
1.93931097421857e-05
1.93931097421857e-05
1.93931097421857e-05
1.93931097421857e-05
1.93931097421857e-05
1.93931097421857e-05
1.93931097421857e-05
1.93931097421857e-05
1.93931097421857e-05
1.93931097421857e-05
1.93931097421857e-05
1.93931097421857e-05
1.93931097421857e-05
1.93931097421857e-05
1.93960383007035e-05
1.93964287751726e-05
1.93931097421857e-05
1.93960383007035e-05
1.93964287751726e-05
1.93964287751726e-05
1.93988700677367e-05
1.93964287751726e-05
1.93964287751726e-05
1.93964287751726e-05
1.93964287751726e-05
1.93964287751726e-05
1.93964287751726e-05
1.93964287751726e-05
1.93964287751726e-05
3.13762505644471e-05
3.13762505644471e-05
3.13797231260385e-05
3.13762505644471e-05
3.13762505644471e-05
3.13717492491653e-05
3.70759304510814e-05
3.70759304510814e-05
3.70759304510814e-05
3.70759304510814e-05
3.70759304510814e-05
3.70759304510814e-05
3.70759304510814e-05
3.3273034518007e-05
3.3273034518007e-05
3.3273034518007e-05
3.3273034518007e-05
3.3273034518007e-05
3.3273034518007e-05
3.3273034518007e-05
3.32778074664615e-05
3.32791092708222e-05
3.32792719685177e-05
3.32792719685177e-05
3.32792719685177e-05
3.3281089486031e-05
3.32763971721037e-05
3.32782140923408e-05
3.32763971721037e-05
3.32763971721037e-05
3.32763971721037e-05
3.32763971721037e-05
3.32765870038735e-05
3.32763971721037e-05
3.32791906127093e-05
3.32763971721037e-05
3.32763971721037e-05
3.32763971721037e-05
3.32763971721037e-05
3.32763971721037e-05
3.32763971721037e-05
3.32763971721037e-05
3.32763971721037e-05
3.32763971721037e-05
3.32763971721037e-05
3.32763971721037e-05
3.32763971721037e-05
3.32763971721037e-05
3.32763971721037e-05
3.32763971721037e-05
3.32763971721037e-05
3.32763971721037e-05
3.32763971721037e-05
3.32763971721037e-05
3.32763971721037e-05
3.32763971721037e-05
3.32869249273638e-05
3.32763971721037e-05
3.32763971721037e-05
3.32763971721037e-05
3.32763971721037e-05
3.32763971721037e-05
3.32763971721037e-05
3.32763971721037e-05
3.32763971721037e-05
3.32763971721037e-05
3.32763971721037e-05
3.32763971721037e-05
3.32806826095084e-05
3.32685347182103e-05
3.32685347182103e-05
3.32685347182103e-05
3.32685347182103e-05
3.32685347182103e-05
3.32685347182103e-05
3.32685347182103e-05
3.32685347182103e-05
3.32685347182103e-05
3.32685347182103e-05
3.32685347182103e-05
3.32685347182103e-05
3.32685347182103e-05
3.32685347182103e-05
3.32685347182103e-05
3.32733599133979e-05
3.32813899737853e-05
3.32733599133979e-05
3.517465534916e-05
3.517465534916e-05
3.517465534916e-05
3.51838776344677e-05
3.51838776344677e-05
3.51838776344677e-05
3.51838776344677e-05
3.70962155656066e-05
3.70975200477731e-05
3.99636042829968e-05
3.99607776937116e-05
3.99607776937116e-05
3.99607776937116e-05
3.99607776937116e-05
3.99607776937116e-05
3.99607776937116e-05
3.99607776937116e-05
3.99607776937116e-05
3.99607776937116e-05
3.99607776937116e-05
3.99607776937116e-05
3.99607776937116e-05
3.99607776937116e-05
3.99607776937116e-05
3.99380678120402e-05
3.99380678120402e-05
3.99380678120402e-05
3.99380678120402e-05
3.99380678120402e-05
3.99380678120402e-05
3.99380678120402e-05
3.99380678120402e-05
3.99380678120402e-05
3.99380678120402e-05
3.99322096464073e-05
3.99322096464073e-05
3.99322096464073e-05
3.99322096464073e-05
3.99322096464073e-05
3.99322096464073e-05
3.99322096464073e-05
3.99322096464073e-05
3.99322096464073e-05
3.99322096464073e-05
3.99322096464073e-05
3.99322096464073e-05
3.99322096464073e-05
3.99322096464073e-05
3.99322096464073e-05
3.99322096464073e-05
3.99322096464073e-05
3.99322096464073e-05
3.99322096464073e-05
3.99322096464073e-05
3.99322096464073e-05
3.99322096464073e-05
3.99322096464073e-05
3.99322096464073e-05
3.99322096464073e-05
3.99322096464073e-05
3.99322096464073e-05
3.99322096464073e-05
3.99322096464073e-05
3.99322096464073e-05
3.99322096464073e-05
3.99322096464073e-05
3.99322096464073e-05
3.99322096464073e-05
3.99576091599876e-05
3.99592372515005e-05
3.99592372515005e-05
3.99592372515005e-05
3.99592372515005e-05
3.99592372515005e-05
3.99592372515005e-05
3.99592372515005e-05
3.99592372515005e-05
3.99592372515005e-05
3.99592372515005e-05
3.99592372515005e-05
3.99592372515005e-05
3.99592372515005e-05
3.99592372515005e-05
3.99592372515005e-05
3.99592372515005e-05
3.99592372515005e-05
3.99592372515005e-05
3.99338377379202e-05
3.99338377379202e-05
3.99322096464073e-05
3.99322096464073e-05
3.99322096464073e-05
3.99322096464073e-05
3.99322096464073e-05
3.99322096464073e-05
3.99322096464073e-05
3.99322096464073e-05
3.99322096464073e-05
3.99322096464073e-05
3.99322096464073e-05
3.99322096464073e-05
3.99322096464073e-05
3.99322096464073e-05
3.99322096464073e-05
3.99322096464073e-05
3.90586943755047e-05
3.90586943755047e-05
3.90586943755047e-05
3.90586943755047e-05
3.90586943755047e-05
3.90586943755047e-05
3.90586943755047e-05
3.90586943755047e-05
3.90586943755047e-05
3.90586943755047e-05
3.90586943755047e-05
3.90586943755047e-05
3.90586943755047e-05
3.90586943755047e-05
3.90586943755047e-05
3.90586943755047e-05
3.90586943755047e-05
3.90586943755047e-05
3.90586943755047e-05
3.90586943755047e-05
3.90586943755047e-05
3.90586943755047e-05
3.90586943755047e-05
3.90586943755047e-05
3.90586943755047e-05
3.90586943755047e-05
3.90586943755047e-05
3.90586943755047e-05
3.90586943755047e-05
3.90586943755047e-05
3.90586943755047e-05
3.90586943755047e-05
3.90586943755047e-05
3.90586943755047e-05
3.90586943755047e-05
3.90586943755047e-05
3.90586943755047e-05
3.90586943755047e-05
3.90586943755047e-05
3.90586943755047e-05
3.90586943755047e-05
3.90586943755047e-05
3.90586943755047e-05
3.90586943755047e-05
3.90586943755047e-05
3.90586943755047e-05
3.90586943755047e-05
3.90586943755047e-05
3.90586943755047e-05
3.90586943755047e-05
3.90586943755047e-05
3.90586943755047e-05
3.90586943755047e-05
3.90586943755047e-05
3.90586943755047e-05
3.90586943755047e-05
3.90586943755047e-05
3.90586943755047e-05
3.90586943755047e-05
3.90586943755047e-05
3.90586943755047e-05
3.90586943755047e-05
3.90586943755047e-05
3.90586943755047e-05
3.90589596177627e-05
3.90586943755047e-05
3.90586943755047e-05
3.90586943755047e-05
3.90586943755047e-05
3.90586943755047e-05
3.90586943755047e-05
3.90586943755047e-05
3.90586943755047e-05
3.90586943755047e-05
3.90586943755047e-05
3.90586943755047e-05
3.90586943755047e-05
3.90586943755047e-05
3.90586943755047e-05
3.90586943755047e-05
3.90586943755047e-05
3.90586943755047e-05
3.90586943755047e-05
3.90586943755047e-05
3.90586943755047e-05
3.90586943755047e-05
3.90586943755047e-05
3.90586943755047e-05
3.90586943755047e-05
3.90586943755047e-05
3.90586943755047e-05
3.90586943755047e-05
3.90586943755047e-05
3.90586943755047e-05
3.90586943755047e-05
3.90586943755047e-05
3.90586943755047e-05
3.90586943755047e-05
3.90586943755047e-05
3.90586943755047e-05
3.90586943755047e-05
3.90586943755047e-05
3.90586943755047e-05
3.90586943755047e-05
3.90586943755047e-05
3.90586943755047e-05
3.90586943755047e-05
3.90586943755047e-05
3.90586943755047e-05
3.90586943755047e-05
3.90586943755047e-05
3.90586943755047e-05
3.90586943755047e-05
3.90586943755047e-05
3.90586943755047e-05
3.90586943755047e-05
3.90586943755047e-05
3.90586943755047e-05
3.90586943755047e-05
3.90586943755047e-05
3.90586943755047e-05
3.90586943755047e-05
3.90586943755047e-05
3.90586943755047e-05
3.90586943755047e-05
3.90586943755047e-05
3.90586943755047e-05
3.90586943755047e-05
3.90586943755047e-05
3.90586943755047e-05
3.90586943755047e-05
3.90586943755047e-05
3.90586943755047e-05
3.90586943755047e-05
3.90586943755047e-05
3.90586943755047e-05
3.90586943755047e-05
3.90586943755047e-05
3.90586943755047e-05
3.90586943755047e-05
3.90586943755047e-05
3.90586943755047e-05
3.90586943755047e-05
3.90586943755047e-05
3.90586943755047e-05
3.90586943755047e-05
3.90586943755047e-05
3.90586943755047e-05
3.90586943755047e-05
3.90586943755047e-05
3.90586943755047e-05
3.90586943755047e-05
3.90586943755047e-05
3.90586943755047e-05
3.90586943755047e-05
3.90586943755047e-05
3.90586943755047e-05
3.90586943755047e-05
3.90586943755047e-05
3.90586943755047e-05
3.90586943755047e-05
3.90586943755047e-05
3.90586943755047e-05
3.90586943755047e-05
3.90586943755047e-05
3.90586943755047e-05
3.90586943755047e-05
3.90586943755047e-05
3.90586943755047e-05
3.90586943755047e-05
3.90586943755047e-05
3.90586943755047e-05
3.90586943755047e-05
3.90586943755047e-05
3.90586943755047e-05
3.90586943755047e-05
3.90586943755047e-05
3.90586943755047e-05
3.90586943755047e-05
3.90586943755047e-05
3.90586943755047e-05
3.90586943755047e-05
3.90586943755047e-05
3.90586943755047e-05
3.90586943755047e-05
3.90586943755047e-05
3.90586943755047e-05
3.90586943755047e-05
3.90586943755047e-05
3.90586943755047e-05
3.90586943755047e-05
3.90586943755047e-05
3.76075187730844e-05
3.76075187730844e-05
3.76075187730844e-05
3.76075187730844e-05
3.76075187730844e-05
3.76075187730844e-05
3.76075187730844e-05
3.76075187730844e-05
3.76075187730844e-05
3.76075187730844e-05
3.76075187730844e-05
3.76075187730844e-05
3.76075187730844e-05
3.7607197063585e-05
3.7607197063585e-05
3.7607197063585e-05
3.7618250857173e-05
3.76195387969156e-05
3.76195387969156e-05
3.7607197063585e-05
3.7607197063585e-05
3.7607197063585e-05
3.7607197063585e-05
3.7607197063585e-05
3.7607197063585e-05
3.7607197063585e-05
3.7607197063585e-05
3.7607197063585e-05
3.7607197063585e-05
3.7618250857173e-05
3.76195387969156e-05
3.76195387969156e-05
3.76165323532062e-05
3.76165323532062e-05
3.76165323532062e-05
3.76165323532062e-05
3.76165323532062e-05
3.76165323532062e-05
3.76165323532062e-05
3.76165323532062e-05
3.76165323532062e-05
3.76165323532062e-05
3.76165323532062e-05
3.76165323532062e-05
3.76165323532062e-05
3.76165323532062e-05
3.76165323532062e-05
3.76165323532062e-05
3.76165323532062e-05
3.76165323532062e-05
3.76165323532062e-05
3.76192166466051e-05
3.76195387969156e-05
3.76166933318775e-05
3.76195387969156e-05
3.76165323532062e-05
3.76165323532062e-05
3.76165323532062e-05
3.76165323532062e-05
3.76165323532062e-05
3.76165323532062e-05
3.76165323532062e-05
3.76165323532062e-05
3.76165323532062e-05
3.76165323532062e-05
3.76165323532062e-05
3.76165323532062e-05
3.76165323532062e-05
3.76192166466051e-05
3.76195387969156e-05
3.76165323532062e-05
3.76165323532062e-05
3.76165323532062e-05
3.76165323532062e-05
3.76165323532062e-05
3.76165323532062e-05
3.76165323532062e-05
3.76165323532062e-05
3.76165323532062e-05
3.76165323532062e-05
3.76165323532062e-05
3.76165323532062e-05
3.76165323532062e-05
3.76165323532062e-05
3.76215795466764e-05
3.76222239576418e-05
3.76222239576418e-05
3.76222239576418e-05
3.76222239576418e-05
3.76222239576418e-05
3.76222239576418e-05
3.76222239576418e-05
3.76222239576418e-05
3.76222239576418e-05
3.76222239576418e-05
3.76222239576418e-05
3.90921404929434e-05
3.90921404929434e-05
3.90921404929434e-05
3.90921404929434e-05
3.90921404929434e-05
3.90921404929434e-05
3.90921404929434e-05
3.90921404929434e-05
3.90921404929434e-05
3.90921404929434e-05
3.90921404929434e-05
3.90921404929434e-05
3.90921404929434e-05
3.90921404929434e-05
3.90921404929434e-05
3.90921404929434e-05
3.90921404929434e-05
3.90921404929434e-05
3.90921404929434e-05
3.90921404929434e-05
3.90921404929434e-05
3.90921404929434e-05
3.90921404929434e-05
3.90921404929434e-05
3.90921404929434e-05
3.90921404929434e-05
3.90921404929434e-05
3.90921404929434e-05
3.90921404929434e-05
3.90921404929434e-05
3.90921404929434e-05
3.90921404929434e-05
3.90921404929434e-05
3.90921404929434e-05
3.90921404929434e-05
3.90921404929434e-05
3.90921404929434e-05
3.90954354263883e-05
3.90954354263883e-05
3.90954354263883e-05
3.91389956181081e-05
3.90954354263883e-05
3.90921404929434e-05
3.90921404929434e-05
3.90921404929434e-05
3.72305948143356e-05
3.72305948143356e-05
3.72305948143356e-05
3.72305948143356e-05
3.72305948143356e-05
3.72305948143356e-05
3.72305948143356e-05
3.72305948143356e-05
3.84262350318464e-05
3.82018721995014e-05
3.82018721995014e-05
3.82018721995014e-05
3.82018721995014e-05
3.82018721995014e-05
3.82018721995014e-05
3.82018721995014e-05
3.82018721995014e-05
3.82018721995014e-05
3.82018721995014e-05
3.82018721995014e-05
3.82018721995014e-05
3.82018721995014e-05
3.82018721995014e-05
3.82018721995014e-05
3.82018721995014e-05
3.82018721995014e-05
3.82018721995014e-05
3.82018721995014e-05
3.82018721995014e-05
3.82018721995014e-05
3.82018721995014e-05
3.82018721995014e-05
3.82018721995014e-05
3.82018721995014e-05
3.82018721995014e-05
3.82018721995014e-05
3.82018721995014e-05
3.63403265208936e-05
3.63403265208936e-05
3.63403265208936e-05
3.63403265208936e-05
3.63403265208936e-05
3.63403265208936e-05
3.63403265208936e-05
3.63403265208936e-05
3.63403265208936e-05
3.63403265208936e-05
3.63403265208936e-05
3.63403265208936e-05
3.63403265208936e-05
3.63403265208936e-05
3.61553538467394e-05
3.61553538467394e-05
3.61553538467394e-05
3.61553538467394e-05
3.61553538467394e-05
3.61553538467394e-05
3.61553538467394e-05
3.61553538467394e-05
3.61553538467394e-05
3.61553538467394e-05
3.61553538467394e-05
3.61553538467394e-05
3.61553538467394e-05
3.61553538467394e-05
3.61553538467394e-05
3.61553538467394e-05
3.61553538467394e-05
3.61553538467394e-05
3.61553538467394e-05
3.61553538467394e-05
3.61553538467394e-05
3.61553538467394e-05
3.61553538467394e-05
3.61553538467394e-05
3.61553538467394e-05
3.61553538467394e-05
3.61553538467394e-05
3.61553538467394e-05
3.61553538467394e-05
3.61553538467394e-05
3.61553538467394e-05
3.61553538467394e-05
3.61553538467394e-05
3.61553538467394e-05
3.61553538467394e-05
3.61553538467394e-05
3.61553538467394e-05
3.42524404863847e-05
3.42524404863847e-05
3.42524404863847e-05
3.42524404863847e-05
3.42524404863847e-05
3.42524404863847e-05
3.42524404863847e-05
3.42524404863847e-05
3.42524404863847e-05
3.42524404863847e-05
3.42524404863847e-05
3.42524404863847e-05
3.42524404863847e-05
3.42524404863847e-05
3.42524404863847e-05
3.42524404863847e-05
3.42524404863847e-05
3.42481875431932e-05
3.71015800876421e-05
3.71015800876421e-05
3.71015800876421e-05
3.71015800876421e-05
3.71015800876421e-05
3.71015800876421e-05
3.61500419262041e-05
3.61500419262041e-05
3.61500419262041e-05
3.61500419262041e-05
3.61500419262041e-05
3.61500419262041e-05
3.61500419262041e-05
3.61500419262041e-05
3.61500419262041e-05
3.61500419262041e-05
3.61500419262041e-05
3.61500419262041e-05
3.61500419262041e-05
3.61500419262041e-05
3.61500419262041e-05
3.61500419262041e-05
3.61500419262041e-05
3.61500419262041e-05
3.61500419262041e-05
3.61500419262041e-05
3.61500419262041e-05
3.61500419262041e-05
3.61500419262041e-05
3.61500419262041e-05
3.61500419262041e-05
3.61500419262041e-05
3.61500419262041e-05
3.61500419262041e-05
3.61500419262041e-05
3.61549465381034e-05
3.61552723794322e-05
3.61552723794322e-05
3.61552723794322e-05
3.61552723794322e-05
3.61552723794322e-05
3.61552723794322e-05
3.61552723794322e-05
3.61552723794322e-05
3.61552723794322e-05
3.61552723794322e-05
3.61552723794322e-05
3.61552723794322e-05
3.61552723794322e-05
3.61552723794322e-05
3.61552723794322e-05
3.61552723794322e-05
3.61552723794322e-05
3.61552723794322e-05
3.61552723794322e-05
3.61552723794322e-05
3.61552723794322e-05
3.61552723794322e-05
3.61552723794322e-05
3.61552723794322e-05
3.61552723794322e-05
3.61565218394027e-05
3.61552723794322e-05
3.61552723794322e-05
3.61552723794322e-05
3.61552723794322e-05
3.61552723794322e-05
3.61552723794322e-05
3.61552723794322e-05
3.61552723794322e-05
3.61552723794322e-05
3.61552723794322e-05
3.61552723794322e-05
3.61552723794322e-05
3.61552723794322e-05
3.61552723794322e-05
3.61552723794322e-05
3.61552723794322e-05
3.61552723794322e-05
3.61552723794322e-05
3.61552723794322e-05
3.61552723794322e-05
3.61552723794322e-05
3.61552723794322e-05
3.61552723794322e-05
3.61552723794322e-05
3.61552723794322e-05
3.61552723794322e-05
3.61552723794322e-05
3.61552723794322e-05
3.61552723794322e-05
3.61552723794322e-05
3.61552723794322e-05
3.61552723794322e-05
3.61552723794322e-05
3.61552723794322e-05
3.61552723794322e-05
3.61552723794322e-05
3.61552723794322e-05
3.61552723794322e-05
3.61552723794322e-05
3.61552723794322e-05
3.61552723794322e-05
3.61552723794322e-05
3.61552723794322e-05
3.61552723794322e-05
3.61552723794322e-05
3.61552723794322e-05
3.61552723794322e-05
3.61552723794322e-05
3.61552723794322e-05
3.61552723794322e-05
3.61552723794322e-05
3.61552723794322e-05
3.61552723794322e-05
3.61552723794322e-05
3.61552723794322e-05
3.61552723794322e-05
3.61552723794322e-05
3.61552723794322e-05
3.61552723794322e-05
3.61552723794322e-05
3.61552723794322e-05
3.61552723794322e-05
3.61552723794322e-05
3.61552723794322e-05
3.61552723794322e-05
3.61552723794322e-05
3.61552723794322e-05
3.61552723794322e-05
3.61552723794322e-05
3.61552723794322e-05
3.61552723794322e-05
3.61552723794322e-05
3.61552723794322e-05
3.61552723794322e-05
3.61552723794322e-05
3.53692881972706e-05
3.53692881972706e-05
3.53692881972706e-05
3.53692881972706e-05
3.53692881972706e-05
3.53692881972706e-05
3.53692881972706e-05
3.53692881972706e-05
3.53692881972706e-05
3.53692881972706e-05
3.53692881972706e-05
3.53692881972706e-05
3.53692881972706e-05
3.53692881972706e-05
3.53692881972706e-05
3.53692881972706e-05
3.53692881972706e-05
3.53692881972706e-05
3.53692881972706e-05
3.53692881972706e-05
3.53692881972706e-05
3.53692881972706e-05
3.53638526917258e-05
3.53636401986421e-05
3.53636401986421e-05
3.53636401986421e-05
3.53636401986421e-05
3.53636401986421e-05
3.53636401986421e-05
3.53636401986421e-05
3.53636401986421e-05
3.53636401986421e-05
3.53638526917258e-05
3.53638526917258e-05
3.53638526917258e-05
3.53638526917258e-05
3.53638526917258e-05
3.53638526917258e-05
3.53638526917258e-05
3.53534972726432e-05
3.53534972726432e-05
3.53534972726432e-05
3.53534972726432e-05
3.53534972726432e-05
3.53534972726432e-05
3.53534972726432e-05
3.53534972726432e-05
3.53534972726432e-05
3.53534972726432e-05
3.53534972726432e-05
3.53534972726432e-05
3.53534972726432e-05
3.53534972726432e-05
3.53534972726432e-05
3.53534972726432e-05
3.53534972726432e-05
3.53534972726432e-05
3.53534972726432e-05
3.53534972726432e-05
3.53534972726432e-05
3.53534972726432e-05
3.53534972726432e-05
3.53534972726432e-05
3.53534972726432e-05
3.53534972726432e-05
3.53534972726432e-05
3.53534972726432e-05
3.53534972726432e-05
3.53534972726432e-05
3.53534972726432e-05
3.53534972726432e-05
3.53534972726432e-05
3.53534972726432e-05
3.53534972726432e-05
3.53534972726432e-05
3.53534972726432e-05
3.53534972726432e-05
3.53534972726432e-05
3.53534972726432e-05
3.53534972726432e-05
3.53534972726432e-05
3.53534972726432e-05
3.53534972726432e-05
3.53534972726432e-05
3.53534972726432e-05
3.53534972726432e-05
3.53534972726432e-05
3.53534972726432e-05
3.53534972726432e-05
3.53534972726432e-05
3.3492270351857e-05
3.3492270351857e-05
3.3492270351857e-05
3.3492270351857e-05
3.3492270351857e-05
3.3492270351857e-05
