0.000716845878136201
0.000716845878136201
0.000716845878136201
0.000716845878136201
0.000716845878136201
0.000716845878136201
0.000716845878136201
0.000716845878136201
0.000716845878136201
0.000716845878136201
0.000716845878136201
0.000716845878136201
0.000716845878136201
0.000716845878136201
0.000716845878136201
0.000716845878136201
0.000716845878136201
0.000716845878136201
0.000716845878136201
0.000716845878136201
0.000716845878136201
0.000716845878136201
0.000716845878136201
0.000716845878136201
0.000716845878136201
0.000716845878136201
0.000716845878136201
0.000716845878136201
0.000716845878136201
0.000716845878136201
0.000716845878136201
0.000716845878136201
0.000716845878136201
0.000716845878136201
0.000716845878136201
0.000716845878136201
0.000716845878136201
0.000716845878136201
0.000716845878136201
0.000716845878136201
0.000716845878136201
0.000716845878136201
0.000716845878136201
0.000716845878136201
0.000716845878136201
0.000716845878136201
0.000716845878136201
0.000716845878136201
0.000716845878136201
0.000716845878136201
0.000716845878136201
0.000716845878136201
0.000716845878136201
0.000716845878136201
0.000716845878136201
0.000716845878136201
0.000716845878136201
0.000716845878136201
0.000716845878136201
0.000716845878136201
0.000716845878136201
0.000716845878136201
0.000716845878136201
0.000716845878136201
0.000716845878136201
0.000716845878136201
0.000716845878136201
0.000716845878136201
0.000716845878136201
0.000716845878136201
0.000716845878136201
0.000716845878136201
0.000716845878136201
0.000716845878136201
0.000716845878136201
0.000716845878136201
0.000716845878136201
0.000716845878136201
0.000716845878136201
0.000716845878136201
0.000716845878136201
0.000716845878136201
0.000716845878136201
0.000716845878136201
0.000716845878136201
0.000716845878136201
0.000716845878136201
0.000716845878136201
0.000716845878136201
0.000716845878136201
0.000716845878136201
0.000716845878136201
0.000716845878136201
0.000716845878136201
0.000716845878136201
0.000716845878136201
0.000716845878136201
0.000716845878136201
0.000716845878136201
0.000716845878136201
0.000716845878136201
0.000716845878136201
0.000716845878136201
0.000716845878136201
0.000716845878136201
0.000716845878136201
0.000716845878136201
0.000716845878136201
0.000716845878136201
0.000716845878136201
0.000716845878136201
0.000716845878136201
0.000716845878136201
0.000716845878136201
0.000716845878136201
0.000716845878136201
0.000716845878136201
0.000716845878136201
0.000716845878136201
0.000716845878136201
0.000716845878136201
0.000716845878136201
0.000716917080132705
0.000716845878136201
0.000716845878136201
0.000716845878136201
0.000716845878136201
0.000716845878136201
0.000716845878136201
0.000716845878136201
0.000716845878136201
0.000716845878136201
0.000716845878136201
0.000716845878136201
0.000716845878136201
0.000716845878136201
0.000716845878136201
0.000716845878136201
0.000716845878136201
0.000716845878136201
0.000716845878136201
0.000716845878136201
0.000716845878136201
0.000716845878136201
0.000716845878136201
0.000716845878136201
0.000716845878136201
0.000716845878136201
0.000716845878136201
0.000716845878136201
0.000716845878136201
0.000716845878136201
0.000716845878136201
0.000716845878136201
0.000716845878136201
0.000716845878136201
0.000716845878136201
0.000716845878136201
0.000716845878136201
0.000716845878136201
0.000716845878136201
0.000716845878136201
0.000716845878136201
0.000716845878136201
0.000716869612135035
0.000716861700802091
0.000716845878136201
0.000716845878136201
0.000716845878136201
0.000716845878136201
0.000716845878136201
0.000716845878136201
0.000716845878136201
0.000716845878136201
0.000716845878136201
0.000716845878136201
0.000716845878136201
0.000717336380778784
0.000716861700802091
0.000717344292111729
0.000717352203444673
0.000717352203444673
0.000717352203444673
0.000717352203444673
0.000717352203444673
0.000717352203444673
0.000717352203444673
0.000716845878136201
0.000716845878136201
0.000716845878136201
0.000716845878136201
0.000716845878136201
0.000716845878136201
0.000716845878136201
0.000716845878136201
0.000716845878136201
0.000716845878136201
0.000716845878136201
0.000716845878136201
0.000716845878136201
0.000716845878136201
0.000716845878136201
0.000716845878136201
0.000716845878136201
0.000716845878136201
0.000716845878136201
0.000716845878136201
0.000716845878136201
0.000716845878136201
0.000716845878136201
0.000716845878136201
0.000716845878136201
0.000716845878136201
0.000716845878136201
0.000716845878136201
0.000716845878136201
0.000716845878136201
0.000716845878136201
0.000716845878136201
0.000716845878136201
0.000716845878136201
0.000716845878136201
0.000716845878136201
0.000716845878136201
0.000716845878136201
0.000716845878136201
0.000716845878136201
0.000716845878136201
0.000716845878136201
0.000716845878136201
0.000716845878136201
0.000716845878136201
0.000716845878136201
0.000716845878136201
0.000716845878136201
0.000716845878136201
0.000716845878136201
0.000716845878136201
0.000716845878136201
0.000716845878136201
0.000716845878136201
0.000716845878136201
0.000716845878136201
0.000716845878136201
0.000716845878136201
0.000716845878136201
0.000716845878136201
0.000716845878136201
0.000716845878136201
0.000716845878136201
0.000716845878136201
0.000716845878136201
0.000716845878136201
0.000716845878136201
0.000716845878136201
0.000716845878136201
0.000716845878136201
0.000716845878136201
0.000716845878136201
0.000716845878136201
0.000716845878136201
0.000716845878136201
0.000716845878136201
0.000716845878136201
0.000716845878136201
0.000716845878136201
0.000716845878136201
0.000716845878136201
0.000716845878136201
0.000716845878136201
0.000716845878136201
0.000716845878136201
0.000716845878136201
0.000716845878136201
0.000716845878136201
0.000716845878136201
0.000716845878136201
0.000716845878136201
0.000716845878136201
0.000716845878136201
0.000716845878136201
0.000716845878136201
0.000716845878136201
0.000716845878136201
0.000716845878136201
0.000716845878136201
0.000716845878136201
0.000716845878136201
0.000716845878136201
0.000716845878136201
0.000716845878136201
0.000716845878136201
0.000716845878136201
0.000716845878136201
0.000716845878136201
0.000716845878136201
0.000716845878136201
0.000716845878136201
0.000717360114777618
0.000717360114777618
0.000717360114777618
0.000717360114777618
0.000717360114777618
0.000717360114777618
0.000717360114777618
0.000716845878136201
0.000717360114777618
0.000717360114777618
0.000717360114777618
0.000717360114777618
0.000717360114777618
0.000717360114777618
0.000717360114777618
0.000716845878136201
0.000716845878136201
0.000716845878136201
0.000716845878136201
0.000716845878136201
0.000716845878136201
0.000716845878136201
0.000716845878136201
0.000716845878136201
0.000716845878136201
0.000716845878136201
0.000716845878136201
0.000716845878136201
0.000716845878136201
0.000716845878136201
0.000716845878136201
0.000716845878136201
0.000716845878136201
0.000716845878136201
0.000716845878136201
0.000716845878136201
0.000716845878136201
0.000716845878136201
0.000716845878136201
0.000716845878136201
0.000716845878136201
0.000716845878136201
0.000716845878136201
0.000716845878136201
0.000716845878136201
0.000716845878136201
0.000716845878136201
0.000716845878136201
0.000716845878136201
0.000716845878136201
0.000716845878136201
0.000716845878136201
0.000716845878136201
0.000716845878136201
0.000716845878136201
0.000716845878136201
0.000716845878136201
0.000716845878136201
0.000716845878136201
0.000716845878136201
0.000716845878136201
0.000716845878136201
0.000716845878136201
0.000716845878136201
0.000716845878136201
0.000716845878136201
0.000716845878136201
0.000716845878136201
0.000716845878136201
0.000716845878136201
0.000716845878136201
0.000716845878136201
0.000716845878136201
0.000716845878136201
0.000716845878136201
0.000716845878136201
0.000716845878136201
0.000716845878136201
0.000716845878136201
0.000716845878136201
0.000716845878136201
0.000716845878136201
0.000716845878136201
0.000716845878136201
0.000716845878136201
0.000716845878136201
0.000716845878136201
0.000716845878136201
0.000716845878136201
0.000716845878136201
0.000716845878136201
0.000716845878136201
0.000716845878136201
0.000716845878136201
0.000716845878136201
0.000716845878136201
0.000716845878136201
0.000716845878136201
0.000716845878136201
0.000716845878136201
0.000716845878136201
0.000716845878136201
0.000716845878136201
0.000717146508788106
0.000717360114777618
0.000717360114777618
0.000717360114777618
0.000717360114777618
0.000717360114777618
0.000717360114777618
0.000717360114777618
0.000716845878136201
0.000716845878136201
0.000716845878136201
0.000716845878136201
0.000716845878136201
0.000716845878136201
0.000716845878136201
0.000716845878136201
0.000716845878136201
0.000716845878136201
0.000716845878136201
0.000716845878136201
0.000716845878136201
0.000716845878136201
0.000716845878136201
0.000716845878136201
0.000716845878136201
0.000716845878136201
0.000716845878136201
0.000716845878136201
0.000716845878136201
0.000716845878136201
0.000716845878136201
0.000716845878136201
0.000716845878136201
0.000716845878136201
0.000716845878136201
0.000716845878136201
0.000716845878136201
0.000716845878136201
0.000716845878136201
0.000716845878136201
0.000716845878136201
0.000716845878136201
0.000716845878136201
0.000716845878136201
0.000716845878136201
0.000716845878136201
0.000716845878136201
0.000716845878136201
0.000716845878136201
0.000716845878136201
0.000716845878136201
0.000716845878136201
0.000716845878136201
0.000716845878136201
0.000716845878136201
0.000716845878136201
0.000716845878136201
0.000716845878136201
0.000716845878136201
0.000716845878136201
0.000716845878136201
0.000716845878136201
0.000716845878136201
0.000716845878136201
0.000716845878136201
0.000716845878136201
0.000716845878136201
0.000716845878136201
0.000716845878136201
0.000716845878136201
0.000716845878136201
0.000716845878136201
0.000716845878136201
0.000716845878136201
0.000716845878136201
0.000716845878136201
0.000716845878136201
0.000716845878136201
0.000716845878136201
0.000716845878136201
0.000716845878136201
0.000716845878136201
0.000716845878136201
0.000716845878136201
0.000716845878136201
0.000716845878136201
0.000716845878136201
0.000716845878136201
0.000716845878136201
0.000716845878136201
0.000716845878136201
0.000716845878136201
0.000716845878136201
0.000716845878136201
0.000716845878136201
0.000716845878136201
0.000716845878136201
0.000716845878136201
0.000716845878136201
0.000716845878136201
0.000716845878136201
0.000716845878136201
0.000716845878136201
0.000716845878136201
0.000716845878136201
0.000716853789469146
0.000716869612135035
0.000716869612135035
0.000716845878136201
0.000716845878136201
0.000716845878136201
0.000716845878136201
0.000716845878136201
0.000716845878136201
0.000716845878136201
0.000716845878136201
0.000716845878136201
0.000716845878136201
0.000716845878136201
0.000716845878136201
0.000716845878136201
0.000716845878136201
0.000716845878136201
0.000716845878136201
0.000716845878136201
0.000716845878136201
0.000716845878136201
0.000716845878136201
0.000716845878136201
0.000716845878136201
0.000716845878136201
0.000716845878136201
0.000716845878136201
0.000716845878136201
0.000716845878136201
0.000716845878136201
0.000716845878136201
0.000716845878136201
0.000716845878136201
0.000716845878136201
0.000716845878136201
0.000716845878136201
0.000716845878136201
0.000716845878136201
0.000716845878136201
0.000716845878136201
0.000716845878136201
0.000716845878136201
0.000716845878136201
0.000716792542001352
0.000716792542001352
0.000716792542001352
0.000716792542001352
0.000716792542001352
0.000716792542001352
0.000716792542001352
0.000716792542001352
0.000716792542001352
0.000716792542001352
0.000716792542001352
0.000716792542001352
0.000716792542001352
0.000716792542001352
0.000716792542001352
0.000716792542001352
0.000716792542001352
0.000716792542001352
0.000716792542001352
0.000716792542001352
0.000716792542001352
0.000716792542001352
0.000716792542001352
0.00071726713906598
0.000716792542001352
0.000716792542001352
0.000716845878136201
0.000716845878136201
0.000716853789469146
0.000716845878136201
0.000716845878136201
0.000716845878136201
0.000716845878136201
0.000716845878136201
0.000716845878136201
0.000716845878136201
0.000716845878136201
0.000716845878136201
0.000716845878136201
0.000716845878136201
0.000716845878136201
0.000716845878136201
0.000716845878136201
0.000716845878136201
0.000716845878136201
0.000716845878136201
0.000716845878136201
0.000716845878136201
0.000716845878136201
0.000716845878136201
0.000716845878136201
0.000716845878136201
0.000716845878136201
0.000716845878136201
0.000716845878136201
0.000716845878136201
0.000716845878136201
0.000716845878136201
0.000716845878136201
0.000716845878136201
0.000716845878136201
0.000716845878136201
0.000716845878136201
0.000716845878136201
0.000716845878136201
0.000716845878136201
0.000716845878136201
0.000716845878136201
0.000716845878136201
0.000716845878136201
0.000716845878136201
0.000716845878136201
0.000716845878136201
0.000716845878136201
0.000716845878136201
0.000716845878136201
0.000716845878136201
0.000716897314574292
0.000716845878136201
0.000716845878136201
0.000716845878136201
0.000716845878136201
0.000716845878136201
0.000716845878136201
0.000716845878136201
0.000716845878136201
0.000716845878136201
0.000716845878136201
0.000716845878136201
0.000716845878136201
0.000716845878136201
0.000716845878136201
0.000716845878136201
0.000716845878136201
0.000716845878136201
0.000716845878136201
0.000716845878136201
0.000716845878136201
0.000716845878136201
0.000716845878136201
0.000716845878136201
0.000716845878136201
0.000716845878136201
0.000716845878136201
0.000716845878136201
0.000716845878136201
0.000716845878136201
0.000716845878136201
0.000716845878136201
0.000716845878136201
0.000716845878136201
0.000716845878136201
0.000716845878136201
0.000716845878136201
0.000716845878136201
0.000716845878136201
0.000716845878136201
0.000716845878136201
0.000716845878136201
0.000716845878136201
0.000716845878136201
0.000716845878136201
0.000716845878136201
0.000716845878136201
0.000716845878136201
0.000716845878136201
0.000716845878136201
0.000716845878136201
0.000716845878136201
0.000716845878136201
0.000716845878136201
0.000716845878136201
0.000716845878136201
0.000716845878136201
0.000716845878136201
0.000716845878136201
0.000716845878136201
0.000716845878136201
0.000716845878136201
0.000716845878136201
0.000716845878136201
0.000716845878136201
0.000716845878136201
0.000717360114777618
0.000717360114777618
0.000717360114777618
0.000717360114777618
0.000717360114777618
0.000717360114777618
0.000717360114777618
0.000717360114777618
0.000717360114777618
0.000717360114777618
0.000717360114777618
0.000717360114777618
0.000717360114777618
0.000717360114777618
0.000717360114777618
0.000717564781627068
0.000717875089734386
0.000717375960160903
0.000717360114777618
0.000717360114777618
0.000717360114777618
0.000717360114777618
0.000717360114777618
0.000717360114777618
0.000717360114777618
0.000717360114777618
0.000717360114777618
0.000717360114777618
0.000717360114777618
0.000717360114777618
0.000717360114777618
0.000717360114777618
0.000717360114777618
0.000717360114777618
0.000717360114777618
0.000717360114777618
0.000717360114777618
0.000717360114777618
0.000717360114777618
0.000717360114777618
0.000716845878136201
0.000716845878136201
0.000716845878136201
0.000716845878136201
0.000716845878136201
0.000716845878136201
0.000716845878136201
0.000716845878136201
0.000716845878136201
0.000716845878136201
0.000716845878136201
0.000716845878136201
0.000716845878136201
0.000716845878136201
0.000716845878136201
0.000716845878136201
0.000716845878136201
0.000716845878136201
0.000716845878136201
0.000716845878136201
0.000716845878136201
0.000716845878136201
0.000716845878136201
0.000716845878136201
0.000716845878136201
0.000716845878136201
0.000716845878136201
0.000716845878136201
0.000716845878136201
0.000716845878136201
0.000716845878136201
0.000716845878136201
0.000716845878136201
0.000716845878136201
0.000716845878136201
0.000716845878136201
0.000716845878136201
0.000716845878136201
0.000716845878136201
0.000716845878136201
0.000716845878136201
0.000716845878136201
0.000716845878136201
0.000716845878136201
0.000716845878136201
0.000716845878136201
0.000717360114777618
0.000716845878136201
0.000716845878136201
0.000716845878136201
0.000716845878136201
0.000716845878136201
0.000716845878136201
0.000716845878136201
0.000716845878136201
0.000716845878136201
0.000716845878136201
0.000716845878136201
0.000716845878136201
0.000716845878136201
0.000716845878136201
0.000716845878136201
0.000716845878136201
0.000716845878136201
0.000717360114777618
0.000716845878136201
0.000716845878136201
0.000716845878136201
0.000716845878136201
0.000716845878136201
0.000716845878136201
0.000716845878136201
0.000716845878136201
0.000716845878136201
0.000716845878136201
0.000716845878136201
0.000716845878136201
0.000716845878136201
0.000716845878136201
0.000716845878136201
0.000716845878136201
0.000716845878136201
0.000716845878136201
0.000716845878136201
0.000716845878136201
0.000716845878136201
0.000716845878136201
0.000716845878136201
0.000716845878136201
0.000716845878136201
0.000716845878136201
0.000716845878136201
0.000716845878136201
0.000716845878136201
0.000716845878136201
0.000716845878136201
0.000716845878136201
0.000716845878136201
0.000716845878136201
0.000716845878136201
0.000716845878136201
0.000716845878136201
0.000716845878136201
0.000716845878136201
0.000716845878136201
0.000716845878136201
0.000716845878136201
0.000716845878136201
0.000716845878136201
0.000716845878136201
0.000716845878136201
0.000716845878136201
0.000716845878136201
0.000716845878136201
0.000716845878136201
0.000716845878136201
0.000716845878136201
0.000716845878136201
0.000716845878136201
0.000716845878136201
0.000716845878136201
0.000716845878136201
0.000716845878136201
0.000716845878136201
0.000716845878136201
0.000716845878136201
0.000716845878136201
0.000716845878136201
0.000716845878136201
0.000716845878136201
0.000716845878136201
0.000716845878136201
0.000716845878136201
0.000716845878136201
0.000716845878136201
0.000716845878136201
0.000716845878136201
0.000716845878136201
0.000716845878136201
0.000716845878136201
0.000716845878136201
0.000716845878136201
0.000716845878136201
0.000716845878136201
0.000716845878136201
0.000716845878136201
0.000716845878136201
0.000716845878136201
0.000716845878136201
0.000716845878136201
0.000716845878136201
0.000716845878136201
0.000716845878136201
0.000716845878136201
0.000716845878136201
0.000716845878136201
0.000716845878136201
0.000716845878136201
0.000716845878136201
0.000716845878136201
0.000716845878136201
0.000716845878136201
0.000716845878136201
0.000716845878136201
0.000716845878136201
0.000716845878136201
0.000716845878136201
0.000716845878136201
0.000716845878136201
0.000716845878136201
0.000716845878136201
0.000716845878136201
0.000716845878136201
0.000716845878136201
0.000716845878136201
0.000716845878136201
0.000716845878136201
0.000716845878136201
0.000716845878136201
0.000716845878136201
0.000716845878136201
0.000716717434151586
0.000716837314948151
0.000716837314948151
0.000716837314948151
0.000716837314948151
0.000716837314948151
0.000716837314948151
0.000716708874031725
0.000716708874031725
0.000716708874031725
0.000716708874031725
0.000716708874031725
0.000716708874031725
0.000716708874031725
0.000716708874031725
0.000716708874031725
0.000716708874031725
0.000716708874031725
0.000716708874031725
0.000716708874031725
0.000716708874031725
0.000716708874031725
0.000716708874031725
0.000716708874031725
0.000716708874031725
0.000716708874031725
0.000716708874031725
0.000716709861796848
0.000716708874031725
0.000716708874031725
0.000716708874031725
0.000716708874031725
0.000716708874031725
0.000716708874031725
0.000716708874031725
0.000716708874031725
0.000716706898678435
0.000716706898678435
0.000716706898678435
0.000716706898678435
0.000716706898678435
0.000716706898678435
0.000716706898678435
0.000716706898678435
0.000716706898678435
0.000716706898678435
0.000716845878136201
0.000716845878136201
0.000716845878136201
0.000716845878136201
0.000716845878136201
0.000716845878136201
0.000716845878136201
0.000716845878136201
0.000716845878136201
0.000716845878136201
0.000716845878136201
0.000702740688685875
0.00070323488045007
0.00070323488045007
0.00070323488045007
0.00070323488045007
0.00070323488045007
0.00070323488045007
0.00070323488045007
0.00070323488045007
0.00070323488045007
0.000702740688685875
0.000702740688685875
0.000702740688685875
0.000702740688685875
0.000702740688685875
0.000702740688685875
0.000702740688685875
0.000702740688685875
0.000702740688685875
0.000702740688685875
0.000702740688685875
0.000702617249253469
0.000702617249253469
0.000702617249253469
0.000702617249253469
0.000702617249253469
0.000702617249253469
0.000702617249253469
0.000702617249253469
0.000702617249253469
0.000702617249253469
0.000702617249253469
0.000702617249253469
0.000702617249253469
0.000702617249253469
0.000702617249253469
0.000702617249253469
0.000702617249253469
0.000702617249253469
0.00070212392487274
0.00070212392487274
0.00070212392487274
0.00070212392487274
0.00070212392487274
0.00070212392487274
0.00070212392487274
0.000702864171498858
0.00070212392487274
0.00070212392487274
0.00070212392487274
0.00070212392487274
0.00070212392487274
0.00070212392487274
0.00070212392487274
0.00070212392487274
0.00070212392487274
0.00070212392487274
0.00070212392487274
0.00070212392487274
0.00070212392487274
0.00070212392487274
0.00070212392487274
0.00070212392487274
0.00070212392487274
0.00070212392487274
0.00070212392487274
0.00070212392487274
0.00070212392487274
0.00070212392487274
0.00070212392487274
0.00070212392487274
0.00070212392487274
0.00070212392487274
0.00070212392487274
0.00070212392487274
0.00070212392487274
0.00070212392487274
0.00070212392487274
0.00070212392487274
0.00070212392487274
0.00070212392487274
0.00070212392487274
0.00070212392487274
0.00070212392487274
0.00070212392487274
0.00070212392487274
0.00070212392487274
0.00070212392487274
0.00070212392487274
0.00070212392487274
0.00070212392487274
0.00070212392487274
0.00070212392487274
0.00070212392487274
0.00070212392487274
0.00070212392487274
0.000702456412885196
0.00070212392487274
0.00070212392487274
0.00070212392487274
0.00070212392487274
0.000702486145662443
0.00070212392487274
0.00070212392487274
0.00070212392487274
0.00070212392487274
0.00070212392487274
0.00070212392487274
0.00070212392487274
0.00070212392487274
0.00070212392487274
0.00070212392487274
0.00070212392487274
0.00070212392487274
0.00070212392487274
0.00070212392487274
0.00070212392487274
0.00070212392487274
0.00070212392487274
0.00070212392487274
0.00070212392487274
0.00070212392487274
0.00070212392487274
0.00070212392487274
0.00070212392487274
0.00070212392487274
0.00070212392487274
0.00070212392487274
0.00070212392487274
0.00070212392487274
0.00070212392487274
0.00070212392487274
0.00070212392487274
0.00070212392487274
0.00070212392487274
0.00070212392487274
0.00070212392487274
0.00070212392487274
0.00070212392487274
0.00070212392487274
0.00070212392487274
0.00070212392487274
0.00070212392487274
0.00070212392487274
0.00070212392487274
0.00070212392487274
0.00070212392487274
0.00070212392487274
0.00070212392487274
0.00070212392487274
0.00070212392487274
0.00070212392487274
0.00070212392487274
0.00070212392487274
0.00070212392487274
0.00070212392487274
0.00070212392487274
0.00070212392487274
0.00070212392487274
0.00070212392487274
0.00070212392487274
0.000702479398202491
0.000702483252298859
0.000702483252298859
0.000702003590796975
0.00070414900079277
0.000704228259251274
0.000704226321670515
0.000702990594642213
0.000702001665439599
0.000702001665439599
0.000701999740757906
0.000701999740757906
0.000701999740757906
0.000701999740757906
0.000701999740757906
0.000701999740757906
0.000701999740757906
0.000701999740757906
0.000701999740757906
0.000701999740757906
0.00070212392487274
0.00070212392487274
0.00070212392487274
0.00070212392487274
0.00070212392487274
0.00070212392487274
0.00070212392487274
0.00070212392487274
0.00070212392487274
0.00070212392487274
0.00070212392487274
0.00070212392487274
0.00070212392487274
0.00070212392487274
0.00070212392487274
0.00070212392487274
0.00070212392487274
0.00070212392487274
0.00070212392487274
0.00070212392487274
0.00070212392487274
0.00070212392487274
0.00070212392487274
0.00070212392487274
0.00070212392487274
0.00070212392487274
0.00070212392487274
0.00070212392487274
0.00070212392487274
0.00070212392487274
0.00070212392487274
0.00070212392487274
0.00070212392487274
0.00070212392487274
0.00070212392487274
0.00070212392487274
0.00070212392487274
0.00070212392487274
0.00070212392487274
0.00070212392487274
0.00070212392487274
0.00070212392487274
0.00070212392487274
0.00070212392487274
0.00070212392487274
0.00070212392487274
0.00070212392487274
0.00070212392487274
0.00070212392487274
0.00070212392487274
0.00070212392487274
0.00070212392487274
0.00070212392487274
0.00070212392487274
0.00070212392487274
0.00070212392487274
0.00070212392487274
0.00070212392487274
0.00070212392487274
0.00070212392487274
0.00070212392487274
0.00070212392487274
0.00070212392487274
0.00070212392487274
0.00070212392487274
0.00070212392487274
0.00070212392487274
0.00070212392487274
0.00070212392487274
0.00070212392487274
0.00070212392487274
0.00070212392487274
0.00070212392487274
0.00070212392487274
0.00070212392487274
0.00070212392487274
0.00070212392487274
0.00070212392487274
0.00070212392487274
0.00070212392487274
0.00070212392487274
0.00070212392487274
0.00070212392487274
0.00070212392487274
0.00070212392487274
0.00070212392487274
0.00070212392487274
0.000702167542121746
0.000702247191011236
0.000702247191011236
0.000702247191011236
0.000702247191011236
0.000702247191011236
0.000702247191011236
0.000702247191011236
0.000702247191011236
0.000702247191011236
0.000702247191011236
0.000702247191011236
0.000702247191011236
0.000702247191011236
0.000702247191011236
0.000702247191011236
0.000702247191011236
0.000702247191011236
0.000702247191011236
0.000702247191011236
0.000702247191011236
0.000702247191011236
0.000702247191011236
0.000702247191011236
0.000702370500438982
0.000702370500438982
0.000702370500438982
0.000702370500438982
0.000702370500438982
0.000702370500438982
0.000702370500438982
0.000702370500438982
0.000702370500438982
0.000702247191011236
0.000702247191011236
0.000702247191011236
0.000702247191011236
0.000702247191011236
0.000702247191011236
0.000702247191011236
0.000702247191011236
0.000702247191011236
0.000702247191011236
0.000702247191011236
0.000702247191011236
0.000702247191011236
0.000702247191011236
0.000702247191011236
0.000702247191011236
0.000702247191011236
0.000702247191011236
0.000702247191011236
0.000702247191011236
0.000702247191011236
0.000702247191011236
0.000702247191011236
0.000702247191011236
0.000702247191011236
0.000702247191011236
0.000702247191011236
0.000702247191011236
0.000702247191011236
0.000702247191011236
0.000702247191011236
0.000702247191011236
0.000702247191011236
0.000702247191011236
0.000702247191011236
0.000702247191011236
0.000702247191011236
0.000702247191011236
0.000702247191011236
0.000702247191011236
0.000702247191011236
0.000702247191011236
0.000702247191011236
0.000702247191011236
0.000702247191011236
0.000702247191011236
0.000702247191011236
0.000702247191011236
0.000702247191011236
0.000702247191011236
0.000702247191011236
0.000702247191011236
0.000702247191011236
0.000702247191011236
0.000702247191011236
0.000702247191011236
0.000702247191011236
0.000702247191011236
0.000702247191011236
0.000702247191011236
0.000702247191011236
0.000702247191011236
0.000702247191011236
0.000702247191011236
0.000702247191011236
0.000702247191011236
0.000702247191011236
0.000702247191011236
0.000702247191011236
0.000702247191011236
0.000702247191011236
0.000702260677979896
0.000702370500438982
0.000702370500438982
0.000702370500438982
0.000702370500438982
0.000702370500438982
0.000702370500438982
0.000702370500438982
0.000702370500438982
0.000702370500438982
0.000702370500438982
0.000702370500438982
0.000702370500438982
0.000702370500438982
0.000702864171498858
0.000702850451186304
0.000702864171498858
0.000702864171498858
0.000702864171498858
0.000702864171498858
0.000702864171498858
0.000702370500438982
0.000702370500438982
0.000702370500438982
0.000702370500438982
0.000702370500438982
0.000702370500438982
0.000702370500438982
0.000702370500438982
0.000702370500438982
0.000702370500438982
0.000702370500438982
0.000702370500438982
0.000702370500438982
0.000702370500438982
0.000702370500438982
0.000702370500438982
0.000702370500438982
0.000702370500438982
0.000702370500438982
0.000702370500438982
0.000702370500438982
0.000702370500438982
0.000702370500438982
0.000702370500438982
0.000702370500438982
0.000702370500438982
0.000702370500438982
0.000702370500438982
0.000702370500438982
0.000702370500438982
0.000702370500438982
0.000702370500438982
0.000702370500438982
0.000702370500438982
0.000702370500438982
0.000702370500438982
0.000702370500438982
0.000702370500438982
0.000702370500438982
0.000702370500438982
0.000702370500438982
0.000702370500438982
0.000702370500438982
0.000702370500438982
0.000702370500438982
0.000702370500438982
0.000702370500438982
0.000702370500438982
0.000702370500438982
0.000702370500438982
0.000702370500438982
0.000702370500438982
0.000702370500438982
0.000702370500438982
0.000702370500438982
0.000702370500438982
0.000702370500438982
0.000702370500438982
0.000702370500438982
0.000702370500438982
0.000702370500438982
0.000702370500438982
0.000702370500438982
0.000702370500438982
0.000702370500438982
0.000702370500438982
0.000702370500438982
0.000702370500438982
0.000702370500438982
0.000702370500438982
0.000702370500438982
0.000702370500438982
0.000702370500438982
0.000702370500438982
0.000702370500438982
0.000702370500438982