0.00240971685734957
0.00240971685734957
0.00240971685734957
0.00240971685734957
0.00240971685734957
0.00240971685734957
0.00240971685734957
0.00240971685734957
0.00240971685734957
0.00240971685734957
0.00240971685734957
0.00240971685734957
0.00240971685734957
0.00240971685734957
0.0020734100495289
0.00240971685734957
0.00240971685734957
0.00240971685734957
0.00240971685734957
0.00240971685734957
0.00240971685734957
0.00240971685734957
0.00240971685734957
0.00240971685734957
0.00240971685734957
0.00240971685734957
0.00240971685734957
0.00240971685734957
0.00240971685734957
0.00240971685734957
0.00240971685734957
0.00240971685734957
0.00240971685734957
0.00240971685734957
0.00240971685734957
0.00240971685734957
0.00240971685734957
0.00240971685734957
0.00240971685734957
0.00240971685734957
0.00240971685734957
0.00240971685734957
0.00240971685734957
0.00240971685734957
0.00240971685734957
0.00240971685734957
0.00240971685734957
0.00283728641833326
0.00283728641833326
0.00283728641833326
0.00283728641833326
0.00283728641833326
0.00283728641833326
0.00283728641833326
0.00283728641833326
0.00240971685734957
0.00240971685734957
0.00240971685734957
0.00240971685734957
0.00240971685734957
0.00240971685734957
0.00240971685734957
0.00240971685734957
0.00240971685734957
0.00240971685734957
0.00240971685734957
0.00240971685734957
0.00240971685734957
0.00240971685734957
0.00240971685734957
0.00240971685734957
0.00240971685734957
0.00240971685734957
0.00240971685734957
0.00240971685734957
0.00240971685734957
0.00240971685734957
0.00240971685734957
0.00240971685734957
0.00240971685734957
0.00240971685734957
0.00240971685734957
0.00240971685734957
0.00240971685734957
0.00240971685734957
0.00240971685734957
0.00240971685734957
0.00240971685734957
0.00240971685734957
0.00240971685734957
0.00240971685734957
0.00240971685734957
0.00240971685734957
0.00230494707516043
0.00230494707516043
0.00230494707516043
0.00230494707516043
0.00230494707516043
0.00230494707516043
0.00240971685734957
0.00240971685734957
0.00240971685734957
0.00240971685734957
0.00240971685734957
0.00240971685734957
0.00240971685734957
0.00240971685734957
0.00240971685734957
0.00240971685734957
0.00240971685734957
0.00240971685734957
0.00240971685734957
0.00240971685734957
0.00240971685734957
0.00240971685734957
0.00240971685734957
0.00240971685734957
0.00240971685734957
0.00240971685734957
0.00240971685734957
0.0023986884592244
0.00240695975781828
0.00240721689317703
0.00240695975781828
0.00240695975781828
0.00240695975781828
0.00240695975781828
0.00240695975781828
0.00240695975781828
0.00240695975781828
0.00240695975781828
0.00240695975781828
0.00240695975781828
0.00240695975781828
0.00240695975781828
0.00240695975781828
0.00240695975781828
0.00240695975781828
0.00240695975781828
0.00240695975781828
0.00240971685734957
0.00240971685734957
0.00240971685734957
0.00240971685734957
0.00240971685734957
0.00240971685734957
0.00240971685734957
0.00240971685734957
0.00240971685734957
0.00240971685734957
0.00240971685734957
0.00240971685734957
0.00240971685734957
0.00240971685734957
0.00240971685734957
0.00240971685734957
0.00240971685734957
0.00240971685734957
0.00240971685734957
0.00240971685734957
0.00240971685734957
0.00240971685734957
0.00240971685734957
0.00240971685734957
0.0024098553056761
0.0024098553056761
0.00240978805934607
0.00240978805934607
0.00240971685734957
0.00240971685734957
0.00240971685734957
0.00240971685734957
0.00240971685734957
0.00240971685734957
0.00240971685734957
0.00240971685734957
0.00240971685734957
0.00241137428160152
0.0024097841036796
0.00241143361659861
0.00241143361659861
0.00241143361659861
0.00241143361659861
0.00241143361659861
0.00241143361659861
0.00241143361659861
0.00241143361659861
0.00240971685734957
0.00240971685734957
0.00240971685734957
0.00240974322215503
0.00240971685734957
0.00240971685734957
0.00240971685734957
0.00240971685734957
0.00240971685734957
0.00240971685734957
0.00240971685734957
0.00240971685734957
0.00240971685734957
0.00240971685734957
0.00240971685734957
0.00240971685734957
0.00240971685734957
0.00240971685734957
0.00240695975781828
0.00240695975781828
0.00240695975781828
0.00240695975781828
0.00240695975781828
0.00240695975781828
0.00240695975781828
0.00240695975781828
0.00240695975781828
0.00240695975781828
0.00240695975781828
0.00240695975781828
0.00240695975781828
0.00240695975781828
0.00240695975781828
0.00240695975781828
0.00240695975781828
0.00240695975781828
0.00240695975781828
0.00240695975781828
0.00240695975781828
0.00240695975781828
0.00240695975781828
0.00240695975781828
0.00240695975781828
0.00240695975781828
0.00240695975781828
0.00240695975781828
0.00240695975781828
0.00240695975781828
0.00240695975781828
0.00240695975781828
0.00240695975781828
0.00240695975781828
0.00240695975781828
0.00240695975781828
0.00240695975781828
0.00240695975781828
0.00240695975781828
0.00240695975781828
0.00240695975781828
0.00240695975781828
0.00240695975781828
0.00240695975781828
0.00240695975781828
0.00240695975781828
0.00240971685734957
0.00240971685734957
0.00240971685734957
0.00240971685734957
0.00240971685734957
0.00240971685734957
0.00240971685734957
0.00240971685734957
0.00240971685734957
0.00240971685734957
0.00240971685734957
0.00240971685734957
0.00240971685734957
0.00240971685734957
0.00240971685734957
0.00240971685734957
0.00238766006109922
0.00238766006109922
0.00328647450830077
0.00328647450830077
0.00328371740876948
0.00328371740876948
0.00328371740876948
0.00328371740876948
0.00328371740876948
0.00330577420501982
0.00330577420501982
0.00330577420501982
0.00330577420501982
0.00330577420501982
0.00330577420501982
0.00330577420501982
0.00242901655406862
0.00240971685734957
0.00240971685734957
0.00240971685734957
0.00240971685734957
0.00240971685734957
0.00240971685734957
0.00240971685734957
0.00240971685734957
0.00240971685734957
0.00240971685734957
0.00240971685734957
0.00240971685734957
0.00240971685734957
0.00240971685734957
0.00241143361659861
0.00241143361659861
0.00241143361659861
0.00241144550063607
0.00241144550063607
0.00241144550063607
0.00241144550063607
0.00240971685734957
0.00240040919117796
0.00240040919117796
0.00240040919117796
0.00240040919117796
0.00240040919117796
0.00240040919117796
0.00240040919117796
0.0023986884592244
0.00240971685734957
0.00240971685734957
0.00240971685734957
0.00240971685734957
0.00240971685734957
0.00240971685734957
0.00240971685734957
0.00240971685734957
0.00240971685734957
0.00240971685734957
0.00240971685734957
0.00240971685734957
0.00240971685734957
0.00240971685734957
0.00240971685734957
0.00240971685734957
0.00240971685734957
0.00238766006109922
0.00238766006109922
0.00238766006109922
0.00238766006109922
0.00238766006109922
0.00238766006109922
0.00238766006109922
0.00238766006109922
0.00238766006109922
0.00240971685734957
0.00240971685734957
0.00240971685734957
0.00240971685734957
0.00240971685734957
0.00240971685734957
0.00240948036560993
0.00240948036560993
0.00240948036560993
0.00239845196748476
0.00239845196748476
0.00240948036560993
0.00240948036560993
0.00240948036560993
0.00240948036560993
0.00240948036560993
0.00240948036560993
0.00240948036560993
0.00240948036560993
0.00240948036560993
0.00240948036560993
0.00240948036560993
0.00240948036560993
0.00240948036560993
0.00240948036560993
0.00243153716186027
0.00330823174834757
0.00338543053522378
0.00331926014647274
0.00331926014647274
0.0029994681330747
0.00331374594741016
0.00330823174834757
0.00330823174834757
0.00330823174834757
0.00335234534084826
0.00331926014647274
0.00331926014647274
0.00331926014647274
0.00331926014647274
0.00331926014647274
0.0024205087637351
0.0024205087637351
0.0024205087637351
0.00242074525547474
0.00242074525547474
0.00242074525547474
0.00242074525547474
0.00242074525547474
0.00242074525547474
0.00242074525547474
0.00242074525547474
0.00242074525547474
0.00242074525547474
0.00242074525547474
0.00242074525547474
0.00242074525547474
0.00242074525547474
0.00242074525547474
0.00242074525547474
0.00242074525547474
0.00242146123110625
0.00242241456376416
0.00242248181009419
0.00242248181009419
0.00242248181009419
0.00242248181009419
0.00242248181009419
0.00242248181009419
0.00242074525547474
0.00242074525547474
0.00242074525547474
0.00242074525547474
0.00242074525547474
0.00242074525547474
0.00242074525547474
0.00242074525547474
0.00242074525547474
0.00242074525547474
0.00242074525547474
0.00242074525547474
0.00242074525547474
0.00242074525547474
0.00242074525547474
0.00242074525547474
0.00242074525547474
0.00242074525547474
0.00242074525547474
0.00242074525547474
0.00242074525547474
0.00242074525547474
0.00242074525547474
0.00242074525547474
0.00242074525547474
0.00242074525547474
0.00242074525547474
0.00242074525547474
0.00242074525547474
0.00242074525547474
0.00242074525547474
0.00242074525547474
0.00242074525547474
0.00242074525547474
0.00242074525547474
0.00242074525547474
0.00242074525547474
0.00242074525547474
0.00242074525547474
0.00242074525547474
0.00242074525547474
0.00242074525547474
0.00242074525547474
0.00242074525547474
0.00242074525547474
0.00242074525547474
0.00242074525547474
0.00242074525547474
0.00242074525547474
0.00242074525547474
0.00242074525547474
0.00242074525547474
0.00242074525547474
0.00242074525547474
0.00242074525547474
0.00242074525547474
0.00242074525547474
0.00242074525547474
0.00242074525547474
0.00241798815594345
0.00241798815594345
0.00241798815594345
0.00241798815594345
0.00241798815594345
0.00241798815594345
0.00242074525547474
0.00242074525547474
0.00242074525547474
0.00242074525547474
0.00242074525547474
0.00242074525547474
0.00242074525547474
0.00242074525547474
0.00242625945453733
0.00242074525547474
0.00242074525547474
0.00242074525547474
0.00242074525547474
0.00242074525547474
0.00242074525547474
0.00242074525547474
0.00242074525547474
0.00242074525547474
0.00242074525547474
0.00242074525547474
0.00242074525547474
0.00242074525547474
0.00242074525547474
0.00242074525547474
0.00242074525547474
0.00242074525547474
0.00242074525547474
0.00242074525547474
0.00242074525547474
0.00242074525547474
0.00242074525547474
0.00242074525547474
0.00242080459047183
0.00242087579246833
0.00242087579246833
0.00242081645747125
0.00242081645747125
0.00242074525547474
0.00242074525547474
0.00242074525547474
0.00242074525547474
0.00242074525547474
0.00242074525547474
0.00242077294514005
0.00242074525547474
0.00242074525547474
0.00242074525547474
0.00242074525547474
0.00242074525547474
0.00242074525547474
0.00242074525547474
0.00242074525547474
0.00242074525547474
0.00242074525547474
0.0028481948590673
0.0028481948590673
0.0028481948590673
0.0028481948590673
0.00242074525547474
0.00242074525547474
0.00242074525547474
0.00242074525547474
0.0028481948590673
0.0028481948590673
0.0028481948590673
0.0028481948590673
0.00242074525547474
0.00242074525547474
0.00242074525547474
0.00242074525547474
0.00242074525547474
0.00242074525547474
0.00242074525547474
0.00242074525547474
0.00242074525547474
0.00242074525547474
0.00245629569091424
0.00245353859138295
0.00245353859138295
0.00245353859138295
0.00245353859138295
0.00245353859138295
0.00245353859138295
0.00245353859138295
0.00245353859138295
0.00245629569091424
0.00245629569091424
0.00245629569091424
0.00245629569091424
0.00245629569091424
0.00245629569091424
0.00245629569091424
0.00245629569091424
0.00245629569091424
0.00245629569091424
0.00245629569091424
0.00245629569091424
0.00245629569091424
0.00245629569091424
0.00245780145964079
0.00245629569091424
0.00245353859138295
0.00241798815594345
0.00241798815594345
0.00241805935793995
0.00241805935793995
0.00241805935793995
0.00241798815594345
0.00241798815594345
0.00241798815594345
0.00241798815594345
0.00241798815594345
0.00241798815594345
0.00241798815594345
0.00241798815594345
0.00242074525547474
0.00242074525547474
0.00242074525547474
0.00242074525547474
0.00242074525547474
0.00242074525547474
0.00242074525547474
0.00242074525547474
0.00242074525547474
0.00242086401065915
0.00242074525547474
0.00242074525547474
0.00242074525547474
0.00242074525547474
0.00242074525547474
0.00242074525547474
0.00242074525547474
0.00242074525547474
0.00242074525547474
0.00242074525547474
0.00242074525547474
0.00242074525547474
0.00242074525547474
0.00242074525547474
0.00242074525547474
0.00242074525547474
0.00242074525547474
0.00242074525547474
0.00242074525547474
0.00242074525547474
0.00242074525547474
0.00242074525547474
0.00242074525547474
0.00242074525547474
0.00242074525547474
0.00242074525547474
0.00242074525547474
0.00242074525547474
0.00242080461176174
0.00242074525547474
0.0024758872461006
0.0024758872461006
0.0024758872461006
0.0024758872461006
0.0024758872461006
0.00287578577531008
0.00287578577531008
0.00287578577531008
0.00287578577531008
0.0024758872461006
0.0024758872461006
0.0024758872461006
0.0024758872461006
0.0024758872461006
0.0024758872461006
0.0024758872461006
0.0024758872461006
0.0024758872461006
0.0024758872461006
0.0024758872461006
0.0024758872461006
0.0024758872461006
0.0024758872461006
0.0024758872461006
0.0024758872461006
0.0024758872461006
0.0024758872461006
0.0024758872461006
0.0024758872461006
0.0024758872461006
0.0024758872461006
0.0024758872461006
0.0024758872461006
0.0024758872461006
0.0024758872461006
0.0024758872461006
0.0024758872461006
0.0024758872461006
0.0024758872461006
0.0024758872461006
0.0024758872461006
0.0024758872461006
0.0024758872461006
0.0024758872461006
0.0024758872461006
0.0024758872461006
0.0024758872461006
0.0024758872461006
0.0024758872461006
0.0024758872461006
0.0024758872461006
0.0024758872461006
0.0024758872461006
0.0024758872461006
0.0024758872461006
0.0024758872461006
0.0024758872461006
0.0024758872461006
0.0024758872461006
0.0024758872461006
0.0024758872461006
0.0024758872461006
0.0024758872461006
0.0024758872461006
0.00247766335738478
0.00247760402238769
0.00247766335738478
0.00247766335738478
0.00247766335738478
0.00247766335738478
0.00247766335738478
0.00247766335738478
0.00247766335738478
0.00247766335738478
0.00247766335738478
0.00247766335738478
0.00247766335738478
0.00247766335738478
0.00247766335738478
0.00247830640954001
0.0024794420187333
0.00247771881622627
0.00247766335738478
0.00247766335738478
0.00247766335738478
0.00247766335738478
0.00247766335738478
0.00247490428002025
0.00247490428002025
0.00247490428002025
0.00247490428002025
0.00247490428002025
0.00287508976635097
0.00287508976635097
0.00287508976635097
0.00287508976635097
0.00250249505366554
0.00250249505366554
0.00250249505366554
0.00250249505366554
0.00250249505366554
0.00250249505366554
0.00250525413103007
0.00250525413103007
0.0025034780197459
0.0025034780197459
0.0025034780197459
0.0025034780197459
0.0025034780197459
0.0025034780197459
0.0025034780197459
0.0025034780197459
0.0025034780197459
0.0025034780197459
0.0025034780197459
0.0025034780197459
0.0025034780197459
0.0025034780197459
0.0025034780197459
0.0025034780197459
0.0025034780197459
0.0024758872461006
0.0024758872461006
0.0024758872461006
0.0024758872461006
0.0024758872461006
0.0024758872461006
0.0024758872461006
0.0024758872461006
0.0024758872461006
0.0024758872461006
0.0024758872461006
0.0024758872461006
0.0024758872461006
0.0024758872461006
0.0024758872461006
0.0024758872461006
0.0024758872461006
0.0024758872461006
0.00251457298432092
0.00251457298432092
0.00251457298432092
0.00251457298432092
0.00251457298432092
0.00251457298432092
0.00251457298432092
0.00251457298432092
0.00251457298432092
0.00251457298432092
0.00251457298432092
0.00251637684734391
0.00251463324642734
0.00251457298432092
0.00251457298432092
0.00251457298432092
0.00251457298432092
0.00251457298432092
0.00251457298432092
0.00251457298432092
0.00251457298432092
0.00251457298432092
0.00251457298432092
0.00251457298432092
0.00251457298432092
0.00251457298432092
0.00251457298432092
0.00251457298432092
0.00251457298432092
0.00251637182280035
0.00251457298432092
0.00251457298432092
0.00251457298432092
0.00251457298432092
0.00251457298432092
0.00251457298432092
0.00251457298432092
0.00251457298432092
0.00251457298432092
0.00251457298432092
0.00251457298432092
0.00251457298432092
0.00251457298432092
0.00251457298432092
0.00251457298432092
0.00251457298432092
0.00251457298432092
0.00251457298432092
0.00251457298432092
0.00251457298432092
0.00251457298432092
0.00251457298432092
0.00251457298432092
0.00251457298432092
0.00251457298432092
0.00251457298432092
0.00251457298432092
0.00251457298432092
0.00251457298432092
0.00251457298432092
0.00251457298432092
0.00251457298432092
0.00251457298432092
0.00251457298432092
0.00251457298432092
0.00251459407227626
0.00251457298432092
0.00251457298432092
0.00251457298432092
0.00251457298432092
0.00251457298432092
0.00251457298432092
0.00251457298432092
0.00251457298432092
0.00251457298432092
0.00251457298432092
0.00251457298432092
0.00251457298432092
0.00251457298432092
0.00256497621012738
0.00251457298432092
0.00251457298432092
0.00251457298432092
0.00251457298432092
0.00251457298432092
0.00251457298432092
0.00251457298432092
0.00256497621012738
0.00256497621012738
0.00256497621012738
0.00241936689113096
0.00241936689113096
0.00241936689113096
0.00241936689113096
0.00241936689113096
0.00241936689113096
0.00238214586203664
0.00238214586203664
0.00238214586203664
0.00238214586203664
0.0024758872461006
0.0024758872461006
0.0024758872461006
0.0024758872461006
0.0024758872461006
0.0024758872461006
0.0024758872461006
0.0024758872461006
0.0024758872461006
0.0024758872461006
0.0024758872461006
0.0024758872461006
0.0024758872461006
0.0024758872461006
0.0024758872461006
0.0024758872461006
0.00228289027891009
0.00238214586203664
0.0024758872461006
0.0024758872461006
0.0024758872461006
0.0024758872461006
0.0024758872461006
0.0024758872461006
0.0024758872461006
0.0024758872461006
0.0024758872461006
0.0024758872461006
0.00247313014656931
0.00247313014656931
0.00247313014656931
0.00247313014656931
0.0024758872461006
0.0024758872461006
0.0024758872461006
0.0024758872461006
0.0024758872461006
0.0024758872461006
0.0024758872461006
0.0024758872461006
0.0024758872461006
0.0024758872461006
0.0024758872461006
0.00248140144516319
0.00248140144516319
0.00248140144516319
0.0024809568271165
0.0024813495756337
0.0024813495756337
0.0024813495756337
0.0024813495756337
0.0024813495756337
0.0024813495756337
0.00248090497617121
0.00248090497617121
0.00248090497617121
0.00248090497617121
0.00279801391314781
0.00279801391314781
0.00279801391314781
0.00279801391314781
0.00279801391314781
0.00248090497617121
0.00248090497617121
0.00248090497617121
0.00248090497617121
0.00248090497617121
0.00247814837065524
0.00248090497617121
0.00248090497617121
0.00248090497617121
0.00248090497617121
0.00248090497617121
0.00228795148073609
0.00228794259005347
0.00238166717759637
0.00248090497617121
0.00248090497617121
0.00248090497617121
0.00248090497617121
0.00248090497617121
0.00248090497617121
0.00248090497617121
0.00248090497617121
0.00248090497617121
0.00248090497617121
0.00248090497617121
0.00248090497617121
0.00248090497617121
0.00248090497617121
0.00248090497617121
0.00248090497617121
0.00248140144516319
0.00248140144516319
0.00248140144516319
0.00248140144516319
0.00248140144516319
0.00248140144516319
0.00248140144516319
0.00248140144516319
0.00248140144516319
0.00248140144516319
0.00248140144516319
0.00243257532679951
0.00243428600664991
0.00243428600664991
0.00243428600664991
0.00243428600664991
0.00243428600664991
0.00243428600664991
0.00239641951308722
0.00239641951308722
0.00239641951308722
0.00239473544356258
0.00243257532679951
0.00243257532679951
0.00243257532679951
0.00243257532679951
0.00243257532679951
0.00243257532679951
0.00243257532679951
0.00243257532679951
0.00243257532679951
0.00243257532679951
0.00243214803244904
0.00243214803244904
0.00243214803244904
0.00243214803244904
0.00243214803244904
0.00243214803244904
0.00243214803244904
0.00243214803244904
0.00243214803244904
0.00243214803244904
0.00243214803244904
0.00243214803244904
0.00243214803244904
0.00243214803244904
0.00243214803244904
0.00243214803244904
0.00243214803244904
0.00243214803244904
0.00243044035512212
0.00243044035512212
0.00243044035512212
0.00243044035512212
0.00243044035512212
0.00243044035512212
0.00279511894617107
0.0027980659627244
0.00279511894617107
0.00279511894617107
0.00243044035512212
0.00243044035512212
0.00243044035512212
0.00243044035512212
0.00243044035512212
0.00243044035512212
0.00243044035512212
0.00243044035512212
0.00243044035512212
0.00243044035512212
0.00243044035512212
0.00243044035512212
0.00243044035512212
0.00460702452222761
0.00460702452222761
0.00460702452222761
0.00460702452222761
0.00460702452222761
0.00460702452222761
0.00460702452222761
0.00460702452222761
0.00467723691471488
0.00243081178375457
0.00243081178375457
0.00243081178375457
0.00243081178375457
0.00242954035249453
0.00242954035249453
0.00242954035249453
0.00242954035249453
0.00239173367961677
0.00242954035249453
0.00242954035249453
0.00242954035249453
0.00242954035249453
0.00242954035249453
0.0024684159856709
0.0024684159856709
0.0024684159856709
0.0024684159856709
0.0024684159856709
0.0024684159856709
0.0024684159856709
0.0024684159856709
0.00246567331408937
0.00246567331408937
0.00246567331408937
0.00246679642679538
0.00246567331408937
0.00246567331408937
0.00244920572230999
0.00244920572230999
0.00242974185626308
0.00245194839389152
0.00245194839389152
0.00245194839389152
0.00245194839389152
0.00245194839389152
0.00245194839389152
0.00245194839389152
0.00245194839389152
0.00245194839389152
0.00245194839389152
0.00245194839389152
0.00245194839389152
0.00245194839389152
0.00245194839389152
0.00245194839389152
0.00245194839389152
0.00245194839389152
0.00245194839389152
0.00245194839389152
0.00245194839389152
0.00245194839389152
0.00245194839389152
0.00245194839389152
0.00245194839389152
0.00245194839389152
0.00245194839389152
0.00245194839389152
0.00245194839389152
0.00245194839389152
0.00245194839389152
0.00245194839389152
0.00245194839389152
0.00245194839389152
0.00245194839389152
0.00245194839389152
0.00245194839389152
0.00245194839389152
0.00245194839389152
0.00245194839389152
0.00245194839389152
0.00245194839389152
0.00245194839389152
0.00245194839389152
0.00276735562576795
0.00282232508792561
0.00282232508792561
0.00282232508792561
0.00282232508792561
0.00282232508792561
0.00245194839389152
0.00245194839389152
0.00245194839389152
0.00245194839389152
0.00245194839389152
0.00245194839389152
0.00463055487403641
0.00466254168860804
0.00466254168860804
0.00466254168860804
0.00457709014955756
0.00457709014955756
0.00468411069750276
0.00330164464268713
0.00313456658098065
0.00313593960722163
0.00313593960722163
0.00400914372478128
0.00470550030358538
0.00470550030358538
0.00469384488323713
0.00469384488323713
0.00469384488323713
0.00462254793694018
0.00462254793694018
0.00462254793694018
0.00243974160616845
0.00243974160616845
0.00243974160616845
0.00243974160616845
0.00240882515764032
0.00240882515764032
0.00240882515764032
0.00239802325110382
0.00239802325110382
0.00239802325110382
0.00239802325110382
0.00239802325110382
0.00239802325110382
0.00239802325110382
0.00239802325110382
0.00239802325110382
0.00239802325110382
0.00239802325110382
0.00239802325110382
0.00239802325110382
0.00239802325110382
0.00239802325110382
0.00239802325110382
0.00239802325110382
0.00239802325110382
0.00239802325110382
0.00239532277446969
0.00239532277446969
0.00239532277446969
0.00239532277446969
0.00239532277446969
0.00239532277446969
0.00239532277446969
0.00239532277446969
0.00239532277446969
0.00239532277446969
0.00239532277446969
0.00239532277446969
0.0021144732045206
0.0021144732045206
0.0021144732045206
0.00211717368115472
0.00211717368115472
0.00211717368115472
0.00211717368115472
0.00211717368115472
0.00211717368115472
0.00211717368115472
0.00211717368115472
0.00211717368115472
0.00211717368115472
0.00211717368115472
0.00211717368115472
0.00211717368115472
0.00211717368115472
0.00211717368115472
0.00211717368115472
0.00212797558769123
0.00212797558769123
0.00212797558769123
0.00212797558769123
0.00212797558769123
0.00212797558769123
0.00251965894508144
0.00251965894508144
0.00251965894508144
0.00251965894508144
0.00212797558769123
0.00212797558769123
0.00212797558769123
0.00212797558769123
0.00212797558769123
0.00212797558769123
0.00212797558769123
0.00212797558769123
0.00212797558769123
0.00212797558769123
0.00212797558769123
0.00212797558769123
0.00212797558769123
0.00211717368115472
0.00211717368115472
0.0021144732045206
0.0021144732045206
0.0021144732045206
0.0021144732045206
0.0021144732045206
0.00211717368115472
0.00211717368115472
0.00211717368115472
0.00211717368115472
0.00211722962501758
0.00211754537597234
0.00210674157303371
0.00210674157303371
0.00210674157303371
0.00210674157303371
0.00210674157303371
0.00210674157303371
0.00210674157303371
0.00213965941011236
0.00213965941011236
0.00213965941011236
0.00213965941011236
0.00213965941011236
0.00213965941011236
0.00213965941011236
0.00213965941011236
0.00213965941011236
0.00213965941011236
0.00213965941011236
0.00213965941011236
0.00213965941011236
0.00213965941011236
0.00213965941011236
0.00214003511852502
0.00214003511852502
0.00214003511852502
0.00214003511852502
0.00214003511852502
0.00214003511852502
0.00181634406805626
0.00181634406805626
0.00181634406805626
0.00181602517726436
0.00181328202417448
0.00181328202417448
0.00181328202417448
0.00181328202417448
0.00181328202417448
0.00181328202417448
0.00181602517726436
0.00181602517726436
0.00181602517726436
0.00181602517726436
0.00181602517726436
0.00181602517726436
0.00181602517726436
0.00181602517726436
0.00181602517726436
0.00181602517726436
0.00181602517726436
0.00181602517726436
0.00181602517726436
0.00181602517726436
0.00181602517726436
0.00181602517726436
0.00181602517726436
0.00181602517726436
0.00181602517726436
0.00181602517726436
0.00181602517726436
0.00181602517726436
0.00181602517726436
0.00181602517726436
0.00181602517726436
0.00181602517726436
0.00181602517726436
0.00181602517726436
0.00181602517726436
0.00181602517726436
0.00181602517726436
0.00181602517726436
0.00181602517726436
0.00181602517726436
0.00213965941011236
0.00213965941011236
0.00213965941011236
0.00213965941011236
0.00213965941011236
0.00213965941011236
0.00213965941011236
0.00213965941011236
0.00213965941011236
0.00213965941011236
0.00213965941011236
0.00213965941011236
0.00213965941011236
0.00213965941011236
0.00213955183548138
0.00213955183548138
0.00213955183548138
0.00213955183548138
0.00213955183548138
0.00213955183548138
0.00213955183548138
0.0021368086823915
0.0021368086823915
0.0021368086823915
0.0021368086823915
0.00213955183548138
0.00213955183548138
0.00213955183548138
0.00213955183548138
0.00213955183548138
0.00213957977277361
0.00217400392993018
0.00217400392993018
0.00217400392993018
0.00217400392993018
0.00217400392993018
0.00217400392993018
0.00217400392993018
0.00217400392993018
0.00217400392993018
0.00217400392993018
0.00217400392993018
0.00217400392993018
0.00217400392993018
0.00217553195940123
0.00217550843886542
0.00217201108372199
0.00217201108372199
0.00217201108372199
0.00217201108372199
0.00217201108372199
0.00217050082971417
0.00217048777575
0.00217048777575
0.00217048777575
0.00217048777575
0.00217048777575
0.00217048777575
0.00217048777575
0.00216770059122445
0.00217048777575
0.00218164956781638
0.00218163651385221
0.00218163651385221
0.00218163651385221
0.00218163651385221
0.00217048777575
0.00217048777575
0.00217048777575
0.00217048777575
0.00217048777575
0.00217048777575
0.00217048777575
0.00217048777575
0.00217048777575
0.00217048777575
0.00217048777575
0.00217048777575
0.00257472473111755
0.00257472473111755
0.00257472473111755
0.00257472473111755
0.00217048777575
0.00217048777575
0.00217048777575
0.00217048777575
0.00257472473111755
0.00257472473111755
0.00257472473111755
0.00257472473111755
0.00217048777575
0.00217048777575
0.00217048777575
0.00217048777575
0.00257472473111755
0.00257472473111755
0.00257472473111755
0.00257472473111755
0.00217048777575
0.00217048777575
0.00217048777575
0.00217048777575
0.00217048777575
0.00217048777575
0.00217048777575
0.00217048777575
0.00217048777575
0.00217048777575
0.00216955855291807
0.00216955855291807
0.00216955855291807
0.00216955855291807
0.00216955855291807
0.00216955855291807
0.00216955855291807
0.00216955855291807
0.00216955855291807
0.00216955855291807
0.00216955855291807
0.00216955855291807
0.00216955855291807
0.00216955855291807
0.00216955855291807
0.00216955855291807
0.00216955855291807
0.00216955855291807
0.00216955855291807
