0.00017096939647803
0.00017096939647803
0.00017096939647803
0.00017096939647803
0.00017096939647803
0.00017096939647803
0.00017096939647803
0.00017096939647803
0.00017096939647803
0.00017096939647803
0.00017096939647803
0.00017096939647803
0.00017096939647803
0.00017096939647803
0.00017096939647803
0.00017096939647803
0.00017096939647803
0.00017096939647803
0.00017096939647803
0.00017096939647803
0.00017096939647803
0.00017096939647803
0.00017096939647803
0.00017096939647803
0.00017096939647803
0.00017096939647803
0.00017096939647803
0.00017096939647803
0.00017096939647803
0.00017096939647803
0.00017096939647803
0.00017096939647803
0.000170969406741616
0.000170969406741616
0.00017096939647803
0.00017096939647803
0.00017096939647803
0.00017096939647803
0.00017096939647803
0.00017096973523075
0.00017096973523075
0.00017096939647803
0.00017096939647803
0.00017096939647803
0.00017096939647803
0.00017096939647803
0.00017096939647803
0.00017096939647803
0.00017096939647803
0.00017096939647803
0.000170970392209017
0.00017096973523075
0.000170969406741616
0.000170969406741616
0.00017096973523075
0.00017096939647803
0.00017096939647803
0.00017096939647803
0.00017096939647803
0.00017096939647803
0.00017096939647803
0.00017096939647803
0.00017096939647803
0.00017096939647803
0.00017096939647803
0.00017096939647803
0.00017096939647803
0.00017096939647803
0.00017096939647803
0.00017096939647803
0.00017096939647803
0.00017096939647803
0.00017096939647803
0.00017096939647803
0.00017096939647803
0.00017096939647803
0.00017096939647803
0.00017096939647803
0.000171018239940151
0.00017096939647803
0.00017096939647803
0.00017096939647803
0.00017096939647803
0.00017096939647803
0.00017096939647803
0.00017096939647803
0.00017096939647803
0.00017096939647803
0.00017096939647803
0.00017096939647803
0.00017096939647803
0.00017096939647803
0.00017096939647803
0.00017096939647803
0.00017096939647803
0.00017096939647803
0.00017096939647803
0.00017096939647803
0.00017096939647803
0.00017096939647803
0.00017096939647803
0.00017096939647803
0.00017096939647803
0.00017096939647803
0.00017096939647803
0.00017096939647803
0.00017096939647803
0.00017096939647803
0.00017096939647803
0.00017096939647803
0.00017096939647803
0.00017096939647803
0.00017096939647803
0.00017096939647803
0.00017096939647803
0.00017096939647803
0.00017096939647803
0.000171272951350187
0.00017096973523075
0.00017096973523075
0.000170969406741616
0.00017096939647803
0.00017096939647803
0.00017096939647803
0.000171206487142754
0.00017096939647803
0.00017096939647803
0.00017096939647803
0.00017096939647803
0.00017096939647803
0.00017096939647803
0.000170995456575419
0.000170995785064553
0.000170995785064553
0.000170995785064553
0.000170995785064553
0.000170996113553687
0.000170996113553687
0.000170995785064553
0.000170995785064553
0.000170995785064553
0.000170995785064553
0.000170995785064553
0.000170995785064553
0.000170995785064553
0.000170995785064553
0.000170995785064553
0.000170995785064553
0.000170995785064553
0.000170995785064553
0.000170995785064553
0.000170995785064553
0.000170995785064553
0.000170995785064553
0.000170995785064553
0.000170995785064553
0.000170995785064553
0.000170995785064553
0.000170995785064553
0.000170995785064553
0.000170995785064553
0.000170995785064553
0.000170995785064553
0.000170995785064553
0.000170995785064553
0.000170995785064553
0.000170995785064553
0.000170995785064553
0.000170995785064553
0.000170995785064553
0.000170995785064553
0.000170995785064553
0.000170995128086285
0.000170995128086285
0.000170995128086285
0.000170995128086285
0.000170995128086285
0.000170995128086285
0.000170995128086285
0.000170995128086285
0.000170995128086285
0.000170995128086285
0.000170995128086285
0.000170995128086285
0.000170995128086285
0.000170995128086285
0.000170995128086285
0.000170995128086285
0.000170995128086285
0.000170995128086285
0.000170995128086285
0.000170995128086285
0.00017099864227804
0.000170998632010944
0.000170998632010944
0.000170998632010944
0.000170998632010944
0.000170998632010944
0.000170998632010944
0.000170998632010944
0.000170998632010944
0.00017099864227804
0.000170998632010944
0.000170998632010944
0.000170998632010944
0.000170998632010944
0.000170998632010944
0.000170998632010944
0.000170998632010944
0.000170998632010944
0.000170998632010944
0.000170998632010944
0.000170998632010944
0.000170998632010944
0.000170998632010944
0.000170998632010944
0.000170998632010944
0.000170998632010944
0.000170998632010944
0.000170998632010944
0.000171083399005911
0.00017110197461964
0.00017110197461964
0.000171100659538912
0.000171100659538912
0.00017110197461964
0.000171103289700368
0.000171103289700368
0.000171103289700368
0.000171103289700368
0.000171103289700368
0.000171103289700368
0.000171103289700368
0.000171103289700368
0.000171103289700368
0.000171103289700368
0.000171103289700368
0.000171103289700368
0.000171103289700368
0.000171103289700368
0.000171103289700368
0.000171103289700368
0.000171103289700368
0.000171103289700368
0.000171103289700368
0.000171103289700368
0.000171103289700368
0.000171103289700368
0.000171103289700368
0.000171103289700368
0.000171103289700368
0.000171103289700368
0.000171103289700368
0.000171103289700368
2.04950764485434e-05
1.85737435046002e-05
1.85737435046002e-05
0.000124946860796251
0.000171103289700368
0.000171103289700368
0.000171103289700368
0.000171103289700368
0.000171103289700368
0.000171104122596243
0.000171103289700368
0.000171103289700368
0.000171103289700368
0.000171103289700368
0.000171103289700368
0.000171103289700368
0.000171103289700368
0.000171103289700368
0.000171129065036889
0.000171129065036889
0.000171129065036889
0.000171128735985371
0.000171128735985371
0.000171128735985371
0.000171128735985371
0.000171128735985371
0.000171128735985371
0.000171128735985371
0.000171128735985371
0.000171135493868037
0.000171129065036889
0.000171129065036889
0.000171128735985371
0.000171128735985371
0.000171144959780934
0.000171171073430998
0.000171144959780934
0.000171144959780934
0.000171144959780934
0.000171144959780934
0.000171144959780934
0.000171144959780934
0.000171144959780934
0.000171144959780934
0.000171144959780934
0.000171144959780934
0.000171144959780934
0.000171144959780934
0.000171144959780934
0.000171144959780934
0.000171144959780934
0.000171144959780934
0.000171144959780934
0.000171144959780934
0.000171144959780934
0.000171144959780934
0.000171144959780934
0.000171144959780934
0.000171144959780934
0.000171144959780934
0.000171144959780934
0.000171120839576705
0.000171120839576705
0.000171120839576705
0.000171120839576705
0.000171120839576705
0.000171120839576705
0.000171121497679742
0.000171120839576705
0.000171120839576705
0.000171120839576705
0.000171120839576705
0.000171120839576705
0.000171120839576705
0.000171120839576705
0.000171120839576705
0.000171120839576705
0.000171121168628223
0.000171121168628223
0.000171121168628223
0.000171121168628223
0.000171121168628223
0.000171121168628223
0.000171125612105411
0.000171152050181613
0.000171130550470076
0.000171130550470076
0.000171130221418558
0.000171130221418558
0.000171129562752037
0.000171129562752037
0.000171129562752037
0.000171129562752037
0.000171129562752037
0.000171129562752037
0.000171129562752037
0.000171129562752037
0.000171129562752037
0.000171129562752037
0.000171129562752037
0.000171128904536349
0.000171128904536349
0.000171128904536349
0.000171128904536349
0.000171128904536349
0.000171128904536349
0.000171128739827428
0.000171128739827428
0.000171128739827428
0.000171175861546936
0.000171153531237118
0.000171153202072949
0.000171152049843314
0.000171151720679145
0.000171151720679145
0.000171151720679145
0.000171151720679145
0.000171150403120514
0.000171150403120514
0.000171150403120514
0.000171150403120514
0.000171173720302495
0.000171150732284683
0.000171150732284683
0.000171150403120514
0.000171150403120514
0.000171150403120514
0.000171150403120514
0.000171150403120514
0.000171150403120514
0.000171156109318055
0.000171156109318055
0.000171156109318055
0.000171156109318055
0.000171156109318055
0.000171156109318055
0.000171157672820965
0.000171157477366378
0.000171157477366378
0.000171157477366378
0.000171157477366378
0.000171157477366378
0.000171157477366378
0.000171157477366378
0.000171157477366378
0.000171157672820965
0.000171157672820965
0.000171157672820965
0.000171157672820965
0.000171156109318055
0.000171154546082709
0.000171167045476561
0.000171153960020027
0.000171153960020027
0.000171155131844469
0.000171154350628174
0.000171142634316667
0.000171127405744994
0.000171127405744994
0.000171127796219463
0.000171127991607133
0.000171127405744994
0.000171127015270525
0.000171126624796056
0.000171127015270525
0.000171127015270525
0.000171128186693932
0.000171127405744994
0.000171155914131032
0.000171127015270525
0.000171127015270525
0.000171126624796056
0.000171126624796056
0.000171124671353992
0.000171128185624214
0.000171124671353992
0.000171124671353992
0.000171124671353992
0.000171124671353992
0.000171124671353992
0.000171124671353992
0.000171124671353992
0.000171124671353992
0.000171124671353992
0.000171124671353992
0.000171124671353992
0.000171124671353992
0.000171124671353992
0.000171124671353992
0.000171124671353992
0.000171124671353992
0.000171127211059436
0.000171127211059436
0.000171127211059436
0.000171127211059436
0.000171127211059436
0.000171127211059436
0.000171127211059436
0.000171127211059436
0.000171127211059436
0.000171127211059436
0.000171127211059436
0.000171127211059436
0.000171127211059436
0.000171127211059436
0.000171127211059436
0.000171127211059436
0.000171126624796056
0.000171127211059436
0.000171127992008374
0.000171127992008374
0.00017115689120336
0.000171156500595213
0.000171127211059436
0.000171156500595213
0.000171155718709908
0.000171155718709908
0.000171183063321156
0.000171155718709908
0.000171155718709908
0.000171155718709908
0.000171155718709908
0.000171155718709908
0.000171155718709908
0.000171155718709908
0.000171155718709908
0.000171154251061869
0.000171154251061869
0.000171205260053043
0.000171154576791627
0.000171154576791627
0.000171130711019297
0.000171130711019297
0.000171130711019297
0.000171131036637542
0.000171131036637542
0.000171131036637542
0.000171131036637542
0.000171129734387358
0.000171129734387358
0.000171129734387358
0.000171130060117116
0.000171130060117116
0.000171130060117116
0.000171130060117116
0.000171130060117116
0.000171167057294971
0.000171173240928347
0.000171174217225918
0.000171174542844163
0.000171174217225918
0.000171195329629778
0.000171150018580585
0.000171168193272883
0.000171150018580585
0.000171159729952939
0.000171149855367223
0.000171148552559631
0.000171154140527079
0.000171148878066421
0.000171170633723549
0.000171148552559631
0.000171148227052842
0.000171148227052842
0.000171147901546052
0.00017114741318834
0.00017114741318834
0.00017114741318834
0.00017114741318834
0.00017114741318834
0.00017114741318834
0.000171146924969934
0.000171146924969934
0.000171146924969934
0.000171146924969934
0.000171146924969934
0.000171146924969934
0.000171146924969934
0.000171148227666056
0.000171148227666056
0.000171148227666056
0.000171148227666056
0.000171247178433543
0.000171148715884463
0.000171148715884463
0.000171148715884463
0.000171148715884463
0.000171148715884463
0.000171148715884463
0.000171148715884463
0.000171148715884463
0.00017114741318834
0.00017114741318834
0.00017114741318834
0.000171187674434439
0.000171104411461387
0.000171104411461387
0.000171104411461387
0.000171104411461387
0.000171104411461387
0.000171104411461387
0.000171104411461387
0.000171104411461387
0.000171104411461387
0.000171105062140827
0.000171104411461387
0.000171104411461387
0.000171104411461387
0.000171104411461387
0.000171104411461387
0.000171127617185964
0.000171215916354242
0.0001711271289954
0.000171130384286435
0.000171130384286435
0.0001711271289954
0.000171202988041656
0.000171202988041656
0.000171202988041656
0.000171203313659901
0.000171306880284469
0.000171308511166677
0.000171318029011205
0.000171294442566417
0.000171293790213548
0.000171294442566417
0.000171294442566417
0.000171294442566417
0.000171294442566417
0.000171295747495668
0.000171297378713061
0.000171297378713061
0.000171297378713061
0.000171297378713061
0.000171296073783809
0.000171296073783809
0.00017129623694188
0.000171179873240907
0.000171179873240907
0.000171179873240907
0.000171181175937029
0.000171179547287951
0.000171178244591829
0.000171178244591829
0.000171178244591829
0.000171178244591829
0.000171176127334212
0.000171151445767806
0.000171150794977024
0.00017115128319543
0.00017115128319543
0.00017115128319543
0.00017115128319543
0.00017115128319543
0.00017115128319543
0.00017115128319543
0.00017115128319543
0.00017115128319543
0.00017115128319543
0.00017115128319543
0.00017115128319543
0.000171151771553142
0.000171151771553142
0.000171151771553142
0.000171151771553142
0.000171153400313691
0.000171153400313691
0.000171153563192513
0.000171153400313691
0.000171153400313691
0.000171153400313691
0.000171153400313691
0.000171153400313691
0.000171153400313691
0.000171153400313691
0.000171153400313691
0.000171153400313691
0.000171153400313691
0.000171153400313691
0.000171153400313691
0.000171153400313691
0.000171278678952311
0.000171278678952311
0.000171278189897234
0.000171278189897234
0.000171278189897234
0.000171278189897234
0.000171278189897234
0.000171278678952311
0.000171278678952311
0.000171278678952311
0.000171278678952311
0.000171278678952311
0.000171278678952311
0.000171278678952311
0.000171278678952311
0.000171278678952311
0.000171278678952311
0.000171278678952311
0.000171278678952311
0.000171154539378456
0.000171154539378456
0.000171152911286943
0.000171152911286943
0.000171152423068537
0.000171152423068537
0.000171152423068537
0.000171152423068537
0.000171152423068537
0.000171152423068537
0.000171152423068537
0.000171152423068537
0.000171153725318721
0.000171153725318721
0.000171153725318721
0.000171152423068537
0.000171152423068537
0.000171152423068537
0.000171125875037996
0.000171125875037996
0.000171125875037996
0.000171125875037996
0.000171125875037996
0.000171125875037996
0.000171125875037996
0.000171125875037996
0.000171128104324595
0.000171128104324595
0.000171128104324595
0.000171127786112064
0.000171127945450042
0.000171127945450042
0.000171127945450042
0.000171126671509645
0.000171126671509645
0.000171126671509645
0.000171127945450042
0.000171127945450042
0.000171127945450042
0.000171127945450042
0.000171127945450042
0.000171127945450042
0.000171127945450042
0.00017112921939044
0.00017112921939044
0.00017112921939044
0.00017112921939044
0.00017112921939044
0.00017112920944454
0.000171127935504142
0.000171127298206901
0.000171127298206901
0.000171126979885323
0.000171126661563744
0.000171125387623347
0.000171125387623347
0.000171125387623347
0.000171125387623347
0.000171125387623347
0.000171125387623347
0.000171125387623347
0.000171125387623347
0.000171125387623347
0.000171125387623347
0.000171125387623347
0.000171125387623347
0.000171125387623347
0.000171125387623347
0.000171125387623347
0.000171125387623347
0.000171125387623347
0.000171125228285369
0.000171125228285369
0.000171125387623347
0.000171125387623347
0.000171125387623347
0.000171125387623347
0.000171125387623347
0.000171125387623347
0.000171125387623347
0.000171125387623347
0.000171125387623347
0.000171140515765367
0.000171127298315877
0.000171127298315877
0.000171125387623347
0.000171125387623347
0.000171125387623347
0.000171125387623347
0.000171125387623347
0.000171125387623347
0.000171125387623347
0.000171125387623347
0.000171125387623347
0.000171125387623347
0.000171125387623347
0.00017112554685225
0.000171125387623347
0.000171125387623347
0.000171125387623347
0.000171125387623347
0.000171125387623347
0.000171125387623347
0.000171125387623347
0.000171125387623347
0.000171125387623347
0.000171125387623347
0.000171125387623347
0.000171125387623347
0.000171125387623347
0.000171125387623347
0.000171125387623347
0.000171125387623347
0.000171125387623347
0.000171127945450042
0.000171127945450042
0.000171127945450042
0.000171127945450042
0.000171127945450042
0.000171127945450042
0.000171127945450042
0.000171127945450042
0.000171127945450042
0.000171127945450042
0.000171127945450042
0.000171127945450042
0.000171127945450042
0.000171127945450042
0.000171127945450042
0.000171127945450042
0.000171127945450042
0.000171127945450042
0.000171127945450042
0.000171127945450042
0.000171127945450042
0.000171127945450042
0.000171127945450042
0.000171127945450042
0.000171126671509645
0.000171126671509645
0.000171126671509645
0.000171126671509645
0.000171126671509645
0.000171126671509645
0.000171127945450042
0.000171127945450042
0.000171127945450042
0.000171126671509645
0.000171126671509645
0.000171126671509645
0.000171126671509645
0.000171126671509645
0.000171126671509645
0.000171126671509645
0.000171126671509645
0.000171126671509645
0.000171126671509645
0.000171126671509645
0.000171125397569247
0.000171125397569247
0.000171125397569247
0.000171125397569247
0.000171125397569247
0.000171125397569247
0.000171125397569247
0.000171125397569247
0.000171125397569247
0.000171125397569247
0.000171125397569247
0.000171125397569247
0.000171125397569247
0.000171125397569247
0.000171125397569247
0.000171125397569247
0.000171125397569247
0.000171125397569247
0.000171125397569247
0.000171125397569247
0.000171125397569247
0.000171125397569247
0.000171125397569247
0.000171125397569247
0.000171125397569247
0.000171125397569247
0.000171125397569247
0.000171125397569247
0.000171125397569247
0.000171125397569247
0.000171125397569247
0.000171125397569247
0.000171125397569247
0.000171125397569247
0.000171125397569247
0.000171125397569247
0.000171125397569247
0.000171125397569247
0.000171125397569247
0.000171125397569247
0.000171125397569247
0.000171125397569247
0.000171125397569247
0.000171125397569247
0.000171125397569247
0.000171125397569247
0.000171125397569247
0.000171125397569247
0.000171125397569247
0.000171125397569247
0.000171125397569247
0.000171125397569247
0.00017112808029899
0.00017112808029899
0.00017112808029899
0.00017112808029899
0.00017112808029899
0.00017112808029899
0.00017112808029899
0.00017112808029899
0.00017112808029899
0.00017112808029899
0.00017112808029899
0.00017112808029899
0.00017112808029899
0.00017112647048455
0.00017112647048455
0.00017112647048455
0.000171226404051547
0.000171227691991289
0.000171227691991289
0.00017112647048455
0.00017112647048455
0.00017112647048455
0.000171128402063528
0.000171125504364425
0.000171125504364425
0.000171126470153857
0.000171126148113834
0.000171125826294217
0.000171127758424293
0.000171213984859453
0.00017121784867868
0.00017121784867868
0.000171191809342405
0.000171191809342405
0.000171191809342405
0.000171191809342405
0.000171191809342405
0.000171191809342405
0.000171192131272197
0.000171191809342405
0.000171191809342405
0.000171191809342405
0.000171191487522787
0.000171191487522787
0.000171191487522787
0.000171191487522787
0.000171191487522787
0.000171191487522787
0.000171191487522787
0.000171191487522787
0.000171191487522787
0.00017121656062865
0.000171217204929271
0.000171191819628352
0.000171216882778961
0.000171191497588315
0.000171190521733355
0.000171190521733355
0.000171190531798883
0.000171190521733355
0.000171190521733355
0.000171190521733355
0.000171190521733355
0.000171190521733355
0.000171190521733355
0.000171190521733355
0.000171190521733355
0.000171190521733355
0.000171215594839218
0.000171215916989529
0.000171190521733355
0.000171190521733355
0.000171190521733355
0.000171190521733355
0.000171190521733355
0.000171190521733355
0.000171190521733355
0.000171190521733355
0.000171190521733355
0.000171190521733355
0.000171190521733355
0.000171190521733355
0.000171190521733355
0.000171190521733355
0.00017124035416523
0.000171240998576195
0.000171240998576195
0.000171240998576195
0.000171240998576195
0.000171240998576195
0.000171240998576195
0.000171240998576195
0.000171240998576195
0.000171240998576195
0.000171240998576195
0.000171240998576195
0.000171262531261887
0.000171262531261887
0.000171262531261887
0.000171262531261887
0.000171262531261887
0.000171262531261887
0.000171262531261887
0.000171262531261887
0.000171262531261887
0.000171262531261887
0.000171262531261887
0.000171262531261887
0.000171262531261887
0.000171262531261887
0.000171262531261887
0.000171262531261887
0.000171262531261887
0.000171262531261887
0.000171262531261887
0.000171262531261887
0.000171262531261887
0.000171262531261887
0.000171262690681745
0.000171262531261887
0.000171262531261887
0.000171263009603389
0.000171263009603389
0.000171262531261887
0.000171262212394865
0.000171262212394865
0.000171262212394865
0.000171262212394865
0.000171262531261887
0.000171262212394865
0.000171262212394865
0.000171262212394865
0.000171266145048701
0.000171288296330185
0.000171288296330185
0.000171288296330185
0.00017185883933734
0.000171288296330185
0.000171263168995933
0.000171262212394865
0.000171262531261887
0.000171262531261887
0.000171262212394865
0.000171262212394865
0.000171262212394865
0.000171262212394865
0.000171262212394865
0.000171262212394865
0.000171262212394865
0.000171262212394865
0.000171262212394865
0.000171262212394865
0.000171262212394865
0.000171262212394865
0.000171262212394865
0.000171262212394865
0.000171262212394865
0.000171262212394865
0.000171262212394865
0.000171262212394865
0.000171262212394865
0.000171262212394865
0.000171262212394865
0.000171262212394865
0.000171262212394865
0.000171262212394865
0.000171262212394865
0.000171262212394865
0.000171262212394865
0.000171262212394865
0.000171262212394865
0.000171262212394865
0.000171262212394865
0.000171262212394865
0.000171262212394865
0.000171262212394865
0.000171262212394865
0.000171262212394865
0.000171262212394865
0.000171262212394865
0.000171262212394865
0.000171263328470412
0.000171262531261887
0.000171262212394865
0.000171262212394865
0.000171262212394865
0.000171262212394865
0.000171262212394865
0.000171262212394865
0.000171262212394865
0.000171262212394865
0.000171262212394865
0.00017126253856922
0.00017126253856922
0.00017126253856922
0.00017126253856922
0.00017126253856922
0.00017126253856922
0.00017126253856922
0.00017126253856922
0.00017126253856922
0.00017126253856922
0.00017126253856922
0.00017126253856922
0.000171263027540533
0.000171263027540533
0.000171263027540533
0.00017126253856922
0.00017126253856922
0.00017126253856922
0.00017126253856922
0.00017126253856922
0.00017126253856922
0.00017126253856922
0.00017126253856922
0.00017126253856922
0.00017126253856922
0.00017126253856922
0.00017126253856922
0.00017126253856922
0.000171262212616263
0.000171262212616263
0.000171262212616263
0.000171262212616263
0.000171262212616263
0.000171262212616263
0.000171262212616263
0.000171262212616263
0.000171262212616263
0.000171262212616263
0.000171262212616263
0.000171266451596685
0.000171263679446446
0.000171263679446446
0.000171262864522176
0.000171262864522176
0.000171262212616263
0.000171262212616263
0.000171262212616263
0.000171262212616263
0.000171262202431923
0.000171262202431923
0.000171262202431923
0.000171262202431923
0.000171262202431923
0.000171262202431923
0.000171245160181701
0.000171242716385684
0.000171242390544355
0.000171242390544355
0.000171242390544355
0.000171242390544355
0.000171242390544355
0.000171242390544355
0.000171242390544355
0.000171242390544355
0.000171242390544355
0.000171242390544355
0.000171242390544355
0.000171242390544355
0.000171242064703027
0.000171242064703027
0.000171242064703027
0.000171242064703027
0.000171242064703027
0.000171242064703027
0.000171242064703027
0.000171242064703027
0.000171242064703027
0.000171242064703027
0.000171242064703027
0.000171242064703027
0.000171242064703027
0.000171242064703027
0.000171242064703027
0.000171242064703027
0.000171242064703027
0.000171242064703027
0.000171242064703027
0.000171242064703027
0.000171242064703027
0.000171242064703027
2.40213891587556e-05
2.21188016397297e-05
2.21188016397297e-05
2.21188016397297e-05
2.21188016397297e-05
2.21188016397297e-05
0
0
0
0
0
0
0
0
0
0
0
0
0
0
0
0
0
0
0
0
0
0
0.000152311201033802
0.000154172427954589
0.000154165597466599
0.000154165597466599
0.000154165597466599
0.000154165597466599
0.000154165597466599
0.000154165597466599
0.000154153285258714
0.000154153285258714
0.000148548282533331
0.000148548282533331
0.000150375111009867
0.000152208411145212
0.000152208399122093
0.000152209636784954
0.000154073330328497
0.000154063187402498
0.000154063187402498
0.000154063187402498
0.000154058102083042
0.000154058102083042
0.000154058102083042
0.000154038234839066
0.000154038234839066
0.000154038234839066
0.000154037924848335
0.000154038231928127
0.000154038541918859
0.000154038541918859
0.000154038541918859
0.000154038541918859
0.000154038541918859
0.000154038541918859
0.000154038541918859
0.000154038541918859
0.000154038541918859
0.000154037317101831
0.000154037317101831
0.000154037011154414
0.000154038235560394
0.000154038235560394
0.000154038541918859
0.000154038234839066
0.000154037924848335
0.000154037924848335
0.000154039151311622
0.000154039151311622
0.000154039151311622
0.000154037924023961
0.000154036685107241
0.000154036685107241
0.000154017017937428
0.000154017017937428
0.000154017017937428
0.000154017017937428
0.000154017017937428
0.000154017017937428
0.000154017017937428
0.000154017017937428
0.000154017017937428
0.000154017017937428
0.000154020101212332
0.000154020101212332
0.000154020101212332
0.000154022571575291
0.000154022571575291
0.000154022571575291
0.000154028142093795
0.000154028142093795
0.000154028142093795
0.000154028142093795
0.000154028142093795
0.000154028142093795
0
0
0
0
0
0
0
0
0
0
0
0
0
0
0
0
0
0
0
0
0
0
0
0
0
0
0
0
0
0
0
0
0
0
0
0
0
0
0
0
0
0
0
0
0
0
0
0
0
0
0
0
0
0
0
0
0
0
0
0
0
0
0
0
0
0
0
0
0
0
0
0
0
0
0
0
0
0
0
0
0
0
0
0
0
0
0
0
0
0
0
0
0
0
0
0
