0.0166483668315694
0.0166483668315694
0.0166483668315694
0.0166483668315694
0.0166483668315694
0.0166483668315694
0.016667675325935
0.016667675325935
0.0166484160522684
0.0166483668315694
0.0166407006789355
0.0166291567870213
0.016719413142077
0.0167116618909194
0.0167116618909194
0.0167116797561047
0.0167116797561047
0.0167020747338307
0.0167020747338307
0.0167020747338307
0.0167039957382855
0.0167020747338307
0.0167020747338307
0.0167021241019837
0.0167021241019837
0.0167021062367984
0.0167009755951822
0.0167009755951822
0.0167009755951822
0.0167057781063192
0.0169074835740742
0.0169026810629372
0.0167009755951822
0.0167048669806882
0.0167043109053311
0.0167004688964215
0.0168560702572611
0.0169021743641765
0.01671583693206
0.0167293457508976
0.0167120567108043
0.0168483862394418
0.0169016243187793
0.0166998694744279
0.0166998694744279
0.0166998201062749
0.0167247248276127
0.0169188146141232
0.0169130516007587
0.0173529979423947
0.0178036175405685
0.0172912148461361
0.0172948703807942
0.0171407631413008
0.0169115745776377
0.0167607678263759
0.0166925699507389
0.0166925699507389
0.0166923934771099
0.0168240484495625
0.0168048384050144
0.0169008965121682
0.0169163136947397
0.0169163136947397
0.0169163136947397
0.0168043606715176
0.0166948713020068
0.0168955396090074
0.0168955396090074
0.0168225335553113
0.0169147496535555
0.0169147496535555
0.0168225335553113
0.0169147496535555
0.0168955396090074
0.0168955396090074
0.0168647956533171
0.0168955556470822
0.0168899696864848
0.01688972744871
0.0169089374932581
0.0168165740046393
0.0168895800583353
0.0169087901028834
0.0169097014917869
0.0168309324247264
0.0168117223801783
0.0167973148467672
0.0167973148467672
0.0167964032936192
0.0167927555217504
0.01679659753066
0.0168119655662985
0.0168119655662985
0.0167927555217504
0.0168119655662985
0.0168088661959498
0.0168088661959498
0.0167896561514018
0.0167896561514018
0.0167896561514018
0.0167896561514018
0.0167897048957446
0.0167916259001994
0.0167897048957446
0.0167897048957446
0.0167897048957446
0.0167897048957446
0.0168041124291556
0.0168041124291556
0.0165879994279896
0.016588959930217
0.016587087021129
0.016587087021129
0.016587087021129
0.016587087021129
0.016587087021129
0.0166137841746973
0.0166121223054314
0.016612104440246
0.0167446093864234
0.016788792488884
0.0167924411800442
0.0167924411800442
0.0166205428991856
0.0166099457568373
0.0165992100929471
0.0165992100929471
0.0167585467273249
0.016600121875753
0.016600121875753
0.0167530557519659
0.0168164945589642
0.0165850438057137
0.0166051479351304
0.0165860044721857
0.0168165090124861
0.0166589597110827
0.0168063468419197
0.0165845019938471
0.0166767338622668
0.0166911445987629
0.0165989127303433
0.0165989127303433
0.0166911445987629
0.0166905943664171
0.0166905943664171
0.0161649798316664
0.0161649798316664
0.0162259297752654
0.0162250180092542
0.0162557672234677
0.0163066783564548
0.016346069871833
0.0162547186774284
0.0162547186774284
0.0162547186774284
0.0162547186774284
0.0162547186774284
0.0161624868090088
0.0162561731530265
0.0162556625321461
0.0161634306637265
0.0161628761952423
0.0162551080636619
0.0161628761952423
0.0161637879612535
0.0162242755847559
0.016369347806217
0.0163982170294946
0.0162550247989694
0.0162483013660266
0.0163150644929238
0.0163150644929238
0.0162228326245042
0.0162842583832536
0.0163148858007917
0.0162571969287653
0.0162513025946043
0.0163127852488105
0.016343534463024
0.0169538899484478
0.0171076044710736
0.0171076044710736
0.0171460316228969
0.0163339269767865
0.0162416951083668
0.0162282457777592
0.0162340097765911
0.0162340097765911
0.0170192300505529
0.0170192300505529
0.0171289214634747
0.0169145872069427
0.0163493687411655
0.0163820314012126
0.0163128634152306
0.0167740109266632
0.016712528272457
0.016712528272457
0.016712528272457
0.0167414494931893
0.0165211734491389
0.0164577536877681
0.0164635176865999
0.0164635176865999
0.0164635176865999
0.0165000230125349
0.016494259013703
0.0163559230417391
0.016257935061598
0.0164145273936124
0.0162329577333268
0.0164308550265529
0.016428933693609
0.016428933693609
0.0156335003759833
0.0165250062561389
0.0164846570319551
0.0163150187845278
0.0163042321912482
0.0163063511749979
0.0163428814874666
0.016346726783516
0.0163487072950927
0.016346784647068
0.016346784647068
0.016341016702994
0.016341016702994
0.016341016702994
0.0163429393510187
0.0163429393510187
0.0163295400745454
0.0164689320563341
0.0165549081342625
0.0164605663469701
0.0163244746276472
0.0164965516258553
0.016504242217954
0.0164580986653619
0.0163244746276472
0.0163167840355486
0.0163148613875239
0.016341776732201
0.016341776732201
0.0161341307455365
0.0161649010118435
0.016072606008747
0.0163081419918279
0.0161937407322136
0.0161668236598682
0.0161739750701111
0.0162374224549253
0.0161643618299878
0.0160354177546967
0.0160335296570815
0.0159412188568081
0.0162684656176128
0.0163267257306002
0.0161633006485031
0.0161627784673219
0.0160699667715636
0.0160699667715636
0.0160701151737986
0.0161642146954246
0.0162257239667927
0.0161334141563778
0.0161334141563778
0.0162257091594743
0.0162257091594743
0.0162256443769072
0.0162680603935835
0.0162095936853332
0.0166859969547397
0.0200349170534388
0.0200983317742786
0.0200983317742786
0.0161787292314968
0.0161479615982778
0.0162402723985511
0.0161575764836587
0.0160864263318397
0.0161787292314968
0.0161976072479983
0.0161787440388151
0.0163703830525383
0.0203522774546607
0.0213207984060103
0.021149483778048
0.0172728802452702
0.0172794484777266
0.0172794484777266
0.0173409837441647
0.0172986782484885
0.0172813714548028
0.0173436967161612
0.0173610035098469
0.0173610035098469
0.0173610035098469
0.0173604462928384
0.0174219815592765
0.0174219815592765
0.0174219815592765
0.0174758262340665
0.0178026383644587
0.0178026383644587
0.0179016716838825
0.0179010685183324
0.0176464208542838
0.0174203242492848
0.0172693705488039
0.0172789854341848
0.0172789854341848
0.0174280161575896
0.0174203242492848
0.017432950818633
0.017432950818633
0.0172724097085729
0.0172714967675948
0.0177002472770965
0.0177002472770965
0.0172499096651099
0.0172497575912549
0.0172491738443838
0.0172482607471336
0.0172476832010592
0.0172476832010592
0.0172476832010592
0.0172476637936626
0.0169006850118148
0.0169006850118148
0.0169001728279573
0.0169001728279573
0.0169226040506863
0.016927346123384
0.016927346123384
0.0169563138297481
0.0169667079463133
0.0169200350837505
0.0170171000895129
0.0170180620719663
0.0170180769249497
0.0169413452136178
0.0169135202414365
0.0169062025790812
0.0169724878685234
0.0170186314211155
0.0170186314211155
0.0170186314211155
0.016926336418019
0.0170185356851449
0.0170339168693422
0.0170318028477941
0.0169395078446976
0.016943323521041
0.017035809897661
0.017035809897661
0.0170358577615438
0.0169481363176897
0.0170404313207863
0.0170573541117003
0.0169554458684804
0.0170466276411404
0.0169362236366241
0.0170007282972451
0.0171238172639909
0.0170967760524383
0.0170948382629745
0.0170947006906945
0.0170946861776778
0.0170639106438425
0.0170944912123877
0.0170944912123877
0.0170329559459496
0.017110831910252
0.0171060512848997
0.0171550620186777
0.0170935267522396
0.0171550472062901
0.0170012011395786
0.0170012011395786
0.0170012011395786
0.0170012011395786
0.0170339088752049
0.0162928751152522
0.0163249408602364
0.0163249408602364
0.0163979627097429
0.0163249408602364
0.0163750246959471
0.0163022342052515
0.0163021763506939
0.0163021763506939
0.0163021763506939
0.0163021763506939
0.0163007050415395
0.0163007050415395
0.0163007050415395
0.0163007050415395
0.0163190184072916
0.0163007628960971
0.0163121725600825
0.0163121725600825
0.0163119412012715
0.0163112175901526
0.0163122992925899
0.0163145834560127
0.0163145834560127
0.0163123964409955
0.0163123191005823
0.0163383953256658
0.0163136209869244
0.0163136209869244
0.0163524638973105
0.0163091326248246
0.0163090579022792
0.0163090403309281
0.0163451715219855
0.0163067599600289
0.0163060521705048
0.0163107308355929
0.0164201574015991
0.0168028118239633
0.0168126088614308
0.0168126088614308
0.0164064318335378
0.0164064318335378
0.016419191219336
0.0164182473449174
0.0164162169640598
0.0164162169640598
0.0164162169640598
0.0164162169640598
0.0164162169640598
0.0163066935603852
0.0163060082057103
0.0163790175600338
0.0164155316093848
0.0163060082057103
0.0163790175600338
0.0163790175600338
0.0164155316093848
0.0164155316093848
0.016414853496364
0.016414853496364
0.0163879313756773
0.0165787358392961
0.0165787358392961
0.0165057264849726
0.0165863765325972
0.0163879313756773
0.0161552618766314
0.0162647852803059
0.0161554907348084
0.0162330631737771
0.0163425865774516
0.0162695772231281
0.0162689062375886
0.0162689062375886
0.0166088935524748
0.0164788081312687
0.0165056758343653
0.0163096820953562
0.0163827277638054
0.0164922511674799
0.0164584993012351
0.0162759013291234
0.0165263868603407
0.0157963636238675
0.0157938935998999
0.0158304045246532
0.0156831378446847
0.0157162985094013
0.0157162985094013
0.0157162985094013
0.0157299901061838
0.015702239584409
0.0157162985094013
0.0157162985094013
0.0157174402574175
0.0154090234982821
0.0153861885379578
0.0150938115266742
0.0154928117894083
0.0152931035887802
0.0163320666299268
0.016330165344658
0.0163289396763895
0.0163290355709628
0.0161560095024337
0.0158879061479606
0.0158879061479606
0.0158873033448711
0.0159500457587428
0.0159500457587428
0.015950237646428
0.015950237646428
0.015950237646428
0.0158893965178251
0.0159920659223425
0.0159992630654871
0.0160288368597735
0.0160251234583786
0.0160271238907356
0.0160317354757019
0.0160233144649466
0.0160226348117329
0.0160179926273076
0.0160239399586865
0.0160371195357283
0.0160456794454899
0.0163314039977269
0.0161990881826607
0.0162090634534817
0.0161988259768594
0.0162084571539859
0.0162084425061803
0.0162997276308951
0.0162179368882163
0.0162996633476359
0.0162996816894532
0.0162996633476359
0.0162996816894532
0.0162502214703659
0.0160448201653553
0.0161646372292894
0.0161646555711066
0.0162559223540042
0.0162559223540042
0.0160057825548185
0.0160970860213505
0.0160970676795333
0.016097128906251
0.0160781127996087
0.0159868276748939
0.0159868460167111
0.0160764771603042
0.0160962472894483
0.0159963865749272
0.016080065256985
0.0162265234780837
0.0162797685766823
0.0160886225049741
0.0160924257263025
0.016080065256985
0.0160876104729242
0.0160876104729242
0.0160876104729242
0.0160872876729549
0.0160875333557606
0.0159962794690053
0.0160875333557606
0.0160875333557606
0.0160827813623688
0.0163654332968875
0.0162447478719655
0.0163008265980872
0.0162970062196639
0.0159454219955616
0.0162105227847541
0.0162105046515566
0.0163321738980685
0.0162105046515566
0.0163720940577492
0.016304623148738
0.016341486211951
0.0161654653519974
0.0162551191177786
0.0162351552971717
0.0162101452305311
0.0162915959963943
0.016427606230034
0.0164428490729004
0.0164514211369651
0.01640497841315
0.0162842507534078
0.0168693742076347
0.0168965295813207
0.0169726676474042
0.0169041425385739
0.0169955032453299
0.0169194257895679
0.0171839912475858
0.0170184650590794
0.0168397347061896
0.0168892257787949
0.0168968387360482
0.0168892517006238
0.0168232283767499
0.0168498805775955
0.0168499288723845
0.0168580543120022
0.0168580543120022
0.0168846840257955
0.016884742647121
0.0168841396378552
0.0168574513027364
0.0168574513027364
0.0168669593560576
0.0168650577453933
0.0168686219422946
0.01689430034049
0.0168980228637615
0.0168971203024238
0.0168971203024238
0.0168990215876926
0.0168990215876926
0.0168762061644665
0.0168971203024238
0.0168971203024238
0.0168971203024238
0.0176153214664306
0.0176128226180295
0.0175976019178773
0.0174834863042891
0.0169022760682302
0.0169022760682302
0.0169022760682302
0.0169022760682302
0.0169018790096324
0.0169018790096324
0.0168905169056502
0.016894273868557
0.016894273868557
0.0168904690192766
0.016894273868557
0.017132399805543
0.0171514126582314
0.0169570201891793
0.0169494333837341
0.0169475137628351
0.0169475137628351
0.0169437111922974
0.0169208957690713
0.0170273755542842
0.0163859931546426
0.0163766343822713
0.0163765868705594
0.0163765868705594
0.0163765868705594
0.0163765868705594
0.0163765868705594
0.0163766343822713
0.0162852867174333
0.0163766343822713
0.0162852867174333
0.0162852867174333
0.0163766343822713
0.0162853035007031
0.0162852867174333
0.0162847526284749
0.0162761896813298
0.0162799961599564
0.0162828497151146
0.0169230239833528
0.0169567887562854
0.0169306057915832
0.0169876554157662
0.0169571806689419
0.0169096430028526
0.0169353099472725
0.0169353099472725
0.0169353280865549
0.016904889382971
0.0169353099472725
0.0169277048061971
0.0169353685485308
0.0169543879124701
0.0171132168561785
0.0171131582549202
0.0170941388909809
0.0169353099472725
0.017232478053329
0.017232478053329
0.0172622373010152
0.0173878541939133
0.0173878541939133
0.0173878541939133
0.0172027188056428
0.0172027188056428
0.0172019403162105
0.0172038002691909
0.0172038002691909
0.0172020715643327
0.0171326584516035
0.0171326584516035
0.0170043216959567
0.0170930946072682
0.017130293666876
0.017130293666876
0.0171303509941939
0.0173256842753466
0.0173963624886014
0.017171281431777
0.0171418795031804
0.0171269998793373
0.0171344396912588
0.0171289133378143
0.0171437929616574
0.0171270996794923
0.0171456992092962
0.0175434068286836
0.0181895953621295
0.0179396696291277
0.0179452335639341
0.0170953847523696
0.0170948548538669
0.0174582215973222
0.0180058910575605
0.0178764724330506
0.0178117368539692
0.0173684446178997
0.0171158808598904
0.0171158808598904
0.0171131335294208
0.0171427130243807
0.0171114862494574
0.0171114862494574
0.0171115302854243
0.0171217149984439
0.0171496627485191
0.0171421737679357
0.0171421737679357
0.0171123686190963
0.0171421737679357
0.0171351108149218
0.0171351108149218
0.017157477494397
0.0171518976354558
0.0171351580586323
0.0171732877317005
0.0171723571182401
0.0171723571182401
0.0171723571182401
0.0171688224449152
0.0171613826329936
0.0173138811066448
0.0174218539267874
0.0174358079544355
0.0173529439552339
0.0174133668599947
0.0174268501864524
0.0174305734358942
0.0173031481878725
0.0173152385977114
0.0173924539648204
0.0173774559823275
0.0173774559823275
0.0173772612924396
0.0173967812310743
0.0174265792329491
0.0173995807282042
0.0174079536883606
0.0174135271775998
0.0173697141522951
0.0173981342630548
0.017368316338755
0.0173729570529851
0.0173729570529851
0.0173729570529851
0.0173729570529851
0.0173729570529851
0.0173655172410636
0.0173654715531331
0.0173115764837155
0.0173412921643881
0.0173412921643881
0.0173412921643881
0.0173373620738967
0.0173581387900704
0.0173580912386641
0.0174166806928935
0.0174464514060433
0.0176036218916776
0.0173543499740936
0.0175135388586134
0.0175797783139402
0.0172988871956896
0.0172998648299408
0.017329624077627
0.017238870874071
0.017238870874071
0.0172983893694434
0.0172983893694434
0.0174887612463624
0.0172993654190227
0.0172975054660423
0.0174667994054696
0.0174909787942146
0.0172379869706699
0.0172379869706699
0.017445528649899
0.0171978293520912
0.0171978110089184
0.0173717930490086
0.0173717930490086
0.0173422102095358
0.0179685416920808
0.0172221629840557
0.0171812440184871
0.0171812440184871
0.0171849639244479
0.0171858484337032
0.0171858484337032
0.0171858484337032
0.0171858484337032
0.0171727984649622
0.0173072599185858
0.0173091397824594
0.0171188717894926
0.0170898307260015
0.0172693862553309
0.0173998777490722
0.0173998777490722
0.0172479467665535
0.0171280524781616
0.0172624908370534
0.0173249432180403
0.0172587886760429
0.0173222177632704
0.0173961171495743
0.0174400849017651
0.0172536860987334
0.017251826145753
0.0172598530537105
0.0173636650467125
0.0174010185748455
0.0173577992106054
0.0174144478138561
0.0173865485191503
0.0174144478138561
0.0173927364351238
0.0173899915119073
0.0173937139657489
0.017302573721829
0.017272537151788
0.0171127431687548
0.0171425100568127
0.0172020285521851
0.0172020285521851
0.0172006415806668
0.017118796009158
0.0171910816346534
0.0171910816346534
0.0171910816346534
0.0171910816346534
0.0171910816346534
0.0171910816346534
0.0171938238298732
0.0172458642525425
0.0171565788691122
0.0172458642525425
0.0171565788691122
0.0172235371764062
0.0173053827479149
0.0173128225598365
0.0173128225598365
0.0172216759494854
0.0172216759494854
0.0172216759494854
0.0172142361375638
0.0171621574541129
0.0171919167017992
0.0171621574541129
0.0173173588787009
0.0173173588787009
0.0173173116794019
0.0172571391346297
0.0172853450149917
0.0173058251556395
0.0173359114280255
0.0173396731776153
0.0173368192142343
0.0173368192142343
0.0173932300094167
0.0173556221689342
0.0172964066449422
0.0173482470340224
0.0172880744892502
0.0173181607616363
0.0173414889072308
0.0173416254288435
0.0172908200698189
0.0172580067489637
0.0179579807953634
0.0172862126293256
0.0179844128676122
0.0172661638479126
0.0172567158925211
0.0172557845688195
0.0172631966531396
0.0172784287322138
0.0173541146733607
0.0181699081260159
0.0181796591178067
0.0179701628870031
0.0178856914269614
0.0172867468196371
0.0172839701509947
0.0172839701509947
0.0172916755179422
0.0182046783466986
0.018204771410561
0.0182047253682027
0.0174062982952479
0.0173705541069903
0.0173762322033128
0.0172859720303683
0.0173748306901829
0.0173568057661103
0.017373414927354
0.0173539840295093
0.0173539840295093
0.0172655576352901
0.0172655576352901
0.0167487868600354
0.0167321759882201
0.017346951779245
0.0167008073763775
0.0175704700985283
0.0174189062513918
0.0175317902971873
0.0173409833680758
0.0173484482039439
0.017385803130214
0.0173831252397682
0.0174075344011208
0.0173604991672909
0.0172701439895967
0.0172701439895967
0.0173604682556873
0.0173604517416295
0.0167820280341571
0.0167651257738139
0.0172700965720673
0.0172700965720673
0.0172696734668453
0.0173298794938611
0.017360875705909
0.0172705679538762
0.0174202321590771
0.0174202321590771
0.0174221119066906
0.0174428068426398
0.0173336871226715
0.0173336871226715
0.0174248894343453
0.0174248894343453
0.0173772723423686
0.0173396993166184
0.017279472666686
0.0173698113522109
0.0173396967378709
0.0169381177632206
0.0169211797431999
0.0169664136448783
0.017429787315788
0.017429787315788
0.0169202786083547
0.0169202373702482
0.0167701506114654
0.0167608428830723
0.0167608428830723
0.0167608428830723
0.0167608428830723
0.0167541871999838
0.016696479283947
0.0167597718370196
0.016696479283947
0.0167560487456624
0.0167560487456624
0.0167549782504649
0.0167549782504649
0.0169476415639501
0.0168889575933743
0.0172434783181624
0.0172732630490202
0.0174082251107192
0.0173989173823262
0.0152491676985412
0.0150934832168973
0.0150937664946555
0.017063310554285
0.0171539670324182
0.0169205488147172
0.0174053356768516
0.0179003341754886
0.0177010847893741
0.0176977327422839
0.017008331561031
0.0169380955305569
0.0170934416257183
0.0172502718893015
0.0169959032854082
0.0169959032854082
0.0170033494681226
0.0168343645176542
0.0167926445331559
0.0171488828300676
0.0172131248129784
0.0173628807081853
0.0177891459609643
0.0175548111464331
0.0174020845656457
0.0176339763925277
0.017677381168619
0.0174401776604711
0.0169886020417492
0.0169698292540786
0.0170591911001158
0.0170610526457944
0.0170597262205688
0.0170690339489618
0.0170495027232879
0.017058810451681
0.0169927227137316
0.0169681361242799
0.0170248493617193
0.0170331295699657
0.0170955033914668
0.016984965271138
0.0170901502554434
0.0169710036785485
0.0170308226796878
0.0170391996352416
0.017068061246724
0.0170619934156881
0.0170480318230985
0.0170619477450127
0.0171398061943579
0.0171416677400365
0.0172152064478055
0.0171245498663322
0.0171245498663322
0.0171273438616306
0.0171128602663553
0.0171128602663553
0.0171128602663553
0.0170270439838323
0.0171164058298695
0.0171054140836408
0.0171240295404269
0.0171422421396966
0.0170724265232848
0.0171599268236434
0.0171535721732332
0.0171869441174509
0.0171846450963713
0.0172740069424085
0.0171999538854177
0.0171999538854177
0.0171105920393805
0.0170994218086258
0.0170994218086258
0.0171012833543044
0.0171012367158822
0.0167093507125708
0.0167093507125708
0.0167462407501286
0.0167169623660122
0.016726476932814
0.0167455060664175
0.0167531177198589
0.0167169623660122
0.016701595203019
0.0166806631560551
0.0166939835495776
0.016701595203019
0.016631214793425
0.0166597584938304
0.0166825934541546
0.0166730515026137
0.0166882748094966
0.0168157700046403
0.0159346942236985
0.0167208135522413
0.0167560245420059
0.0167579274553663
0.0167788595023302
0.0167588705379247
0.01719432078698
0.01719432078698
0.0171790974800972
0.0168476765842071
0.0164415553331728
0.0164416037261257
0.0164454095528464
0.0164587865811462
0.016639556509968
0.0166308962518923
0.0167339163700047
0.016830959083727
0.0165937413218239
0.016685088986662
0.0166755744198602
0.0165352510273057
0.0165768653880095
0.0169971377873718
0.0169797268232533
0.0169626006030101
0.0169968145810477
0.0169796883608045
0.0170405815883358
0.0170405815883358
0.0171028940433604
0.0170354905284063
0.0169228477858756
0.016999993208424
0.0170881504598762
0.0171502316063253
0.0166278718641127
0.0168122484832407
0.0167034628841164
0.0167015602965974
0.0166713011711216
0.0167017503922876
0.0166104183705128
0.0166399062774404
0.0167207738234587
0.0167807133973027
0.0165961496973259
0.016502915088032
0.0165866367597308
0.0165792166356702
0.0165867656960867
0.0165867656960867
0.0165867656960867
0.0164954336743118
0.0165715449959345
0.0163671937944498
0.0165369296422288
0.0165318547714761
0.0166293308676562
0.0165379988458814
0.0165379988458814
0.0166616748554797
0.0166293308676562
0.0166293308676562
0.0165379988458814
0.0165379988458814
0.0166293230467946
0.0166775310555069
0.0166597722679606
0.0165988816464902
0.0166293308676562
0.0165379988458814
0.0165729068565462
0.016525363998265
0.016525363998265
0.016434024156968
0.0164568521086755
0.0164625600338323
0.0164733415714394
0.0164733415714394
0.0164971252295988
0.0164685815291935
0.016473278851181
0.016473278851181
0.016473278851181
0.0165037254649467
0.0164656671977396
0.0165094342050277
0.0164961138115052
0.0164885021580638
0.0164428322374153
0.0164961138115052
0.0165265604252709
0.016521486499747
0.0164961130171267
0.0164909203096199
0.0165194483642833
0.0165193587272202
0.0164944908180981
0.0163747373118333
0.0163747373118333
0.0163747373118333
0.0163728343984729
0.0163728343984729
0.0163728343984729
0.0165545623802361
0.0165697856871189
0.0165469502377396
0.0164051839255989
0.0163880577053557
0.0164108931547351
0.0164413475920417
0.0167181720270992
0.0163727870578605
0.0164641347226985
0.0164641347226985
0.0164565230692571
0.0163651754044191
0.016386107451383
0.0164660376360589
0.0164341310971301
0.016455070967635
0.0164555376363128
0.0164536347229525
0.0163622870581144
0.0164536347229525
0.0163594611118288
0.0164347612605889
0.0163680263011223
0.0164568719392628
0.0164553798132076
0.0164357114808916
0.0164648943800093
0.0164809418960872
0.0165323205568168
0.0164485923689612
0.016463807852303
0.0164181379316545
0.016425749585096
0.0165846421174798
0.0166150887312455
0.016752106316732
0.0165836992175464
0.0165836992175464
0.0165913108709878
0.0164999632061498
0.0165018661195101
0.0165018661195101
0.0165018661195101
0.0164411623030911
0.0165602352416643
0.0164724588989754
0.0164386281522766
0.016481569813955
0.0165068255799507
0.0165068255799507
0.0165068255799507
0.0164452454577936
0.016485206638361
0.0165089952557363
0.0165805517414029
0.0166090954418083
0.0164892040765649
0.0165786410045016
0.0165501051276373
0.0165805517414029
0.0165805517414029
0.0165805517414029
0.0165501051276373
0.0165805517414029
0.0165177477769702
0.0165177477769702
0.0164892040765649
0.0164892040765649
0.0168063668755441
0.0169618515656533
0.0170217708236808
0.0170515555545386
0.0170609211289048
0.016907286481713
0.0168700555681408
0.0168961172076413
0.0168663324767836
0.0168365477459259
0.0168663324767836
0.0169097698187416
0.0169097698187416
0.0169008420028572
0.0169007955480501
0.0169007955480501
0.0169007955480501
0.0169007955480501
0.0169007955480501
0.0169007955480501
0.0168710108171923
0.0168710108171923
0.0170061972057887
0.0169243032212741
0.0169228635688672
0.016915418661184
0.016915418661184
0.016915418661184
0.016915418661184
0.0169152323471171
0.0169138084077097
0.0169138084077097
0.0161490978465408
0.0164632795770036
0.0164285274925903
0.0165178740356309
0.0164192213579863
0.0164192213579863
0.0165109176488319
0.0169870895656595
0.0169945344733427
0.0169945344733427
0.0170298977848376
0.0169479961494801
0.0170373426925207
0.0170005861055769
0.0169112395625363
0.0170005861055769
0.0170005395071054
0.0169112395625363
0.0169112395625363
0.0169298518317442
0.0170191983747848
0.0171664171272509
0.0170891446997226
0.0170080319740403
0.0170080319740403
0.0170973785170809
0.0170508401932184
0.0171894519852003
0.017200784909983
0.0172007686947699
0.0172405864528901
0.0170784788458379
0.017048715452104
0.0172424639168095
0.0172406026898887
0.0172406026898887
0.0172406667360875
0.0170487319423284
0.0172406667360875
0.0172406667360875
0.0172704463668201
0.0172406667360875
0.0170471627931771
0.0170769424239097
0.0172473543217178
0.0172765135434768
0.0172610020434502
0.0172709285870277
0.0172709285870277
0.0172318428216912
0.017259761225503
0.0172895408562356
0.017269067360107
0.017269067360107
0.017269067360107
0.0171667093199397
0.0171369296892071
0.0171518207796593
0.0171818499195314
0.017211629550264
0.0171818499195314
0.0171075787231465
0.0171373583538791
0.0171373583538791
