0.0203544061302682
0.0203544061302682
0.0201275458761847
0.0201275458761847
0.0201275458761847
0.0201275458761847
0.0201275458761847
0.0201275458761847
0.0201275458761847
0.0201275458761847
0.0201275458761847
0.0230011090945755
0.0230011090945755
0.0230011090945755
0.0215643274853801
0.0215643274853801
0.0215643274853801
0.0215643274853801
0.0215643274853801
0.0215643274853801
0.0215643274853801
0.0215643274853801
0.0215643274853801
0.0215643274853801
0.0215643274853801
0.0215643274853801
0.0215643274853801
0.0215643274853801
0.0215643274853801
0.0215643274853801
0.0215643274853801
0.0215643274853801
0.0215643274853801
0.0215643274853801
0.0215643274853801
0.0215643274853801
0.0215643274853801
0.0215643274853801
0.0215643274853801
0.0215643274853801
0.0215643274853801
0.0215643274853801
0.0215643274853801
0.0215643274853801
0.0215643274853801
0.0215643274853801
0.0215643274853801
0.0215643274853801
0.0215643274853801
0.0215643274853801
0.0215643274853801
0.0210470861060698
0.0210470861060698
0.0210470861060698
0.0210470861060698
0.0210470861060698
0.0232022585198629
0.0232022585198629
0.0232022585198629
0.0232022585198629
0.0229501915708812
0.0229501915708812
0.0229501915708812
0.0229501915708812
0.0229501915708812
0.0229501915708812
0.0229501915708812
0.0229501915708812
0.0229501915708812
0.0229501915708812
0.0229501915708812
0.0229501915708812
0.0229501915708812
0.0229501915708812
0.0229501915708812
0.0229501915708812
0.0229501915708812
0.0229501915708812
0.0229501915708812
0.0229501915708812
0.0229501915708812
0.0227850442594795
0.0227850442594795
0.0227850442594795
0.0227850442594795
0.0227850442594795
0.0227850442594795
0.0227850442594795
0.0227850442594795
0.0227850442594795
0.0227850442594795
0.0227850442594795
0.0227850442594795
0.0227850442594795
0.0227850442594795
0.0227850442594795
