0.068007662835249
0.068007662835249
0.068007662835249
0.068007662835249
0.068007662835249
0.068007662835249
0.068007662835249
0.068007662835249
0.068007662835249
0.068007662835249
0.068007662835249
0.0765086206896552
0.0765086206896552
0.0765086206896552
0.0834530651340996
0.0834530651340996
0.0834530651340996
0.0834530651340996
0.0834530651340996
0.0834530651340996
0.0834530651340996
0.0834530651340996
0.0834530651340996
0.0834530651340996
0.0834530651340996
0.0834530651340996
0.0870450191570881
0.0870450191570881
0.0870450191570881
0.0870450191570881
0.0870450191570881
0.0870450191570881
0.0870450191570881
0.0870450191570881
0.0870450191570881
0.0870450191570881
0.0870450191570881
0.0870450191570881
0.0870450191570881
0.0870450191570881
0.0870450191570881
0.0870450191570881
0.0870450191570881
0.0870450191570881
0.0870450191570881
0.0870450191570881
0.0870450191570881
0.0870450191570881
0.0870450191570881
0.0870450191570881
0.0870450191570881
0.0870450191570881
0.0870450191570881
0.0870450191570881
0.0870450191570881
0.0870450191570881
0.0856082375478927
0.0856082375478927
0.0856082375478927
0.0856082375478927
0.0856082375478927
0.0856082375478927
0.0856082375478927
0.0856082375478927
0.0856082375478927
0.0856082375478927
0.0856082375478927
0.0856082375478927
0.0856082375478927
0.0856082375478927
0.0856082375478927
0.0856082375478927
0.0856082375478927
0.0856082375478927
0.0856082375478927
0.0856082375478927
0.0856082375478927
0.0866858237547893
0.0877634099616858
0.0856082375478927
0.0856082375478927
0.0856082375478927
0.0856082375478927
0.0856082375478927
0.0856082375478927
0.0856082375478927
0.0856082375478927
0.0856082375478927
0.0856082375478927
0.0856082375478927
0.0856082375478927
0.0856082375478927
0.0856082375478927
0.0856082375478927
0.0856082375478927
0.0856082375478927
