0.00933908045977012
0.00933908045977012
0.00933908045977012
0.00933908045977012
0.00933908045977012
0.00933908045977012
0.00933908045977012
0.00933908045977012
0.00933908045977012
0.00933908045977012
0.00933908045977012
0.00933908045977012
0.00933908045977012
0.00933908045977012
0.00933908045977012
0.00933908045977012
0.00933908045977012
0.00933908045977012
0.00933908045977012
0.00933908045977012
0.00933908045977012
0.00933908045977012
0.00933908045977012
0.00933908045977012
0.00933908045977012
0.00933908045977012
0.00933908045977012
0.00933908045977012
0.00933908045977012
0.00933908045977012
0.00933908045977012
0.00933908045977012
0.00933908045977012
0.00933908045977012
0.00933908045977012
0.00933908045977012
0.00933908045977012
0.00933908045977012
0.00933908045977012
0.00933908045977012
0.00933908045977012
0.00933908045977012
0.00933908045977012
0.00933908045977012
0.00933908045977012
0.00933908045977012
0.00933908045977012
0.00933908045977012
0.00933908045977012
0.00933908045977012
0.00933908045977012
0.00933908045977012
0.00933908045977012
0.00933908045977012
0.00933908045977012
0.00933908045977012
0.00933908045977012
0.00933908045977012
0.00933908045977012
0.00933908045977012
0.00933908045977012
0.00933908045977012
0.00933908045977012
0.00933908045977012
0.00933908045977012
0.00933908045977012
0.00933908045977012
0.00933908045977012
0.00933908045977012
0.00933908045977012
0.00933908045977012
0.00933908045977012
0.00933908045977012
0.00933908045977012
0.00933908045977012
0.00933908045977012
0.00933908045977012
0.00826149425287356
0.00933908045977012
0.00933908045977012
0.00933908045977012
0.00933908045977012
0.00933908045977012
0.00933908045977012
0.00933908045977012
0.00933908045977012
0.00933908045977012
0.00933908045977012
0.00933908045977012
0.00933908045977012
0.00933908045977012
0.00933908045977012
0.00933908045977012
0.00933908045977012
0.00933908045977012
0.00933908045977012
