0.0676484674329502
0.0676484674329502
0.0676484674329502
0.0676484674329502
0.0676484674329502
0.0676484674329502
0.0676484674329502
0.0676484674329502
0.0676484674329502
0.0676484674329502
0.0676484674329502
0.0680475734355045
0.0680475734355045
0.0680475734355045
0.0680475734355045
0.0680475734355045
0.0680475734355045
0.0680475734355045
0.0680475734355045
0.0680475734355045
0.0680475734355045
0.0680475734355045
0.0680475734355045
0.0680475734355045
0.0680475734355045
0.0680475734355045
0.0680475734355045
0.0680475734355045
0.0709211366538953
0.0709211366538953
0.0709211366538953
0.0709211366538953
0.0709211366538953
0.0709211366538953
0.0709211366538953
0.0709211366538953
0.0709211366538953
0.0709211366538953
0.0709211366538953
0.0709211366538953
0.0709211366538953
0.0709211366538953
0.0709211366538953
0.0709211366538953
0.0709211366538953
0.0709211366538953
0.0709211366538953
0.0709211366538953
0.0709211366538953
0.0709211366538953
0.0709211366538953
0.0692049808429119
0.0692049808429119
0.0692049808429119
0.0692049808429119
0.0692049808429119
0.0692049808429119
0.0692049808429119
0.0692049808429119
0.0692049808429119
0.0692049808429119
0.0692049808429119
0.0684865900383142
0.0684865900383142
0.0684865900383142
0.0684865900383142
0.0684865900383142
0.0684865900383142
0.0684865900383142
0.0684865900383142
0.0684865900383142
0.0684865900383142
0.0684865900383142
0.0684865900383142
0.0684865900383142
0.0684865900383142
0.0684865900383142
0.0684865900383142
0.0684865900383142
0.0684865900383142
0.0684865900383142
0.0684865900383142
0.0684865900383142
0.0684865900383142
0.0684865900383142
0.0684865900383142
0.0684865900383142
0.0684865900383142
0.0684865900383142
0.0684865900383142
0.0656130268199234
0.0656130268199234
0.0622605363984674
0.0622605363984674
0.0622605363984674
0.0622605363984674
