0.118773946360153
0.118773946360153
0.118773946360153
0.118773946360153
0.118773946360153
0.118773946360153
0.118773946360153
0.118773946360153
0.118773946360153
0.118773946360153
0.118773946360153
0.142840038314176
0.142840038314176
0.142840038314176
0.144276819923372
0.144276819923372
0.144276819923372
0.144276819923372
0.144276819923372
0.144276819923372
0.144276819923372
0.144276819923372
0.144276819923372
0.144276819923372
0.144276819923372
0.144276819923372
0.150023946360153
0.150023946360153
0.151460727969349
0.151460727969349
0.151460727969349
0.151460727969349
0.151460727969349
0.151460727969349
0.151460727969349
0.151460727969349
0.151460727969349
0.151460727969349
0.151460727969349
0.151460727969349
0.151460727969349
0.151460727969349
0.151460727969349
0.151460727969349
0.151460727969349
0.151460727969349
0.151460727969349
0.151460727969349
0.151460727969349
0.151460727969349
0.151460727969349
0.15102969348659
0.150311302681992
0.150311302681992
0.150311302681992
0.150311302681992
0.145282567049808
0.145282567049808
0.145282567049808
0.145282567049808
0.145282567049808
0.145282567049808
0.145282567049808
0.145282567049808
0.140253831417625
0.140253831417625
0.140253831417625
0.140253831417625
0.140253831417625
0.145282567049808
0.145282567049808
0.145282567049808
0.145282567049808
0.145282567049808
0.145282567049808
0.145282567049808
0.145282567049808
0.14492337164751
0.145282567049808
0.145282567049808
0.145282567049808
0.145282567049808
0.145282567049808
0.145282567049808
0.145282567049808
0.145282567049808
0.145282567049808
0.145282567049808
0.145282567049808
0.145282567049808
0.143845785440613
0.143845785440613
0.143845785440613
0.143845785440613
0.143845785440613
0.143845785440613
