0.634578544061303
0.634578544061303
0.633860153256705
0.633860153256705
0.633860153256705
0.633860153256705
0.632064176245211
0.632064176245211
0.632064176245211
0.632064176245211
0.632064176245211
0.663952745849298
0.667884990253411
0.664860186865632
0.663423405256436
0.663423405256436
0.663423405256436
0.663423405256436
0.663423405256436
0.663423405256436
0.666448208644216
0.663423405256436
0.663423405256436
0.663423405256436
0.663423405256436
0.663423405256436
0.663423405256436
0.663423405256436
0.666448208644216
0.663423405256436
0.663423405256436
0.663423405256436
0.663423405256436
0.663423405256436
0.663423405256436
0.663423405256436
0.666448208644216
0.663423405256436
0.663423405256436
0.663423405256436
0.663423405256436
0.663423405256436
0.663423405256436
0.663423405256436
0.663423405256436
0.663423405256436
0.663423405256436
0.663423405256436
0.663423405256436
0.666448208644216
0.663423405256436
0.664153199089678
0.664153199089678
0.664153199089678
0.664153199089678
0.664153199089678
0.669181934721862
0.669181934721862
0.669181934721862
0.669181934721862
0.669232348111658
0.669232348111658
0.669232348111658
0.669232348111658
0.669950738916256
0.672345374931582
0.669950738916256
0.669950738916256
0.669950738916256
0.669232348111658
0.669232348111658
0.669232348111658
0.669232348111658
0.669232348111658
0.669232348111658
0.669232348111658
0.669232348111658
0.669232348111658
0.669232348111658
0.669232348111658
0.669232348111658
0.670058084668667
0.670058084668667
0.670058084668667
0.670058084668667
0.670058084668667
0.672039852405489
0.670058084668667
0.670058084668667
0.670058084668667
0.670058084668667
0.670058084668667
0.670058084668667
0.670058084668667
0.672039852405489
0.670058084668667
