0.000121312379376896
0.000121312379376896
0.000121312379376896
0.000132340777502068
0.000132340777502068
0.000132340777502068
0.000132340777502068
0.000132340777502068
0.000132340777502068
0.000132340777502068
0.000132340777502068
0.000132340777502068
0.000132340777502068
0.000132340777502068
0.000132340777502068
0.000132340777502068
0.000132340777502068
0.000132340777502068
0.000132340777502068
0.000132340777502068
0.000132340777502068
0.000132340777502068
0.000132340777502068
0.000132340777502068
0.000132340777502068
0.000132340777502068
0.000132340777502068
0.000132340777502068
0.000132340777502068
0.000132340777502068
0.000132340777502068
0.000132340777502068
0.000132340777502068
0.000132340777502068
0.000132340777502068
0.000132340777502068
0.000132340777502068
0.000132340777502068
0.000132340777502068
0.000132340777502068
0.000132340777502068
0.000132340777502068
0.000132340777502068
0.000132340777502068
0.000132340777502068
0.000132340777502068
0.000132340777502068
0.000132340777502068
0.000132340777502068
0.000132340777502068
0.000132340777502068
0.000132340777502068
0.000132340777502068
0.000132340777502068
0.000132340777502068
0.000132340777502068
0.000132340777502068
0.000132340777502068
0.000132340777502068
0.000132340777502068
0.000132340777502068
0.000132340777502068
0.000132340777502068
0.000132340777502068
0.000132340777502068
0.000132340777502068
0.000132340777502068
0.000132340777502068
0.000132340777502068
0.000132340777502068
0.000132340777502068
0.000132340777502068
0.000132340777502068
0.000132340777502068
0.000132340777502068
0.000132340777502068
0.000132340777502068
0.000132340777502068
0.000132340777502068
0.000132340777502068
0.000132340777502068
0.000132411979498572
0.000132340777502068
0.000132419890831517
0.000132427802164462
0.000132427802164462
0.000132427802164462
0.000132427802164462
0.000132427802164462
0.000132427802164462
0.000132427802164462
0.000132340777502068
0.000132340777502068
0.000132340777502068
0.000132340777502068
0.000132340777502068
