0.00143370757893829
0.00143370757893829
0.00143370757893829
0.00143370757893829
0.00143370757893829
0.00143370757893829
0.00143370757893829
0.00143370757893829
0.00143370757893829
0.00143370757893829
0.00143370757893829
0.00143370757893829
0.00143370757893829
0.00143370757893829
0.00143370757893829
0.00143370757893829
0.00143370757893829
0.00143370757893829
0.00143370757893829
0.00143370757893829
0.00143370757893829
0.00143370757893829
0.00143370757893829
0.00143370757893829
0.0014336917562724
0.00143370757893829
0.00143388162826308
0.00143370757893829
0.00143370757893829
0.00143370757893829
0.00143370757893829
0.00143370757893829
0.00143370757893829
0.00143370757893829
0.00143370757893829
0.00143370757893829
0.00143370757893829
0.00143370757893829
0.00143370757893829
0.00143370757893829
0.00143370757893829
0.00143370757893829
0.00143370757893829
0.00143370757893829
0.00143370757893829
0.00143370757893829
0.00143370757893829
0.00143370757893829
0.00143370757893829
0.00143370757893829
0.00143370757893829
0.00143370757893829
0.00143370757893829
0.00143370757893829
0.00143383479910412
0.00143370757893829
0.00143370757893829
0.00143370757893829
0.00143370757893829
0.00143370757893829
0.00143370757893829
0.00143370757893829
0.00143370757893829
0.00143370757893829
0.00143370757893829
0.00143370757893829
0.00143370757893829
0.00143373922427007
0.0014338342057002
0.00143380253765103
0.00143375504693596
0.00143375504693596
0.00143370757893829
0.00143370757893829
0.00143370757893829
0.00143370757893829
0.00143370757893829
0.00143370757893829
0.0014337710061022
0.00143370757893829
0.00143370757893829
0.00143470442960674
0.00143378669226774
0.00143472025227263
0.00143473607493852
0.00143473607493852
0.00143473607493852
0.00143473607493852
0.00143473607493852
0.00143473607493852
0.00143473607493852
0.00143372340160418
0.00143370757893829
0.00143370757893829
0.00143371812486048
0.00143370757893829