0.00505460311681321
0.00505460311681321
0.00505460311681321
0.0050987167093139
0.0050987167093139
0.0050987167093139
0.0050987167093139
0.0050987167093139
0.0050987167093139
0.0050987167093139
0.0050987167093139
0.0050987167093139
0.0050987167093139
0.0050987167093139
0.0050987167093139
0.0050987167093139
0.0050987167093139
0.0050987167093139
0.0050987167093139
0.0050987167093139
0.0050987167093139
0.0050987167093139
0.0050987167093139
0.0050987167093139
0.00514283030181459
0.0050987167093139
0.00509908375958881
0.0050987167093139
0.0050987167093139
0.0050987167093139
0.0050987167093139
0.0050987167093139
0.0050987167093139
0.0050987167093139
0.0050987167093139
0.0050987167093139
0.0050987167093139
0.0050987167093139
0.0050987167093139
0.0050987167093139
0.0050987167093139
0.0050987167093139
0.0050987167093139
0.0050987167093139
0.0050987167093139
0.0050987167093139
0.0050987167093139
0.0050987167093139
0.0050987167093139
0.0050987167093139
0.0050987167093139
0.0050987167093139
0.0050987167093139
0.0050987167093139
0.00509932100510158
0.0050987167093139
0.0050987167093139
0.0050987167093139
0.0050987167093139
0.0050987167093139
0.0050987167093139
0.0050987167093139
0.0050987167093139
0.0050987167093139
0.0050987167093139
0.0050987167093139
0.0050987167093139
0.00509879186697687
0.00509913220763592
0.00509906887153757
0.00509889866997163
0.00509889866997163
0.0050987167093139
0.0050987167093139
0.0050987167093139
0.0050987167093139
0.0050987167093139
0.0050987167093139
0.00509884356364172
0.0050987167093139
0.0050987167093139
0.00510183489283198
0.00509896196063519
0.0051018744494967
0.0051019179618279
0.0051019179618279
0.0051019179618279
0.0051019179618279
0.0051019179618279
0.0051019179618279
0.0051019179618279
0.00509876022164509
0.0050987167093139
0.0050987167093139
0.0050987167093139
0.0050987167093139
