0.0424350418338144
0.0424350418338144
0.0424350418338144
0.0411061198597311
0.0412825742297339
0.0410399494709801
0.040973779082229
0.040973779082229
0.040973779082229
0.040973779082229
0.040973779082229
0.040973779082229
0.040973779082229
0.040973779082229
0.040973779082229
0.040973779082229
0.040973779082229
0.041706964895674
0.041706964895674
0.0415305105256713
0.0415442960233278
0.0415636036313798
0.0416077172238804
0.0415636036313798
0.0415773891290362
0.0415525752332546
0.0415231895892476
0.0415525752332546
0.0415525752332546
0.0415525752332546
0.0415525752332546
0.0417088108733612
0.0417088108733612
0.0417088108733612
0.0417088108733612
0.0416150694892972
0.0416150694892972
0.0416150694892972
0.0416150694892972
0.0415525752332546
0.0415746320295049
0.0415636036313798
0.0415746320295049
0.0415746320295049
0.0415746320295049
0.0415525673219216
0.0415525673219216
0.0415525673219216
0.0415415389237965
0.0417841636825502
0.0418062204788006
0.0424238107738102
0.0424679243663109
0.0418503340713013
0.0419398493604817
0.0419385612563027
0.0418089775783319
0.041941318355834
0.0418089775783319
0.0422574657687556
0.0421251249912535
0.049954386400238
0.0498303169213298
0.0498716734142992
0.0498275598217985
0.0482026975991195
0.0475435755042338
0.0449487760754031
0.0467094835754918
0.0447581650348519
0.04480204234183
0.0446917583605783
0.044496517901707
0.0450148526135901
0.0443531487260797
0.0443862339204552
0.0442980067354539
0.0448714834379628
0.0443531487260797
0.0443053590008706
0.0447575233240027
0.0446090081653848
0.0444502273740909
0.0451887051534217
0.0438588100853862
0.0433013640138359
0.0432266913649288
0.0426969485109392
0.0426969485109392
0.0427190211298554
0.0425424401785255
0.0427146196684072
0.0428359320477841
0.0428469604459093
0.0432117221375886
0.043310344296739
