0.0238166530324599
0.0238166530324599
0.0238166530324599
0.0241530191752777
0.0241530191752777
0.0238868714170546
0.0261320694687042
0.0260438422837029
0.0260438422837029
0.0260438422837029
0.0260438422837029
0.0260438422837029
0.0260438422837029
0.0260438422837029
0.0260438422837029
0.0260438422837029
0.0260438422837029
0.0260658990799532
0.0260658990799532
0.0258894447099505
0.0258894447099505
0.025894958909013
0.025894958909013
0.025894958909013
0.025894958909013
0.025894958909013
0.0259083163169164
0.0259059873071382
0.0259059873071382
0.0259059873071382
0.0259059873071382
0.0255328598372365
0.0255328598372365
0.0255328598372365
0.0255328598372365
0.0257203426053645
0.0257203426053645
0.0257203426053645
0.0257203426053645
0.0258784163118253
0.0261666366889646
0.0261776650870898
0.026188693485215
0.0264879185264806
0.0264879185264806
0.0266588586974208
0.026482404327418
0.0266588586974208
0.0261721508880272
0.0263610122059208
0.024268817355592
0.0244452717255947
0.0243129309480927
0.024268817355592
0.0241389573713236
0.024268817355592
0.0242247037630913
0.0243570445405934
0.0242247037630913
0.0243460161424682
0.0242136753649661
0.0131525037496414
0.0130091345740141
0.0131414753515162
0.0130091345740141
0.0162937575520313
0.0172534034958279
0.0198963405853939
0.0202604996619861
0.0209308623520346
0.0207673763647927
0.0208556035497941
0.0211049852156737
0.0209123601116184
0.0208682465191177
0.0208682465191177
0.0207359057416157
0.0209123601116184
0.0208686270821012
0.021718237328786
0.0210896186356511
0.0210962913176633
0.0211678419401437
0.0212673185132658
0.0210742503440788
0.0212287349424936
0.0218047664418109
0.0217164759661459
0.0217164759661459
0.021628185490481
0.021628185490481
0.0217970216176662
0.0217197911854582
0.0217197911854582
0.0214301511867055
0.0214521772240162
