0.00430107526881721
0.00430107526881721
0.00430107526881721
0.00430107526881721
0.00430107526881721
0.00430107526881721
0.00430107526881721
0.00430107526881721
0.00430107526881721
0.00430107526881721
0.00430107526881721
0.00430107526881721
0.00430107526881721
0.00430107526881721
0.00430107526881721
0.00430107526881721
0.00430107526881721
0.00430107526881721
0.00430107526881721
0.00430107526881721
0.00430107526881721
0.00430107526881721
0.00430107526881721
0.00430107526881721
0.00430107526881721
0.00430107526881721
0.00430140754480089
0.00430107526881721
0.00430107526881721
0.00430107526881721
0.00430107526881721
0.00430107526881721
0.00430107526881721
0.00430107526881721
0.00430107526881721
0.00430107526881721
0.00430107526881721
0.00430107526881721
0.00430107526881721
0.00430107526881721
0.00430107526881721
0.00430107526881721
0.00430107526881721
0.00430107526881721
0.00430107526881721
0.00430107526881721
0.00430107526881721
0.00430107526881721
0.00430107526881721
0.00430107526881721
0.00430107526881721
0.00430107526881721
0.00430107526881721
0.00430107526881721
0.00430107526881721
0.00430107526881721
0.00430107526881721
0.00430107526881721
0.00430107526881721
0.00430107526881721
0.00430107526881721
0.00430107526881721
0.00430107526881721
0.00430107526881721
0.00430107526881721
0.00430107526881721
0.00430107526881721
0.00430107526881721
0.00430126514080788
0.00430121767281021
0.00430112273681487
0.00430112273681487
0.00430107526881721
0.00430107526881721
0.00430107526881721
0.00430107526881721
0.00430107526881721
0.00430107526881721
0.00430107526881721
0.00430107526881721
0.00430107526881721
0.00430378094468436
0.00430121767281021
0.00430382841268202
0.00430387588067969
0.00430387588067969
0.00430387588067969
0.00430387588067969
0.00430387588067969
0.00430387588067969
0.00430387588067969
0.00430107526881721
0.00430107526881721
0.00430107526881721
0.00430107526881721
0.00430107526881721