0.00143372340160418
0.00143372340160418
0.00143372340160418
0.00143372340160418
0.00143372340160418
0.00143372340160418
0.00143372340160418
0.00143372340160418
0.00143372340160418
0.00143372340160418
0.00143372340160418
0.00143372340160418
0.00143372340160418
0.00143372340160418
0.00143372340160418
0.00143372340160418
0.00143372340160418
0.00143372340160418
0.00143372340160418
0.00143372340160418
0.00143372340160418
0.00143372340160418
0.00143372340160418
0.00143372340160418
0.00143372340160418
0.00143372340160418
0.00143389747364636
0.00143372340160418
0.00143372340160418
0.00143372340160418
0.00143372340160418
0.00143372340160418
0.00143372340160418
0.00143372340160418
0.00143372340160418
0.00143372340160418
0.00143372340160418
0.00143372340160418
0.00143372340160418
0.00143372340160418
0.00143372340160418
0.00143372340160418
0.00143372340160418
0.00143372340160418
0.00143372340160418
0.00143372340160418
0.00143372340160418
0.00143372340160418
0.00143372340160418
0.00143372340160418
0.00143372340160418
0.00143372340160418
0.00143372340160418
0.00143372340160418
0.00143385062177001
0.00143372340160418
0.00143372340160418
0.00143372340160418
0.00143372340160418
0.00143372340160418
0.00143372340160418
0.00143372340160418
0.00143372340160418
0.00143372340160418
0.00143372340160418
0.00143372340160418
0.00143372340160418
0.00143375504693596
0.00143385002836609
0.00143381836031691
0.00143377086960185
0.00143377086960185
0.00143372340160418
0.00143372340160418
0.00143372340160418
0.00143372340160418
0.00143372340160418
0.00143372340160418
0.00143378682876809
0.00143372340160418
0.00143372340160418
0.00143467278427496
0.00143380251493363
0.00143468860694085
0.00143470442960674
0.00143470442960674
0.00143470442960674
0.00143470442960674
0.00143470442960674
0.00143470442960674
0.00143470442960674
0.00143373922427007
0.00143372340160418
0.00143372340160418
0.00143373394752637
0.00143372340160418
