0.0122729052128375
0.0122729052128375
0.0122618768147124
0.0122729052128375
0.0122729052128375
0.0121212647386164
0.0121212647386164
0.0121212647386164
0.0121212647386164
0.0121212647386164
0.0121212647386164
0.0121212647386164
0.0121212647386164
0.0121212647386164
0.0121212647386164
0.0121212647386164
0.0120945321315189
0.0120724753352686
0.0120614469371434
0.0120614469371434
0.0120614469371434
0.0120614469371434
0.0120063049465175
0.0120504185390182
0.0120504185390182
0.0120504185390182
0.0120526085558892
0.0120504185390182
0.0120504185390182
0.0120504185390182
0.0120504185390182
0.0122213587099584
0.0122213587099584
0.0122213587099584
0.0122213587099584
0.0121386457240196
0.0121386457240196
0.0121386457240196
0.0121386457240196
0.0120504185390182
0.0120504185390182
0.0120504185390182
0.0120504185390182
0.0120504185390182
0.0120504185390182
0.0120504185390182
0.0120504185390182
0.0120504185390182
0.0120504185390182
0.0122066541791248
0.0122020590132394
0.0122020590132394
0.01224617260574
0.0122020590132394
0.01224617260574
0.0122020590132394
0.0122020590132394
0.0122020590132394
0.0122020590132394
0.0121469170226135
0.0121358886244883
0.0146327490371608
0.0146327490371608
0.0146327490371608
0.0146327490371608
0.0136980922960524
0.0134085968452666
0.0129216909991276
0.0131151531461641
0.0125827437839366
0.0126758601726979
0.0126648317745728
0.0126537638197829
0.0126537638197829
0.0126537638197829
0.0126537638197829
0.0126537638197829
0.0124607668525924
0.012504928015466
0.0124111390610291
0.0124221674591542
0.0123754948091119
0.0123899248217374
0.0126299667889507
0.0123432284376962
0.0123542647471543
0.0124326918004999
0.0123002560870025
0.0123002560870025
0.0122781834680862
0.0122781834680862
0.0123134756336577
0.0122691484351675
0.0122691484351675
0.0121700290702025
0.0121772451174577