0.000595533498759305
0.000595533498759305
0.000595533498759305
0.000606561896884478
0.000606561896884478
0.000606561896884478
0.000606561896884478
0.000606561896884478
0.000606561896884478
0.000606561896884478
0.000606561896884478
0.000606561896884478
0.000606561896884478
0.000606561896884478
0.000606561896884478
0.000606561896884478
0.000606561896884478
0.000606561896884478
0.000606561896884478
0.000606561896884478
0.000606561896884478
0.000606561896884478
0.000606561896884478
0.000606561896884478
0.000606561896884478
0.000606561896884478
0.000606617276215092
0.000606561896884478
0.000606561896884478
0.000606561896884478
0.000606561896884478
0.000606561896884478
0.000606561896884478
0.000606561896884478
0.000606561896884478
0.000606561896884478
0.000606561896884478
0.000606561896884478
0.000606561896884478
0.000606561896884478
0.000606561896884478
0.000606561896884478
0.000606561896884478
0.000606561896884478
0.000606561896884478
0.000606561896884478
0.000606561896884478
0.000606561896884478
0.000606561896884478
0.000606561896884478
0.000606561896884478
0.000606561896884478
0.000606561896884478
0.000606561896884478
0.000606561896884478
0.000606561896884478
0.000606561896884478
0.000606561896884478
0.000606561896884478
0.000606561896884478
0.000606561896884478
0.000606561896884478
0.000606561896884478
0.000606561896884478
0.000606561896884478
0.000606561896884478
0.000606561896884478
0.000595533498759305
0.000573484613841905
0.000584513011967078
0.000584505100634133
0.000584505100634133
0.000606561896884478
0.000606561896884478
0.000606561896884478
0.000606561896884478
0.000606561896884478
0.000606561896884478
0.000606561896884478
0.000606561896884478
0.000606561896884478
0.000606957463531722
0.000606593542216257
0.000606965374864667
0.000606973286197612
0.000606973286197612
0.000606973286197612
0.000606973286197612
0.000606973286197612
0.000606973286197612
0.000606973286197612
0.000606561896884478
0.000606561896884478
0.000606561896884478
0.000606561896884478
0.000606561896884478