0.000595533498759305
0.000595533498759305
0.000595533498759305
0.000584505100634133
0.000584505100634133
0.000584505100634133
0.000584505100634133
0.000584505100634133
0.000584505100634133
0.000584505100634133
0.000584505100634133
0.000584505100634133
0.000584505100634133
0.000584505100634133
0.000584505100634133
0.000584505100634133
0.000584505100634133
0.000584505100634133
0.000584505100634133
0.000584505100634133
0.000584505100634133
0.000584505100634133
0.000584505100634133
0.000584505100634133
0.000584505100634133
0.000584505100634133
0.000584536745965912
0.000584505100634133
0.000584505100634133
0.000584505100634133
0.000584505100634133
0.000584505100634133
0.000584505100634133
0.000584505100634133
0.000584505100634133
0.000584505100634133
0.000584505100634133
0.000584505100634133
0.000584505100634133
0.000584505100634133
0.000584505100634133
0.000584505100634133
0.000584505100634133
0.000584505100634133
0.000584505100634133
0.000584505100634133
0.000584505100634133
0.000584505100634133
0.000584505100634133
0.000584505100634133
0.000584505100634133
0.000584505100634133
0.000584505100634133
0.000584505100634133
0.000584505100634133
0.000584505100634133
0.000584505100634133
0.000584505100634133
0.000584505100634133
0.000584505100634133
0.000584505100634133
0.000584505100634133
0.000584505100634133
0.000584505100634133
0.000584505100634133
0.000584505100634133
0.000584505100634133
0.000584505100634133
0.000584528834632968
0.000584520923300023
0.000584513011967078
0.000584513011967078
0.000584505100634133
0.000584505100634133
0.000584505100634133
0.000584505100634133
0.000584505100634133
0.000584505100634133
0.000584505100634133
0.000584505100634133
0.000584505100634133
0.000584876933282543
0.000584513011967078
0.000584876933282543
0.000584876933282543
0.000584876933282543
0.000584876933282543
0.000584876933282543
0.000584876933282543
0.000584876933282543
0.000584876933282543
0.000584505100634133
0.000584505100634133
0.000584505100634133
0.000584505100634133
0.000584505100634133