0.00382007527273552
0.00382007527273552
0.00382007527273552
0.00386418886523621
0.00386418886523621
0.00387521726336139
0.00387521726336139
0.00387521726336139
0.00387521726336139
0.00387521726336139
0.00387521726336139
0.00387521726336139
0.00387521726336139
0.00387521726336139
0.00387521726336139
0.00387521726336139
0.00387521726336139
0.00387521726336139
0.00387521726336139
0.00387521726336139
0.00387521726336139
0.00387521726336139
0.00387521726336139
0.00387521726336139
0.00387521726336139
0.00387521726336139
0.00379822348295929
0.00387521726336139
0.00387521726336139
0.00387521726336139
0.00387521726336139
0.00387521726336139
0.00387521726336139
0.00387521726336139
0.00387521726336139
0.00387521726336139
0.00387521726336139
0.00387521726336139
0.00387521726336139
0.00387521726336139
0.00387521726336139
0.00387521726336139
0.00387521726336139
0.00387521726336139
0.00387521726336139
0.00387521726336139
0.00387521726336139
0.00387521726336139
0.00387521726336139
0.00387521726336139
0.00386418886523621
0.00386418886523621
0.00386418886523621
0.00386418886523621
0.0038645705257337
0.00386418886523621
0.00386418886523621
0.00386418886523621
0.00386418886523621
0.00386418886523621
0.00386418886523621
0.00386418886523621
0.00386418886523621
0.00386418886523621
0.00386418886523621
0.00386418886523621
0.00386418886523621
0.00386426797856566
0.00386453708883146
0.00386445791870853
0.00386433126922922
0.00386433126922922
0.00386418886523621
0.00386418886523621
0.00386418886523621
0.00386418886523621
0.00386418886523621
0.00386418886523621
0.00386434743314599
0.00386418886523621
0.00386418886523621
0.00385571137940509
0.00386439455989278
0.00385571137940509
0.00385571137940509
0.00385571137940509
0.00385571137940509
0.00385571137940509
0.00385571137940509
0.00385571137940509
0.00385571137940509
0.00386422842190094
0.00386418886523621
0.00386418886523621
0.00386421523004168
0.00386418886523621
