0.00215239152342869
0.00215239152342869
0.00215239152342869
0.00217444831967903
0.00217444831967903
0.00217444831967903
0.00217444831967903
0.00217444831967903
0.00217444831967903
0.00217444831967903
0.00217444831967903
0.00217444831967903
0.00217444831967903
0.00217444831967903
0.00217444831967903
0.00217444831967903
0.00217444831967903
0.00217444831967903
0.00217444831967903
0.00217444831967903
0.00217444831967903
0.00217444831967903
0.00217444831967903
0.00217444831967903
0.00216341992155386
0.00217444831967903
0.0021746540143356
0.00217444831967903
0.00217444831967903
0.00217444831967903
0.00217444831967903
0.00217444831967903
0.00217444831967903
0.00217444831967903
0.00217444831967903
0.00217444831967903
0.00217444831967903
0.00217444831967903
0.00217444831967903
0.00217444831967903
0.00217444831967903
0.00217444831967903
0.00217444831967903
0.00217444831967903
0.00217444831967903
0.00217444831967903
0.00217444831967903
0.00217444831967903
0.00217444831967903
0.00217444831967903
0.00217444831967903
0.00217444831967903
0.00215239152342869
0.00215239152342869
0.00215251874359451
0.00215239152342869
0.00215239152342869
0.00215239152342869
0.00215239152342869
0.00215239152342869
0.00215239152342869
0.00215239152342869
0.00215239152342869
0.00215239152342869
0.00215239152342869
0.00215239152342869
0.00215239152342869
0.00215243108009341
0.00215250232752471
0.00215247065947553
0.00215242316876047
0.00215242316876047
0.00215239152342869
0.00215239152342869
0.00215239152342869
0.00215239152342869
0.00215239152342869
0.00215239152342869
0.0021524549505926
0.00215239152342869
0.00217444831967903
0.00217582623288433
0.00217453534434143
0.00217584205555022
0.00217586578954905
0.00217586578954905
0.00217586578954905
0.00217586578954905
0.00217586578954905
0.00217586578954905
0.00217586578954905
0.00217447205367787
0.00217444831967903
0.00217444831967903
0.00217448523040668
0.00217444831967903
