2.20567962503446e-05
2.20567962503446e-05
2.20567962503446e-05
2.20567962503446e-05
2.20567962503446e-05
2.20567962503446e-05
2.20567962503446e-05
2.20567962503446e-05
2.20567962503446e-05
2.20567962503446e-05
2.20567962503446e-05
2.20567962503446e-05
2.20567962503446e-05
2.20567962503446e-05
2.20567962503446e-05
2.20567962503446e-05
2.20567962503446e-05
2.20567962503446e-05
2.20567962503446e-05
2.20567962503446e-05
2.20567962503446e-05
2.20567962503446e-05
2.20567962503446e-05
2.20567962503446e-05
2.20567962503446e-05
2.20567962503446e-05
2.20567962503446e-05
2.20567962503446e-05
2.20567962503446e-05
2.20567962503446e-05
2.20567962503446e-05
2.20567962503446e-05
2.20567962503446e-05
2.20567962503446e-05
2.20567962503446e-05
2.20567962503446e-05
2.20567962503446e-05
2.20567962503446e-05
2.20567962503446e-05
2.20567962503446e-05
2.20567962503446e-05
2.20567962503446e-05
2.20567962503446e-05
2.20567962503446e-05
2.20567962503446e-05
2.20567962503446e-05
2.20567962503446e-05
2.20567962503446e-05
2.20567962503446e-05
2.20567962503446e-05
2.20567962503446e-05
2.20567962503446e-05
3.3085194375517e-05
3.3085194375517e-05
3.3085194375517e-05
3.3085194375517e-05
3.3085194375517e-05
3.3085194375517e-05
3.3085194375517e-05
3.3085194375517e-05
3.3085194375517e-05
1.10283981251723e-05
1.10283981251723e-05
1.10283981251723e-05
1.10283981251723e-05
1.10283981251723e-05
1.10283981251723e-05
1.10283981251723e-05
1.10283981251723e-05
1.10283981251723e-05
1.10283981251723e-05
1.10283981251723e-05
1.10283981251723e-05
1.10283981251723e-05
1.10283981251723e-05
1.10283981251723e-05
1.10283981251723e-05
1.10283981251723e-05
1.10283981251723e-05
1.10283981251723e-05
1.10283981251723e-05
1.10363094581172e-05
1.10283981251723e-05
1.10363094581172e-05
1.10363094581172e-05
1.10363094581172e-05
1.10363094581172e-05
1.10363094581172e-05
1.10363094581172e-05
1.10363094581172e-05
1.10363094581172e-05
1.10283981251723e-05
1.10283981251723e-05
1.10283981251723e-05
1.10283981251723e-05
1.10283981251723e-05
