0.238968633705476
0.238968633705476
0.238968633705476
0.238968633705476
0.238968633705476
0.238968633705476
0.238968633705476
0.238968633705476
0.238968633705476
0.238968633705476
0.238968633705476
0.238968633705476
0.238968633705476
0.238968633705476
0.238968633705476
0.238968633705476
0.238968633705476
0.238968633705476
0.238968633705476
0.238968633705476
0.238968633705476
0.238968633705476
0.238968633705476
0.238968633705476
0.238968633705476
0.238968633705476
0.238968633705476
0.238968633705476
0.238968633705476
0.238968633705476
0.238968633705476
0.238968633705476
0.238968633705476
0.238968633705476
0.238968633705476
0.238968633705476
0.238968633705476
0.238968633705476
0.238968633705476
0.238968633705476
0.238968633705476
0.238968633705476
0.238968633705476
0.238968633705476
0.238968633705476
0.238968633705476
0.238968633705476
0.238968633705476
0.238968633705476
0.238968633705476
0.238968633705476
0.238968633705476
0.238968633705476
0.238968633705476
0.238968633705476
0.238968633705476
0.238968633705476
0.238968633705476
0.238968633705476
0.238968633705476
0.238968633705476
0.238968633705476
0.238968633705476
0.238968633705476
0.238968633705476
0.238968633705476
0.238968633705476
0.238968633705476
0.238968633705476
0.238968633705476
0.238968633705476
0.238968633705476
0.238968633705476
0.238968633705476
0.238968633705476
0.238968633705476
0.238968633705476
0.238968633705476
0.238968633705476
0.238968633705476
0.222488038277512
0.222488038277512
0.222488038277512
0.222488038277512
0.222488038277512
0.222488038277512
0.238968633705476
0.238968633705476
0.238968633705476
0.238968633705476
0.238968633705476
0.238968633705476
0.238968633705476
0.238968633705476
0.238968633705476
0.238968633705476