0.0298413833821474
0.0298413833821474
0.0392519646474352
0.0298455143050356
0.0298455143050356
0.0298455143050356
0.0298455143050356
0.0298478428808199
0.0298413833821474
0.0298412681546645
0.0298412681546645
0.0298412681546645
0.0298412681546645
0.0298412681546645
0.0298412681546645
0.0298412681546645
0.0298412681546645
0.0298412681546645
0.0298412681546645
0.0298412681546645
0.0298412681546645
0.028693779262772
0.00228910548617354
0.00228950637445398
0.0022876883416286
0.0261238535747557
0.0261238535747557
0.00228550001322029
0.00229044998194375
0.00230733961787365
0.00224258630058974
0.00224258630058974
0.00224139543408595
0.00224122540888834
0.0022411254267617
0.00224081971951308
0.002241280849637
0.00224092125137505
0.00224081971951308
0.00229607229633389
0.00229607229633389
0.00229607229633389
0.00229277125841394
0.00229182015356436
0.100336325361585
0.00243434312558964
0.00243434312558964
0.00243461465148769
0.00243441259787555
0.00243441259787555
0.00243441259787555
0.00241945962149696
0.00242858587655809
0.00242779630771566
0.00242576424401307
0.00242187227646041
0.00242187227646041
0.00242183278001637
0.00242180334861919
0.00242180334861919
0.00242180334861919
0.00242180334861919
0.00242320775799102
0.00242320775799102
0.00242320775799102
0.00235636401403774
0.00242320775799102
0.00242320775799102
0.00242627438447969
0.00242627438447969
0.00242627438447969
0.00242627438447969
0.00242627438447969
0.00242627438447969
0.00242627438447969
0.00242627438447969
0.00242627438447969
0.00242627438447969
0.00242627438447969
0.00242627438447969
0.00242627438447969
0.00242627438447969
0.00242627438447969
0.00242627438447969
0.00242627438447969
0.00242627438447969
0.00242627438447969
0.00242627438447969
0.00242627438447969
0.00242605572042278
0.00242603223031195
0.00242603223031195
0.00242603223031195
0.00242603223031195
0.00242623128815359
0.00242603223031195