0.402838849751041
0.402838849751041
0.529825630098947
0.402876644761028
0.402876644761028
0.402868692107768
0.402868692107768
0.402892520723769
0.402838849751041
0.402856645195433
0.402856645195433
0.402856645195433
0.402856645195433
0.402856645195433
0.402856645195433
0.402838954783858
0.402838954783858
0.402838954783858
0.402838954783858
0.402838954783858
0.402838954783858
0.387568096469911
0.387702273171878
0.387730500180574
0.388101544793085
0.38837361601328
0.38837361601328
0.388319368313227
0.388968897528832
0.393023158179184
0.386938099448284
0.386972944129969
0.386807731197045
0.386725308820086
0.386732743700377
0.386756372323135
0.386566939288818
0.386577375884209
0.386666961290936
0.386791179510257
0.386851137386228
0.386851137386228
0.387265821315857
0.387390152110463
0.38177794740397
0.387699215952813
0.387699215952813
0.38751526316597
0.387549498624877
0.387566802121927
0.387581202638364
0.38633933243777
0.387869762895412
0.388288973071002
0.388353179438294
0.388736203214191
0.388791267236866
0.388772600599506
0.388790388349294
0.38874169919008
0.38874169919008
0.38874169919008
0.388439351342591
0.388459759695522
0.388459759695522
0.388369054501393
0.388459759695522
0.388459759695522
0.388549905287624
0.388549905287624
0.388549905287624
0.388549905287624
0.388549905287624
0.388549905287624
0.388549905287624
0.388549905287624
0.388549905287624
0.388549905287624
0.388549905287624
0.388549905287624
0.388549905287624
0.388549905287624
0.388549905287624
0.388549905287624
0.388549905287624
0.388549905287624
0.388549905287624
0.388549905287624
0.388549905287624
0.388549905287624
0.388554011652622
0.388554011652622
0.388554011652622
0.388571095800251
0.388512110665451
0.388571095800251