0.0886760163782213
0.0890917232958962
0.117103517207971
0.0892127149468492
0.0891070802511584
0.0894065886484869
0.0894047848088482
0.0893551495313898
0.0888993693646627
0.0893560608384094
0.0823109687586344
0.0823109687586344
0.079886808835845
0.0797980300983527
0.0778892872422667
0.07725484346321
0.07725484346321
0.07725484346321
0.07725484346321
0.07725484346321
0.0785261172028926
0.0741947570068678
0.0742688318766497
0.0742671393644264
0.07424059511784
0.0741577380510491
0.0741577380510491
0.0741263788327822
0.0757628509193167
0.0764015138005056
0.0729451156179198
0.0729131172913118
0.0729311854019768
0.0728540808463024
0.0728232005003453
0.0727936895455781
0.0728158207345052
0.0728102244865535
0.0728014848883697
0.0731663730107109
0.0731620465867758
0.0727157399639735
0.0725972469496177
0.0725643509857524
0.0665623010680102
0.0729031894183006
0.0729031894183006
0.0724862260334763
0.0724868122463704
0.0724838438912083
0.0724821409889094
0.0717367367130337
0.0722311590327528
0.0722765664345208
0.0723185043057199
0.0721426277762351
0.0721426277762351
0.0721434511539049
0.0721389677710679
0.0721499266238818
0.0721499266238818
0.0721499266238818
0.044852741022095
0.0373979714146647
0.0373979714146647
0.036797685496093
0.0360137722318771
0.0360137722318771
0.0360137722318771
0.0360137722318771
0.0360137722318771
0.0360137722318771
0.0360137722318771
0.0360137722318771
0.0360137722318771
0.0360137722318771
0.0360137722318771
0.0360137722318771
0.0360137722318771
0.0360137722318771
0.0360137722318771
0.0360137722318771
0.0360137722318771
0.0360137722318771
0.035869459637322
0.035869459637322
0.035927690006135
0.035927690006135
0.035927690006135
0.035927690006135
0.0359273552720558
0.0359273552720558
0.0359273552720558
0.0359267954318763
0.0359607513852226
0.0359267954318763