0.00386809367447702
0.00386809367447702
0.00508739031427288
0.00386837856571069
0.00386837856571069
0.00386837856571069
0.00386837856571069
0.00386860713756681
0.00386809367447702
0.00386797844699411
0.00386797844699411
0.00386797844699411
0.00386797844699411
0.00386797844699411
0.00386797844699411
0.00386797844699411
0.00386797844699411
0.00386797844699411
0.00386797844699411
0.00386797844699411
0.00386797844699411
0.00372168942920206
0.00372307959135347
0.00372305054898533
0.00372177407123983
0.00371869733232714
0.00371869733232714
0.00371770001970467
0.00373161507375908
0.00375478242884991
0.00365420521203752
0.00365399339026436
0.00365213773811125
0.00365015997219264
0.003650059990066
0.00364975428281738
0.00365080707495751
0.00365044747669555
0.00364965191587781
0.0036466402508728
0.00364653830275458
0.00364653830275458
0.00364142057746214
0.00363992677540926
0.00358846810610184
0.00363613260472296
0.00363613260472296
0.00363636174065931
0.00363638901290796
0.00363628508800075
0.0036357771930374
0.00361459447678147
0.00362891430277111
0.00362742655667279
0.00362398380601788
0.00362078995767579
0.00362042986607637
0.00362004884121019
0.0036196480051366
0.00361919296626544
0.00361919296626544
0.00361919296626544
0.00362246893688363
0.00362204444121373
0.00362204444121373
0.00361916353592873
0.00362079712615783
0.00362079712615783
0.00362235388211004
0.00362235388211004
0.00362235388211004
0.00362235388211004
0.00362235388211004
0.00362235388211004
0.00362235388211004
0.00362235388211004
0.00362235388211004
0.00362235388211004
0.00362235388211004
0.00362235388211004
0.00362235388211004
0.00362235388211004
0.00362235388211004
0.00362235388211004
0.00362264165654793
0.00362264165654793
0.0036225036528993
0.00362235388211004
0.00362235388211004
0.00362235388211004
0.00362235388211004
0.00362235388211004
0.00362235388211004
0.00362366931505882
0.00362361722412683
0.00362366931505882