0.0687320028641455
0.0687320028641455
0.061536766928306
0.068772177950896
0.068772177950896
0.068772177950896
0.068772177950896
0.0687782493908243
0.0687694714841762
0.0687694714841762
0.0687694714841762
0.0687694714841762
0.0687694714841762
0.0687694714841762
0.0671862506655622
0.0671862506655622
0.0671862506655622
0.0671862506655622
0.0671862506655622
0.0671862506655622
0.0681332238654808
0.0683198524902485
0.0688900563199812
0.0856078825504733
0.0852106315544535
0.0836677166755259
0.0832653897153954
0.0853124223045533
0.0637467660677621
0.0581123677563939
0.0796258984564599
0.0797352911634362
0.0801687298921736
0.0812746404497625
0.0812650234189571
0.0642846763523652
0.0642981285128347
0.064853619779775
0.0647523992345537
0.0654042290829164
0.065628057120823
0.0651554921431386
0.0640166788875112
0.0639972646462122
0.0488138888551489
0.0651867760267255
0.0645544837050599
0.0641304981694495
0.0641010015140662
0.063995455401951
0.0639946617295564
0.0797155829217895
0.0651247182244181
0.0643138825087913
0.0676761000988277
0.0678411864603348
0.068650839769207
0.0679573530466549
0.0670096084029665
0.0678979069387089
0.067006650650304
0.067006650650304
0.0673715912836657
0.0682558994542292
0.0682558994542292
0.0698849581233746
0.0674821080454548
0.0674821080454548
0.0675054910724309
0.0675054910724309
0.0675054910724309
0.0675054910724309
0.0675053291537707
0.0675053291537707
0.0675053291537707
0.0675053291537707
0.0675053291537707
0.0675053291537707
0.0675053291537707
0.0675053291537707
0.0675053291537707
0.0675053291537707
0.0675053291537707
0.0675053291537707
0.0675331809127833
0.0675331809127833
0.0675053291537707
0.0675053291537707
0.0675053291537707
0.0675036618403368
0.0675036618403368
0.0675036618403368
0.0675036618403368
0.0677420678188335
0.0677419524631012
0.0677420678188335