0.0190186564176042
0.0190186564176042
0.0250247230460753
0.0190424589317893
0.0190424589317893
0.0190192618114757
0.0190192618114757
0.01901974752667
0.0190186564176042
0.019018411559203
0.019018411559203
0.019018411559203
0.0172317394671691
0.0172317394671691
0.0172317394671691
0.0172317394671691
0.0172317394671691
0.0172317394671691
0.0172991829832244
0.0172991829832244
0.0172991829832244
0.0166261727845125
0.0193270509387592
0.0304902488541888
0.0277716732099963
0.02136319427925
0.02136319427925
0.0445460781901565
0.0640825693028313
0.0591638639608709
0.0554677120909094
0.0554649054524151
0.0556863653499462
0.0555958759421347
0.0555739359284991
0.0555698470940487
0.0558989102675993
0.0558941455906283
0.0558819548360314
0.0560686894239217
0.0560616735643789
0.0560616735643789
0.0562133419035569
0.0563305201107316
0.0422038189789857
0.057886626078754
0.0578587174794168
0.0578523216276256
0.057905763833232
0.0579010281594284
0.0578398508849366
0.057330019071128
0.0565415289955927
0.0587835507302418
0.0559855463855669
0.0564721783239441
0.0564098240313572
0.0565377310989023
0.0564713397974495
0.0564713397974495
0.0564713397974495
0.0564713397974495
0.0565772505108498
0.0565333763449755
0.0565333763449755
0.0569806150232598
0.056493401770438
0.056493401770438
0.056493401770438
0.056493401770438
0.056493401770438
0.056493401770438
0.056493401770438
0.056493401770438
0.056493401770438
0.056493401770438
0.056493401770438
0.056493401770438
0.056493401770438
0.056493401770438
0.056493401770438
0.056493401770438
0.056493401770438
0.056493401770438
0.0564988874706603
0.0564988874706603
0.0564962567761083
0.056493401770438
0.056493401770438
0.056493401770438
0.056493401770438
0.056493401770438
0.056493401770438
0.0567784472333924
0.0569082806761066
0.0567784472333924