0.00116975743148047
0.00116975743148047
0.0015382681532148
0.00117004232271414
0.00117004232271414
0.00117004232271414
0.00117004232271414
0.00117004232271414
0.00116975743148047
0.00116975743148047
0.00116975743148047
0.00116975743148047
0.00116975743148047
0.00116975743148047
0.00116975743148047
0.00116975743148047
0.00116975743148047
0.00116975743148047
0.00116975743148047
0.00116975743148047
0.00116975743148047
0.00112461267624634
0.00112627870172024
0.00112619967973244
0.00112494497493267
0.00112387913539409
0.00112387913539409
0.001066193817982
0.00112626186020752
0.0011344679528436
0.00110275804495285
0.00110275804495285
0.00200468286629946
0.00138155962287682
0.00138145964075019
0.00138115393350156
0.00138163745063068
0.00138163745063068
0.00138105156656199
0.00137938637137975
0.00137928442326152
0.00137928442326152
0.00137700166455689
0.00137625022326361
0.00135802495540193
0.001374312931221
0.001374312931221
0.00137434277037882
0.00137437004262747
0.00137437004262747
0.00137386214766412
0.00136352607617987
0.00137222927696277
0.00137142812222581
0.00136985796208477
0.00136848556314878
0.00136826748617431
0.00136788646130814
0.00136748562523455
0.00136703058636339
0.00136703058636339
0.00136703058636339
0.00136859029725292
0.00136859029725292
0.00136859029725292
0.00131148601384655
0.00136757627778818
0.00136757627778818
0.00136757627778818
0.00136757627778818
0.00136757627778818
0.00136757627778818
0.00136757627778818
0.00136757627778818
0.00136757627778818
0.00136757627778818
0.00136757627778818
0.00136757627778818
0.00136757627778818
0.00136757627778818
0.00136757627778818
0.00136757627778818
0.00136757627778818
0.00136757627778818
0.00136786405222607
0.00136786405222607
0.00136772604857744
0.00136757627778818
0.00136757627778818
0.00136757627778818
0.00142327979581349
0.00142327979581349
0.00142327979581349
0.00120195520213924
0.0
0.00114594750108034