0.097256175955051
0.0963092027551324
0.123556560952603
0.0964938795772427
0.0964938795772427
0.0963173933781003
0.0963173933781003
0.0963238219615538
0.0963395291709913
0.0963367925182723
0.0963367925182723
0.0963367925182723
0.0963367925182723
0.0963367925182723
0.0963367925182723
0.0963367925182723
0.0963367925182723
0.0963367925182723
0.0972837657181909
0.0972837657181909
0.0972837657181909
0.131590561759238
0.132443300002608
0.126063569566633
0.125988497291869
0.125231351139473
0.126140087073589
0.12611518079217
0.125263560786029
0.126035779913154
0.108633545064326
0.108625734136441
0.107139280311229
0.138687746736573
0.138687746736573
0.143426131703895
0.143470131062743
0.142359013093081
0.142325753715351
0.11197512324316
0.11014010943395
0.110121816408072
0.109963159714331
0.107936199008272
0.0889530406069795
0.107895799121319
0.107895799121319
0.107848118550521
0.107817448815764
0.107813486678677
0.107794890190984
0.107407217501329
0.107810320092489
0.107879977629686
0.107695040134559
0.107620999615796
0.107604705470922
0.10753281586823
0.107459442433865
0.107442925436982
0.107442925436982
0.107442925436982
0.10812211118116
0.107917922433606
0.107917922433606
0.107699448856316
0.107827350533633
0.107827350533633
0.107877183214074
0.107877183214074
0.107877183214074
0.107877183214074
0.107876768113509
0.107876768113509
0.108306663458658
0.108306663458658
0.108306663458658
0.108306663458658
0.108306663458658
0.108306663458658
0.108306663458658
0.108306663458658
0.108306663458658
0.108306663458658
0.108319685251973
0.108319685251973
0.108313440586873
0.108306663458658
0.108306663458658
0.108303110167734
0.109752880056662
0.109752880056662
0.109752880056662
0.110570908173114
0.11060006974416
0.110569914772068