0.0483511709309627
0.0483511709309627
0.063592378928411
0.0483547320713836
0.0483547320713836
0.0483547320713836
0.0483547320713836
0.0483575892195851
0.0483511709309627
0.0483497305874264
0.0483497305874264
0.0483497305874264
0.0483497305874264
0.0483497305874264
0.0483497305874264
0.0483497305874264
0.0483497305874264
0.0483497305874264
0.0483497305874264
0.0483497305874264
0.0483497305874264
0.0465211178650258
0.0465384948919184
0.0465381318623166
0.0465221758904978
0.0464837166540892
0.0464837166540892
0.0464712502463084
0.046641887891963
0.0469346142210737
0.0456721281590825
0.045669480386918
0.0456462847350042
0.0456213552384461
0.0456201054618632
0.0456162841212554
0.0456294440230071
0.0456249490447326
0.0456150045345107
0.0455758940496473
0.0455746196981694
0.0455746196981694
0.0455102049237025
0.0454915425817842
0.0448485540341676
0.0454445962901724
0.0454445962901724
0.0454474604893767
0.0454478013924848
0.0454465023311447
0.0454401536441029
0.045196185644958
0.04536892212693
0.0453495384793216
0.0453062538224942
0.0452735831948366
0.0452690820498438
0.0452643192390166
0.0452593087880967
0.0452536208022072
0.0452536208022072
0.0452536208022072
0.0452945704349346
0.0452892642390607
0.0452892642390607
0.0452532529229983
0.045273672800862
0.045273672800862
0.0452931322502646
0.0452931322502646
0.0452931322502646
0.0452931322502646
0.0452931322502646
0.0452931322502646
0.0452931322502646
0.0452931322502646
0.0452931322502646
0.0452931322502646
0.0452931322502646
0.0452931322502646
0.0452931322502646
0.0452931322502646
0.0452931322502646
0.0452931322502646
0.0452967294307383
0.0452967294307383
0.0452950043851304
0.0452931322502646
0.0452931322502646
0.0452931322502646
0.0452931322502646
0.0452931322502646
0.0452931322502646
0.0453095751621244
0.0453089240254745
0.0453095751621244