0.379142406590512
0.379142406590512
0.497964238156778
0.379358167966825
0.379358167966825
0.379166034757205
0.379166034757205
0.379125591824412
0.379260550985115
0.379250987104033
0.381982109473857
0.381982109473857
0.381982109473857
0.381982109473857
0.382929082673775
0.382870010476474
0.382870010476474
0.382870010476474
0.382870010476474
0.382870010476474
0.380977882119737
0.407689563551193
0.408666062405517
0.391429331506824
0.391121075159383
0.368084197083869
0.367706888267474
0.391322499997459
0.382790485730446
0.376909991220136
0.396684609140748
0.396746739114588
0.396588204566652
0.389130253078569
0.389127946483689
0.407792224864264
0.408416713106637
0.405025567741828
0.404777149543979
0.3757220093543
0.374098547016162
0.373748964282137
0.373771257646813
0.37155752291195
0.28923538274258
0.371445178857489
0.371130779360528
0.371478337517842
0.371482897159165
0.371271941282869
0.371212869095268
0.373593885931776
0.370701853546971
0.370225487421075
0.370447561675085
0.37041476826413
0.369857082120892
0.36980751404688
0.370773356419698
0.369925891482348
0.370817147770753
0.370817147770753
0.371498946317534
0.370526126845801
0.370526126845801
0.373419937225914
0.371427662570142
0.371427662570142
0.371685450859345
0.371685450859345
0.371685450859345
0.371685450859345
0.371689437002361
0.371689437002361
0.372337803752423
0.372337803752423
0.372337803752423
0.372337803752423
0.372337803752423
0.372337803752423
0.372337803752423
0.372337803752423
0.372337803752423
0.372337803752423
0.372373811528964
0.372373811528964
0.372356543822429
0.372337803752423
0.372337803752423
0.372319422305138
0.371798732548673
0.371798732548673
0.371798732548673
0.371907818151499
0.372059981897841
0.371907818151499