0.57255101999992
0.57255101999992
0.57255101999992
0.57255101999992
0.57254825220597
0.57254825220597
0.572615865458168
0.572615865458168
0.572615865458168
0.572615865458168
0.572615865458168
0.572615865458168
0.572615865458168
0.572615865458168
0.572615865458168
0.572615865458168
0.572615865458168
0.572615865458168
0.572615865458168
0.572615865458168
0.572615865458168
0.572615865458168
0.572615865458168
0.572615865458168
0.572615865458168
0.572615865458168
0.572615865458168
0.572615865458168
0.572615865458168
0.572615865458168
0.572615865458168
0.572615865458168
0.572615865458168
0.572615865458168
0.572615865458168
0.572615865458168
0.572615865458168
0.572615865458168
0.572615865458168
0.572615865458168
0.572615865458168
0.572615865458168
0.572615865458168
0.572615865458168
0.572615865458168
0.572615865458168
0.572615865458168
0.572615865458168
0.572615865458168
0.572615865458168
0.572615865458168
0.572615865458168
0.572615865458168
0.572615865458168
0.572615865458168
0.572615865458168
0.572615865458168
0.572615865458168
0.572615865458168
0.572615865458168
0.572615865458168
0.572615865458168
0.572615865458168
0.572615865458168
0.572615865458168
0.572615865458168
0.572615865458168
0.572615865458168
0.572615865458168
0.572615865458168
0.572615865458168
0.572615865458168
0.572615865458168
0.572615865458168
0.572615865458168
0.572615865458168
0.572615865458168
0.572615865458168
0.572615865458168
0.572615865458168
0.572615865458168
0.572615865458168
0.567274418534571
0.567274418534571
0.56740612322806
0.56740612322806
0.56740612322806
0.567437798477947
0.567437798477947
0.572711632149346
0.572711632149346
0.572711632149346
0.572711632149346
0.574063897193295
0.574063897193295
0.574063897193295
