0.0
0.0
0.0
0.0
0.0
0.0
0.0
0.0
0.0
0.0
0.0
0.0
0.0
0.0
0.0
0.0
0.0
0.0
0.0
0.0
0.0
0.0
0.0
0.0
0.0
0.0
0.0
0.0
0.0
0.0
0.0
0.0
0.00178850883076235
0.00178850883076235
0.00178850883076235
0.00178850883076235
0.00178850883076235
0.00178850883076235
0.00178850883076235
0.00178850883076235
0.00178850883076235
0.00178850883076235
0.00178850883076235
0.00178850883076235
0.00178850883076235
0.00178850883076235
0.00363627548423069
0.00363627548423069
0.00833111116498186
0.00833111116498186
0.00402414486921529
0.00435949027498323
0.0
0.0
0.0
0.00156259192582395
3.72606006408823e-05
0.0
0.0
0.0
0.0
0.0
0.0
0.0
0.0
0.0
0.0
0.0
0.0
0.0
0.0
0.0
0.0
0.0
0.0
0.0
0.0
0.0
0.0
0.0
0.0
0.0
0.0
0.0
0.0
0.0
0.0
0.0
0.0
0.00233918128654971
0.00233918128654971
0.00233918128654971
0.00233918128654971
0.00233918128654971
0.00233918128654971
0.00233918128654971