0.0527338515070052
0.0527338515070052
0.0527338515070052
0.0527338515070052
0.0527338515070052
0.0527338515070052
0.0527338515070052
0.0527338515070052
0.0527338515070052
0.0527338515070052
0.0527338515070052
0.0527338375899046
0.0527338375899046
0.0527306019094086
0.0527306019094086
0.0527306019094086
0.0527306019094086
0.0527306019094086
0.0527306019094086
0.0527306019094086
0.0527306019094086
0.0527306019094086
0.0527306019094086
0.0527306019094086
0.0527306019094086
0.0527306019094086
0.0527306019094086
0.0527306019094086
0.0527306019094086
0.0527306019094086
0.0527306019094086
0.0527306019094086
0.0527306019094086
0.0527306019094086
0.0527306019094086
0.0527306019094086
0.0527306019094086
0.0527306019094086
0.0527306019094086
0.0527306019094086
0.0527306019094086
0.0527306019094086
0.0527306019094086
0.0527334853793066
0.0527334853793066
0.0527334853793066
0.0527334853793066
0.0527334853793066
0.0527334853793066
0.0527334853793066
0.0527334853793066
0.0527334853793066
0.0527334853793066
0.0527334853793066
0.0527334853793066
0.0527334853793066
0.0527334853793066
0.0527334853793066
0.0527334853793066
0.0527334853793066
0.0527334853793066
0.0527334853793066
0.0527334853793066
0.0527334853793066
0.0527334853793066
0.0527334853793066
0.0527334853793066
0.0527334853793066
0.0527334853793066
0.0527334853793066
0.0527334853793066
0.0527334853793066
0.0527334853793066
0.0527334853793066
0.0527334853793066
0.0527334853793066
0.0527334853793066
0.0527334853793066
0.0527334853793066
0.0527334853793066
0.0527334853793066
0.0527334853793066
0.0527334853793066
0.0527334853793066
0.0527334853793066
0.0527334853793066
0.0527334853793066
0.0527334853793066
0.0527334853793066
0.0527334853793066
0.0527334853793066
0.0527334853793066
0.0527334853793066
0.0527334853793066
0.0527334853793066
0.0527334853793066