0.913103833816595
0.913103833816595
0.913103833816595
0.913103833816595
0.913103833816595
0.913103833816595
0.913103833816595
0.913103833816595
0.913103833816595
0.913103833816595
0.913103833816595
0.913106603331159
0.913106603331159
0.913109839011655
0.913109839011655
0.913109839011655
0.913109839011655
0.913109839011655
0.913109839011655
0.913109839011655
0.913109839011655
0.913109839011655
0.913109839011655
0.913109839011655
0.913109839011655
0.913109839011655
0.913109839011655
0.913109839011655
0.913109839011655
0.913109839011655
0.913109839011655
0.913109839011655
0.913109839011655
0.913109839011655
0.913109839011655
0.913109839011655
0.913109839011655
0.913109839011655
0.913109839011655
0.913109839011655
0.913109839011655
0.913109839011655
0.913109839011655
0.913107256828466
0.913107256828466
0.913107256828466
0.913107256828466
0.913107256828466
0.913107256828466
0.913107256828466
0.913107256828466
0.913107256828466
0.913107256828466
0.913107256828466
0.913107256828466
0.913107256828466
0.913107256828466
0.913107256828466
0.913107256828466
0.913107256828466
0.913107256828466
0.913107256828466
0.913107256828466
0.913107256828466
0.913107256828466
0.913107256828466
0.913107256828466
0.913107256828466
0.913107256828466
0.913107256828466
0.913107256828466
0.913107256828466
0.913107256828466
0.913107256828466
0.913107256828466
0.913107256828466
0.913107256828466
0.913107256828466
0.913107256828466
0.913107256828466
0.913107256828466
0.913107256828466
0.913107256828466
0.913107256828466
0.913107256828466
0.913107256828466
0.913107256828466
0.913107256828466
0.913107256828466
0.913107256828466
0.913107256828466
0.913107256828466
0.913107256828466
0.913107256828466
0.913107256828466
0.913107256828466