0.047661573705566
0.047661573705566
0.047661573705566
0.047661573705566
0.047661573705566
0.047661573705566
0.047661573705566
0.047661573705566
0.047661573705566
0.047661573705566
0.047661573705566
0.0476626554479114
0.0476626554479114
0.0476626554479114
0.0476626554479114
0.0476626554479114
0.0476626554479114
0.0476626554479114
0.0476626554479114
0.0476626554479114
0.0476626554479114
0.0476626554479114
0.0476626554479114
0.0476626554479114
0.0476626554479114
0.0476626554479114
0.0476626554479114
0.0476626554479114
0.0476626554479114
0.0476626554479114
0.0476626554479114
0.0476626554479114
0.0476626554479114
0.0476626554479114
0.0476626554479114
0.0476626554479114
0.0476626554479114
0.0476626554479114
0.0476626554479114
0.0476626554479114
0.0476626554479114
0.0476626554479114
0.0476626554479114
0.0476631182843896
0.0476631182843896
0.0476631182843896
0.0476631182843896
0.0476631182843896
0.0476631182843896
0.0476631182843896
0.0476631182843896
0.0476631182843896
0.0476631182843896
0.0476631182843896
0.0476631182843896
0.0476631182843896
0.0476631182843896
0.0476631182843896
0.0476631182843896
0.0476631182843896
0.0476631182843896
0.0476631182843896
0.0476631182843896
0.0476631182843896
0.0476631182843896
0.0476631182843896
0.0476631182843896
0.0476631182843896
0.0476631182843896
0.0476631182843896
0.0476631182843896
0.0476631182843896
0.0476631182843896
0.0476631182843896
0.0476631182843896
0.0476631182843896
0.0476631182843896
0.0476631182843896
0.0476631182843896
0.0476631182843896
0.0476631182843896
0.0476631182843896
0.0476631182843896
0.0476631182843896
0.0476631182843896
0.0476631182843896
0.0476631182843896
0.0476631182843896
0.0476631182843896
0.0476631182843896
0.0476631182843896
0.0476631182843896
0.0476631182843896
0.0476631182843896
0.0476631182843896
0.0476631182843896