6.47136099193021e-06
6.47136099193021e-06
6.47136099193021e-06
6.47136099193021e-06
6.47136099193021e-06
6.47136099193021e-06
6.47136099193021e-06
6.47136099193021e-06
6.47136099193021e-06
6.47136099193021e-06
6.47136099193021e-06
6.47016767439528e-06
6.47016767439528e-06
6.47016767439528e-06
6.47016767439528e-06
6.47016767439528e-06
6.47016767439528e-06
6.47016767439528e-06
6.47016767439528e-06
6.47016767439528e-06
6.47016767439528e-06
6.47016767439528e-06
6.47016767439528e-06
6.47016767439528e-06
6.47016767439528e-06
6.47016767439528e-06
6.47016767439528e-06
6.47016767439528e-06
6.47016767439528e-06
6.47016767439528e-06
6.47016767439528e-06
6.47016767439528e-06
6.47016767439528e-06
6.47016767439528e-06
6.47016767439528e-06
6.47016767439528e-06
6.47016767439528e-06
6.47016767439528e-06
6.47016767439528e-06
6.47016767439528e-06
6.47016767439528e-06
6.47016767439528e-06
6.47016767439528e-06
6.47016767439528e-06
6.47016767439528e-06
6.47016767439528e-06
6.47016767439528e-06
6.47016767439528e-06
6.47016767439528e-06
6.47016767439528e-06
6.47016767439528e-06
6.47016767439528e-06
6.47016767439528e-06
6.47016767439528e-06
6.47016767439528e-06
6.47016767439528e-06
6.47016767439528e-06
6.47016767439528e-06
6.47016767439528e-06
6.47016767439528e-06
6.47016767439528e-06
6.47016767439528e-06
6.47016767439528e-06
6.47016767439528e-06
6.47016767439528e-06
6.47016767439528e-06
6.47016767439528e-06
6.47016767439528e-06
6.47016767439528e-06
6.47016767439528e-06
6.47016767439528e-06
6.47016767439528e-06
6.47016767439528e-06
6.47016767439528e-06
6.47016767439528e-06
6.47016767439528e-06
6.47016767439528e-06
6.47016767439528e-06
6.47016767439528e-06
6.47016767439528e-06
6.47016767439528e-06
6.47016767439528e-06
6.47016767439528e-06
6.47016767439528e-06
6.47016767439528e-06
6.47016767439528e-06
6.47016767439528e-06
6.47016767439528e-06
6.47016767439528e-06
6.47016767439528e-06
6.47016767439528e-06
6.47016767439528e-06
6.47016767439528e-06
6.47016767439528e-06
6.47016767439528e-06
6.47016767439528e-06