0.0294039777348921
0.0294039777348921
0.0294039777348921
0.0294039777348921
0.0294039777348921
0.0294039777348921
0.0294039777348921
0.0294039777348921
0.0294039777348921
0.0294039777348921
0.0294039777348921
0.0294039777348921
0.0294039777348921
0.0294039777348921
0.0294039777348921
0.0294039777348921
0.0294039777348921
0.0294039777348921
0.0294039777348921
0.0294039777348921
0.0294039777348921
0.0294039777348921
0.0294039777348921
0.0294039777348921
0.0294039777348921
0.0294039777348921
0.0294039777348921
0.0294039777348921
0.0294039777348921
0.0294039777348921
0.0294039777348921
0.0294039777348921
0.0294039777348921
0.0294039777348921
0.0294039777348921
0.0294039777348921
0.0294039777348921
0.0294039777348921
0.0294039777348921
0.0294039777348921
0.0294039777348921
0.0294039777348921
0.0294039777348921
0.0294039777348921
0.0294039777348921
0.0294039777348921
0.0294039777348921
0.0285299606054323
0.0285299606054323
0.0285299606054323
0.0285299606054323
0.0285299606054323
0.0285299606054323
0.0294039777348921
0.0294039777348921
0.0294039777348921
0.0294039777348921
0.0294167371090448
0.0294039777348921
0.0294039777348921
0.0294039777348921
0.0294039777348921
0.0294039777348921
0.0294039777348921
0.0294039777348921
0.0294039777348921
0.0294039777348921
0.0294039777348921
0.0294039777348921
0.0294039777348921
0.0294039777348921
0.0294039777348921
0.0294039777348921
0.0294039777348921
0.0294039777348921
0.0294039777348921
0.0294039777348921
0.0294039777348921
0.0294039777348921
0.0294039777348921
0.0294039777348921
0.0294039777348921
0.0294039777348921
0.0294039777348921
0.0294039777348921
0.0294039777348921
0.0294039777348921
0.0294039777348921
0.0294039777348921
0.0294039777348921
0.0294039777348921
0.0294039777348921
0.0294039777348921
0.0294039777348921
0.0294039777348921
0.0294039777348921