0.0603901178647187
0.0603901178647187
0.0603901178647187
0.0603901178647187
0.0603901178647187
0.0603901178647187
0.0603901178647187
0.0603901178647187
0.0603901178647187
0.0603901178647187
0.0603901178647187
0.0603901178647187
0.0603901178647187
0.0603901178647187
0.0603901178647187
0.0603901178647187
0.0603901178647187
0.0603901178647187
0.0603901178647187
0.0603901178647187
0.0603901178647187
0.0603901178647187
0.0603901178647187
0.0603901178647187
0.0603901178647187
0.0603901178647187
0.0603901178647187
0.0603901178647187
0.060380927564531
0.060380927564531
0.060380927564531
0.060380927564531
0.060380927564531
0.060380927564531
0.060380927564531
0.060380927564531
0.060380927564531
0.060380927564531
0.060380927564531
0.060380927564531
0.060380927564531
0.060380927564531
0.060380927564531
0.060380927564531
0.0603803611566159
0.0603803611566159
0.0603803611566159
0.0603803611566159
0.0603803611566159
0.0603803611566159
0.0603803611566159
0.0603803611566159
0.0603803611566159
0.0604824361498375
0.0603803611566159
0.0603803611566159
0.0603803611566159
0.0603803611566159
0.0603803611566159
0.0603803611566159
0.060377358490566
0.060377358490566
0.060377358490566
0.060377358490566
0.060377358490566
0.060377358490566
0.060377358490566
0.060377358490566
0.060377358490566
0.060377358490566
0.060377358490566
0.060377358490566
0.060377358490566
0.060377358490566
0.060377358490566
0.060377358490566
0.060377358490566
0.060377358490566
0.060377358490566
0.060377358490566
0.060377358490566
0.060377358490566
0.060377358490566
0.060377358490566
0.060377358490566
0.060377358490566
0.060377358490566
0.060377358490566
0.060377358490566
0.060377358490566
0.060377358490566
0.060377358490566
0.060377358490566
0.060377358490566
0.060377358490566
0.060377358490566