0.087931226973317
0.087931226973317
0.087931226973317
0.087931226973317
0.087931226973317
0.087931226973317
0.087931226973317
0.087931226973317
0.087931226973317
0.087931226973317
0.087931226973317
0.087931226973317
0.087931226973317
0.0878291519800954
0.0878291519800954
0.0878291519800954
0.0878291519800954
0.0878291519800954
0.0878291519800954
0.0878291519800954
0.0878291519800954
0.0878291519800954
0.0878291519800954
0.0878291519800954
0.0878291519800954
0.0878291519800954
0.0878291519800954
0.0878291519800954
0.0878125258915739
0.0879132641138591
0.0879132641138591
0.0879132641138591
0.0879132641138591
0.0879132641138591
0.0879132641138591
0.0879132641138591
0.0879132641138591
0.0879132641138591
0.0879132641138591
0.0879132641138591
0.0879132641138591
0.0879132641138591
0.0879132641138591
0.0879132641138591
0.0879121570438432
0.0879121570438432
0.0879121570438432
0.0879121570438432
0.0879121570438432
0.0879121570438432
0.0879121570438432
0.0879121570438432
0.0879121570438432
0.0879121570438432
0.0879121570438432
0.0879121570438432
0.0879121570438432
0.0879121570438432
0.0879121570438432
0.0879121570438432
0.0878776625155769
0.0878776625155769
0.0878776625155769
0.0878776625155769
0.0878776625155769
0.0878776625155769
0.0878776625155769
0.0878776625155769
0.0878776625155769
0.0878776625155769
0.0878776625155769
0.0878776625155769
0.0878776625155769
0.0878776625155769
0.0878776625155769
0.0878610667318124
0.0878448836661986
0.0878448836661986
0.0878448836661986
0.0878448836661986
0.0878448836661986
0.0878448836661986
0.0878448836661986
0.0878448836661986
0.0878448836661986
0.0878448836661986
0.0878448836661986
0.0878448836661986
0.0878448836661986
0.0878448836661986
0.0878448836661986
0.0878448836661986
0.0878448836661986
0.08781369560079
0.08781369560079
0.08781369560079