0.232323232323232
0.232323232323232
0.232323232323232
0.232323232323232
0.232323232323232
0.232323232323232
0.232323232323232
0.232323232323232
0.232323232323232
0.197235513024987
0.197235513024987
0.197235513024987
0.197235513024987
0.197235513024987
0.197235513024987
0.197235513024987
0.197235513024987
0.197235513024987
0.197235513024987
0.197235513024987
0.197235513024987
0.197235513024987
0.197235513024987
0.197235513024987
0.197235513024987
0.197235513024987
0.197235513024987
0.197235513024987
0.197235513024987
0.197235513024987
0.197235513024987
0.197235513024987
0.197235513024987
0.197235513024987
0.197235513024987
0.197235513024987
0.197235513024987
0.197235513024987
0.197235513024987
0.197235513024987
0.197235513024987
0.197235513024987
0.197235513024987
0.197235513024987
0.197235513024987
0.197235513024987
0.197235513024987
0.197235513024987
0.197235513024987
0.197235513024987
0.197235513024987
0.197235513024987
0.197235513024987
0.197235513024987
0.197235513024987
0.197235513024987
0.197235513024987
0.197235513024987
0.197235513024987
0.197235513024987
0.197235513024987
0.197767145135566
0.197235513024987
0.197235513024987
0.197235513024987
0.197235513024987
0.197235513024987
0.197235513024987
0.197235513024987
0.197235513024987
0.197235513024987
0.197235513024987
0.197235513024987
0.197235513024987
0.197235513024987
0.197235513024987
0.197235513024987
0.197235513024987
0.197235513024987
0.197235513024987
0.197235513024987
0.197235513024987
0.197235513024987
0.197235513024987
0.197235513024987
0.195906432748538
0.195906432748538
0.195906432748538
0.195906432748538
0.195906432748538
0.195906432748538
0.195906432748538
0.195906432748538
0.196438064859117
0.195906432748538
0.195906432748538