0.00268921245038174
0.00268930229982103
0.00268930229982103
0.00268930229982103
0.00268930229982103
0.00268934367849215
0.00268934367849215
0.00258956169310878
0.00255615286937825
0.00255635672505976
0.0025536092435818
0.00258511385789901
0.0025851348192257
0.0025851348192257
0.0025851348192257
0.0025851348192257
0.0025851348192257
0.00258610329435152
0.00258610329435152
0.00258610329435152
0.00258610329435152
0.00258610329435152
0.00255596923812231
0.00235718088827835
0.00235718088827835
0.00235718088827835
0.00235766372041286
0.00235766372041286
0.00234823740907411
0.00213964277651713
0.00182360493924311
0.00177652437706677
0.00173571037876253
0.00174726523734958
0.00175049687113629
0.00173662993667527
0.00173754119525469
0.00173694250755236
0.0017340173842172
0.00173319582458361
0.00172988218181496
0.00172926729800076
0.00172935959529011
0.00172935959529011
0.00172936605745873
0.00172936432592924
0.00173066694005729
0.00176564554851514
0.00175960246652398
0.00174917431785526
0.00172034255257555
0.00171931274513181
0.00171933531327858
0.00171933531327858
0.00171933531327858
0.00171933531327858
0.00171933531327858
0.00171933531327858
0.00172241580950713
0.001705465170991
0.00170368842589335
0.00169893205629772
0.0016779193408064
0.00156203029175904
0.00156134991291606
0.00167481663785037
0.00167452937933908
0.00167452937933908
0.00167452937933908
0.00167452369264317
0.00167329758644319
0.00159302406461584
0.00159302406461584
0.00159310841693714
0.00159314091373079
0.00159314091373079
0.00159314091373079
0.00159314091373079
0.00159314091373079
0.00159235711232362
0.00179660791433904
0.00160462657473443
0.00160207467591408
0.00160169397618922
0.00159976834191133
0.00159957651684326
0.00159833353006421
0.00159850039180113
0.00159280821411223
0.00159288574169381
0.00159288574169381
0.00156700866662302
0.00156606143492907
0.00138088731023633
0.0013588193023101
0.00135588455303813
