0.000260361969541111
0.000260361969541111
0.000260361969541111
0.000260361969541111
0.000260361969541111
0.000260361969541111
0.000260361969541111
0.000247463114582632
0.000244343362489872
0.000244343362489872
0.00024400138755759
0.000247100693808389
0.000247100693808389
0.000247100693808389
0.000247100693808389
0.000247100693808389
0.000247100693808389
0.000247100693808389
0.000247100693808389
0.000247100693808389
0.000247100693808389
0.000247100693808389
0.000243399678637917
0.000210455481888671
0.000210455481888671
0.000210455481888671
0.000210455481888671
0.000210455481888671
0.000205152966526412
0.000181153865263309
6.71942730437832e-05
0.000102619195673369
0.000100283053098409
0.000100139896212365
0.000100027378572673
9.45486662721729e-05
9.42739010005745e-05
9.4285619839983e-05
9.43244210164294e-05
9.4293822347472e-05
9.52262291534706e-05
9.52264316813504e-05
9.52290687467604e-05
9.52290687467604e-05
9.52292719218044e-05
9.52292719218044e-05
9.50906817013e-05
9.63122274205791e-05
9.59384662358189e-05
9.56566243799075e-05
9.4072105272813e-05
9.40580084594234e-05
9.40580084594234e-05
9.40580084594234e-05
9.40580084594234e-05
9.40580084594234e-05
9.40580084594234e-05
9.40580084594234e-05
9.40945226651866e-05
9.38900290028967e-05
9.46628833503962e-05
9.45409251556365e-05
9.30114247321e-05
9.30397022589535e-05
9.29633543802053e-05
9.29596183702562e-05
9.29607308659647e-05
9.29607308659647e-05
9.29607308659647e-05
9.29605683889384e-05
9.28810158738692e-05
8.72065996647515e-05
8.72065996647515e-05
8.72065996647515e-05
8.72065996647515e-05
8.72065996647515e-05
8.72065996647515e-05
8.72065996647515e-05
8.72065996647515e-05
8.71574313686795e-05
8.89065740730893e-05
8.9705161089621e-05
8.9565409906021e-05
8.95561245468781e-05
8.90305482168667e-05
8.90259809533413e-05
8.90305482168667e-05
8.90346180153281e-05
8.8687711962946e-05
8.8687711962946e-05
8.8687711962946e-05
8.59971661791831e-05
8.59693846533966e-05
7.41918061097055e-05
7.33509871670274e-05
7.33165548509199e-05
