0.0219622456309996
0.0213700039964127
0.0213569012710458
0.0213569012710458
0.0213569012710458
0.0213614990109812
0.0213614990109812
0.0207166507068355
0.0204559419721879
0.020462030930948
0.0204252795429933
0.0206708676577376
0.0206708676577376
0.0206708676577376
0.0206667269395715
0.0206667269395715
0.0206667269395715
0.0206667269395715
0.0206667269395715
0.0206667269395715
0.0206667269395715
0.0206667269395715
0.0204886340506438
0.0196251794544797
0.0196251794544797
0.0196251794544797
0.019659581244063
0.019659581244063
0.019659581244063
0.018728406019344
0.0179086194268245
0.0174867576928629
0.0171160866844462
0.0172987548523939
0.0172083111386537
0.0177436224002297
0.017745463805304
0.017745463805304
0.0171741834657463
0.0171741834657463
0.0171948230760008
0.0171721217339441
0.0171721217339441
0.0171721217339441
0.0171721217339441
0.0171722355783162
0.0159899167287884
0.0170214817923516
0.0170214817923516
0.0168383665250535
0.0168936994703452
0.0168591095337859
0.0168591095337859
0.0168591095337859
0.0168591095337859
0.0168591095337859
0.0168591095337859
0.0168591095337859
0.0168182717727155
0.0177198734772773
0.0177198734772773
0.0177198734772773
0.0169095789041161
0.0192137205340072
0.0185313822698324
0.0165249535728237
0.0164899877748298
0.0164899877748298
0.0164899877748298
0.0164899877748298
0.0164801191008267
0.0158993168019259
0.0158993168019259
0.0158993168019259
0.0158993168019259
0.016407640604188
0.016407640604188
0.016407640604188
0.016407640604188
0.0164063513035588
0.0164418003620038
0.0164036101209325
0.0164034149510118
0.0164010582390963
0.0164002996965085
0.0164002996965085
0.0164002475935305
0.0164002475935305
0.0163692141412185
0.0163692141412185
0.0163692141412185
0.0163223092374509
0.0162945479693593
0.0147340994812045
0.0145699843871354
0.0145510705051639