0.213777241411569
0.21373503463746
0.21373503463746
0.21373503463746
0.214375578944172
0.214380508178368
0.214380508178368
0.219185139412994
0.217365369961026
0.217416461288118
0.217241428871343
0.219109996697073
0.219099856655287
0.219099856655287
0.219099856655287
0.219099856655287
0.219099856655287
0.219222489818095
0.219434193559248
0.219434193559248
0.219434193559248
0.219434193559248
0.217364639935836
0.225824891624694
0.225824891624694
0.225824891624694
0.225904800342954
0.226391581174488
0.227334595167982
0.238168963561072
0.251747730811036
0.239034021453862
0.241959239147725
0.238343818344273
0.238082213543714
0.241129356651123
0.241263515984594
0.24144195263554
0.241917782819489
0.241841883809164
0.241418235317074
0.240968114113743
0.241021023422941
0.241021023422941
0.241020820001672
0.241021391082143
0.242472617730335
0.246986423284572
0.246842088481708
0.246842088481708
0.251902325592537
0.252885172906108
0.252888408614152
0.252888408614152
0.252888408614152
0.252888408614152
0.252890659082249
0.252890659082249
0.252526441525831
0.250829324566177
0.250821564030221
0.250821564030221
0.259444940296042
0.258554883487587
0.259370340483855
0.259752268720627
0.259680646087462
0.259680646087462
0.259680646087462
0.259678400470906
0.25949244794551
0.270104234834864
0.270104234834864
0.270110550105362
0.270090211174636
0.270090211174636
0.270090211174636
0.270090211174636
0.270090211174636
0.269974268355469
0.268318556261608
0.268494412855057
0.269642678861664
0.269733436254921
0.269470609879761
0.269484535326193
0.269448376968606
0.269462057924344
0.268670483958455
0.268674791299679
0.268674791299679
0.270915024918084
0.270938654657466
0.293463140323639
0.302434947518976
0.303305468354937
