0.18546225568522
0.186179151022858
0.186205606394571
0.186205606394571
0.186205606394571
0.186209573574664
0.186209573574664
0.178875410741072
0.176590812963316
0.176613619976282
0.17562549711413
0.177832187043954
0.177832187043954
0.177832187043954
0.177832187043954
0.177832187043954
0.177832187043954
0.177956030800669
0.177956030800669
0.177956030800669
0.177956030800669
0.177956030800669
0.175734287430433
0.162267112331518
0.162267112331518
0.162267112331518
0.162285144469971
0.162000419353212
0.161415299111104
0.147928572049192
0.131719247013602
0.125302056110045
0.122315708205306
0.12291471433687
0.122889412469467
0.121654617934806
0.121670147815387
0.121663530968707
0.121724969879
0.121669162209719
0.121682373549689
0.121680417962851
0.121676959064075
0.121676959064075
0.121677032117014
0.121676810697682
0.121448993669897
0.124066440395584
0.124015907631923
0.123855200339305
0.121373022744363
0.121123196752436
0.121123196752436
0.121123196752436
0.121123196752436
0.121123196752436
0.121123196752436
0.121123196752436
0.120972743308282
0.120008508985905
0.119954307552856
0.119893106914076
0.11817849838772
0.119161371431045
0.117950040506682
0.117936115302393
0.117936115302393
0.117936115302393
0.117936115302393
0.117935990520037
0.117856797952275
0.112708504690672
0.112708504690672
0.112705854623037
0.112710010150525
0.112710010150525
0.112710010150525
0.112710010150525
0.112710010150525
0.112670779361008
0.112664967687604
0.112660860665401
0.11257183454506
0.112564460927638
0.1123762764364
0.112372768778012
0.11237575161916
0.112378877224378
0.112004959640504
0.112006708571535
0.112006708571535
0.110634751837223
0.110592194727703
0.0972082371431904
0.0958871087554256
0.0958099560416864