0.0579890955987049
0.0579467765127972
0.0579467765127972
0.0579467765127972
0.0579467765127972
0.0579467765127972
0.0579467765127972
0.058752940522112
0.0583069513478638
0.0583069513478638
0.0582586247332441
0.0587999195061938
0.0587999195061938
0.0587999195061938
0.0587999195061938
0.0587999195061938
0.0587999195061938
0.0588000405655845
0.0588000405655845
0.0588000405655845
0.0588000405655845
0.0588000405655845
0.0581330454591472
0.0596570205153917
0.0596570205153917
0.0596570205153917
0.0597369292336519
0.0597369292336519
0.0599408613797474
0.0624546196764332
0.0708233466395031
0.0646309107002629
0.0651063886368487
0.0639009827431762
0.0635469902648001
0.0641621413227077
0.0641341989112002
0.0641455921784139
0.0642169546166122
0.064206365937885
0.0641759956443748
0.0641759956443748
0.0641759956443748
0.0641759956443748
0.0641759848824892
0.0641876217580541
0.0660390059718044
0.0697812484889991
0.0697733697608465
0.0697733697608465
0.0717176647151536
0.07182694625102
0.07182694625102
0.07182694625102
0.07182694625102
0.07182694625102
0.07182694625102
0.07182694625102
0.0716574633278012
0.0687574106733447
0.0687573454749666
0.0687573454749666
0.068997719216981
0.0688475361243001
0.0689050070211943
0.0689393683751343
0.0688636918076085
0.0688636918076085
0.0688636918076085
0.0688636918076085
0.0688256993261513
0.0707286203233272
0.0707286203233272
0.0707286203233272
0.0707082407716096
0.0707082407716096
0.0707082407716096
0.0707082407716096
0.0707082407716096
0.0707137125865294
0.0704763250343252
0.0706800575823006
0.0706748930363265
0.0706748930363265
0.0706251304601302
0.0706251304601302
0.0705940933982011
0.0705940933982011
0.0704281306845658
0.0704281306845658
0.0704281306845658
0.0706146229673196
0.0706011574975117
0.0754301274337423
0.0771884067079673
0.0771884067079673