0.466666666666667
0.466666666666667
0.466666666666667
0.466666666666667
0.466666666666667
0.466666666666667
0.466666666666667
0.466666666666667
0.466666666666667
0.466666666666667
0.466666666666667
0.466666666666667
0.466666666666667
0.466666666666667
0.466666666666667
0.466666666666667
0.466666666666667
0.466666666666667
0.466666666666667
0.466666666666667
0.466666666666667
0.466666666666667
0.466666666666667
0.466666666666667
0.466666666666667
0.466666666666667
0.466666666666667
0.466666666666667
0.466666666666667
0.466666666666667
0.466666666666667
0.466666666666667
0.466666666666667
0.466666666666667
0.466666666666667
0.466666666666667
0.466666666666667
0.466666666666667
0.466666666666667
0.466666666666667
0.466666666666667
0.466666666666667
0.466666666666667
0.466666666666667
0.466666666666667
0.466666666666667
0.466666666666667
0.466666666666667
0.466666666666667
0.466666666666667
0.466666666666667
0.466666666666667
0.466666666666667
0.466666666666667
0.466666666666667
0.466666666666667
0.466666666666667
0.466666666666667
0.466666666666667
0.466666666666667
0.466666666666667
0.466666666666667
0.466666666666667
0.466666666666667
0.466666666666667
0.466666666666667
0.466666666666667
0.466666666666667
0.466666666666667
0.466666666666667
0.466666666666667
0.466666666666667
0.466666666666667
0.466666666666667
0.466666666666667
0.466666666666667
0.466666666666667
0.466666666666667
0.466666666666667
0.466666666666667
0.466666666666667
0.466666666666667
0.466666666666667
0.466666666666667
0.466666666666667
0.466666666666667
0.466666666666667
0.466666666666667
0.466666666666667
0.476923076923077
0.466666666666667
0.466666666666667
0.466666666666667
0.466666666666667
0.466666666666667
0.466666666666667