0.0837606837606838
0.0837606837606838
0.0837606837606838
0.0837606837606838
0.0837606837606838
0.0837606837606838
0.0837606837606838
0.0837606837606838
0.0837606837606838
0.0837606837606838
0.0837606837606838
0.0837606837606838
0.0837606837606838
0.0837606837606838
0.0837606837606838
0.0837606837606838
0.0837606837606838
0.0837606837606838
0.0837606837606838
0.0837606837606838
0.0837606837606838
0.0837606837606838
0.0837606837606838
0.0837606837606838
0.0837606837606838
0.0837606837606838
0.0837606837606838
0.0837606837606838
0.0837606837606838
0.0837606837606838
0.0837606837606838
0.0837606837606838
0.0837606837606838
0.0837606837606838
0.0837606837606838
0.0837606837606838
0.0837606837606838
0.0837606837606838
0.0837606837606838
0.0837606837606838
0.0837606837606838
0.0837606837606838
0.0837606837606838
0.0837606837606838
0.0837606837606838
0.0837606837606838
0.0837606837606838
0.0837606837606838
0.0837606837606838
0.0837606837606838
0.0837606837606838
0.0837606837606838
0.0837606837606838
0.0837606837606838
0.0837606837606838
0.0837606837606838
0.0837606837606838
0.0837606837606838
0.0837606837606838
0.0837606837606838
0.0837606837606838
0.0837606837606838
0.0837606837606838
0.0837606837606838
0.0837606837606838
0.0837606837606838
0.0837606837606838
0.0837606837606838
0.0837606837606838
0.0837606837606838
0.0837606837606838
0.0837606837606838
0.0837606837606838
0.0837606837606838
0.0837606837606838
0.0837606837606838
0.0837606837606838
0.0837606837606838
0.0837606837606838
0.0837606837606838
0.0837606837606838
0.0837606837606838
0.0837606837606838
0.0837606837606838
0.0837606837606838
0.0837606837606838
0.0837606837606838
0.0837606837606838
0.0837606837606838
0.0735042735042735
0.0837606837606838
0.0837606837606838
0.0837606837606838
0.0837606837606838
0.0837606837606838
0.0837606837606838