0.0173021739784224
0.0173021755155693
0.0173021755155693
0.0173021755155693
0.0173021770526967
0.0173021770526967
0.0173021808303528
0.0173021808303528
0.0173021808303528
0.0173021808303528
0.0173021808303528
0.0173021808303528
0.0173021869784746
0.0173021885154562
0.0173021878120411
0.0173021878120411
0.0173021878120411
0.0173021901825752
0.0173021901825752
0.0173021917195161
0.0173021671261164
0.0173021671261164
0.0173021693668642
0.017302167829639
0.0173056779579176
0.0173056816923317
0.0173056832075693
0.0173056847227877
0.0173056855341506
0.0173056855341506
0.0173056855341506
0.0173056870493394
0.0173056863455212
0.0173056863455212
0.0173056863455212
0.0173056878606996
0.017305686453108
0.0173056887796785
0.0173056887796785
0.0173056887796785
0.0173056887796785
0.017305690294826
0.0173056895910795
0.0173056911062166
0.0173056911062166
0.0173056934327225
0.0173056964628798
0.0173056972742547
0.0173056972742547
0.0173056987892941
0.0173056980856372
0.017305821866447
0.0173058226763332
0.0173058257046218
0.0173058250003706
0.0173058250003706
0.017305826514495
0.0173058280286001
0.0173058273243759
0.0173058273243759
0.0173058273243759
0.0173058288384707
0.0173058288384707
0.0173058296483489
0.0173058296483489
0.0173058311624142
0.0173058311624142
0.0173058311624142
0.0173058311624142
0.0173058326764601
0.0173058319722897
0.0173058319722897
0.0173058304582347
0.0173058304582347
0.017305849329695
0.0173058508435099
0.0173058508435099
0.0173058508435099
0.017305855384839
0.017305855384839
0.017305855384839
0.017305855384839
0.0173058569390565
0.0173058569390565
0.0173058569390565
0.0173058569390565
0.0173057475581911
0.0173057490725909
0.0173057490725909
0.0173057521013327
0.0173057521013327
0.0173057536156747
0.0173057536156747
0.0173057536156747
0.0173057536156747
0.017305752910973