0.81239355775854
0.81239355775854
0.81239355775854
0.81239355775854
0.81239355775854
0.81239355775854
0.81239355775854
0.81239355775854
0.81239355775854
0.81239355775854
0.81239355775854
0.81239355775854
0.81239355775854
0.81239355775854
0.81239355775854
0.81239355775854
0.81239355775854
0.81239355775854
0.81239355775854
0.81239355775854
0.81239355775854
0.81239355775854
0.812391728498608
0.812391728498608
0.812391728498608
0.812391728498608
0.812391728498608
0.812391728498608
0.812391728498608
0.812391728498608
0.812391728498608
0.812393865382007
0.812393865382007
0.812393865382007
0.812393865382007
0.812393865382007
0.812393865382007
0.812393865382007
0.812393865382007
0.812393865382007
0.812393865382007
0.812393865382007
0.812393865382007
0.812393865382007
0.812393865382007
0.812393865382007
0.812393865382007
0.812393865382007
0.812393865382007
0.812393865382007
0.812393865382007
0.812393865382007
0.812393865382007
0.812393865382007
0.812393865382007
0.812393865382007
0.812393865382007
0.812393865382007
0.812393865382007
0.812393865382007
0.812393865382007
0.812393865382007
0.812393865382007
0.812393865382007
0.812393865382007
0.812393865382007
0.812393865382007
0.812393865382007
0.812393865382007
0.812393865382007
0.812393865382007
0.812393865382007
0.812393865382007
0.812393865382007
0.812393865382007
0.812393865382007
0.812393865382007
0.812393865382007
0.812393865382007
0.812393865382007
0.812393865382007
0.812393865382007
0.812393865382007
0.812393865382007
0.812393865382007
0.812393865382007
0.812393865382007
0.812393865382007
0.812393865382007
0.812393865382007
0.812393865382007
0.812393865382007
0.812393865382007
0.812393865382007
0.812393865382007
0.812393865382007
