0.168868600484282
0.168868600484282
0.168868600484282
0.168868600484282
0.168868600484282
0.168868600484282
0.168868600484282
0.168868600484282
0.168868600484282
0.168868600484282
0.168868600484282
0.168868600484282
0.168868600484282
0.168868600484282
0.168868600484282
0.168868600484282
0.168868600484282
0.168868600484282
0.168868600484282
0.168868600484282
0.168868600484282
0.168868600484282
0.168867657801201
0.168867657801201
0.168867657801201
0.168867657801201
0.168867657801201
0.168867657801201
0.168867657801201
0.168867657801201
0.168867657801201
0.168867657801201
0.168867657801201
0.168867657801201
0.168867657801201
0.168867657801201
0.168867657801201
0.168867657801201
0.168867657801201
0.168867657801201
0.168867657801201
0.168867657801201
0.168867657801201
0.168867657801201
0.168867657801201
0.163797185614469
0.163837323636989
0.163837323636989
0.163837323636989
0.163837323636989
0.163837323636989
0.163837323636989
0.163837323636989
0.163837323636989
0.163837323636989
0.163837323636989
0.163837323636989
0.163837323636989
0.163837323636989
0.163837323636989
0.163837323636989
0.163837323636989
0.163837323636989
0.163837323636989
0.163837323636989
0.163837323636989
0.163837323636989
0.163837323636989
0.163837323636989
0.163837323636989
0.163837323636989
0.163837323636989
0.163837323636989
0.163837323636989
0.163837323636989
0.163837323636989
0.163837323636989
0.163837323636989
0.163837323636989
0.163837323636989
0.163837323636989
0.163837323636989
0.163837323636989
0.163837323636989
0.163837323636989
0.163837323636989
0.163837323636989
0.163837323636989
0.163837323636989
0.163837323636989
0.163837323636989
0.163837323636989
0.163837323636989
0.163837323636989
0.163837323636989
0.163837323636989
