0.0849935787989078
0.0849935787989078
0.0849935787989078
0.0849935787989078
0.0849935787989078
0.0849935787989078
0.0849935787989078
0.0849935787989078
0.0849935787989078
0.0849935787989078
0.0849935787989078
0.0849935787989078
0.0849935787989078
0.0849935787989078
0.0849935787989078
0.0849935787989078
0.0849935787989078
0.0849935787989078
0.0849935787989078
0.0849935787989078
0.0849935787989078
0.0849935787989078
0.0849934045629344
0.0849934045629344
0.0849934045629344
0.0849934045629344
0.0849934045629344
0.0849934045629344
0.0849934045629344
0.0849934045629344
0.0849934045629344
0.0849934045629344
0.0849934045629344
0.0849934045629344
0.0849934045629344
0.0849934045629344
0.0849934045629344
0.0849934045629344
0.0849934045629344
0.0849934045629344
0.0849934045629344
0.0849934045629344
0.0849934045629344
0.0849934045629344
0.0849934045629344
0.0849934045629344
0.0849934045629344
0.0849934045629344
0.0849934045629344
0.0849934045629344
0.0849934045629344
0.0849934045629344
0.0849934045629344
0.0849934045629344
0.0849934045629344
0.0849934045629344
0.0849934045629344
0.0849934045629344
0.0849934045629344
0.0849934045629344
0.0849934045629344
0.0849934045629344
0.0849934045629344
0.0849934045629344
0.0849934045629344
0.0849934045629344
0.0849934045629344
0.0849934045629344
0.0849934045629344
0.0849934045629344
0.0849934045629344
0.0849934045629344
0.0849934045629344
0.0849934045629344
0.0849934045629344
0.0849934045629344
0.0849934045629344
0.0849934045629344
0.0849934045629344
0.0849934045629344
0.0849934045629344
0.0849934045629344
0.0849934045629344
0.0849934045629344
0.0849934045629344
0.0849934045629344
0.0849934045629344
0.0849934045629344
0.0849934045629344
0.0849934045629344
0.0849934045629344
0.0849934045629344
0.0849934045629344
0.0849934045629344
0.0849934045629344
0.0849934045629344
