0
0
0
0
0
0
0
0
0
0
0
0
0
0
0
0
0
0
0
0
0
0
0
0
0
0
0
0
0
0
0
0
0
0
0
0
0
0
0
0
0
0
0
0
0
0
0
0
0
0
0
0
0
0
0
0
0
0
0
0
0
0
0.0014367816091954
0.0014367816091954
0.0014367816091954
0.0014367816091954
0.0014367816091954
0.0014367816091954
0.0014367816091954
0.0014367816091954
0.0014367816091954
0.0014367816091954
0.0014367816091954
0.0014367816091954
0.0014367816091954
0.0014367816091954
0.0014367816091954
0.0014367816091954
0.0014367816091954
0.0014367816091954
0.0014367816091954
0.00118906064209275
0.00118906064209275
0.00118906064209275
0.00118906064209275
0.00118906064209275
0.00118906064209275
0.00118906064209275
0.00118906064209275
0.00118906064209275
0.00118906064209275
0.00118906064209275
0.00334423305588585
0.00334423305588585
0.00334423305588585
0.00334423305588585
0.00431034482758621
0.00431034482758621
0.00431034482758621
0.00431034482758621
0.00431034482758621
0.00431034482758621
0.00431034482758621
0.0021551724137931
0.0021551724137931
0.0021551724137931
0.00897988505747126
0.00897988505747126
0.00897988505747126
0.00897988505747126
0.00897988505747126
0.00897988505747126
0.00897988505747126
0.00897988505747126
0.00897988505747126
0.00897988505747126
0.00897988505747126
0.00897988505747126
0.00897988505747126
0.00897988505747126
0.00897988505747126
0.00897988505747126
0.00897988505747126
0.00897988505747126
0.00897988505747126
0.00897988505747126
0.00897988505747126
0.0111350574712644
0.0111350574712644
0.0111350574712644
0.0111350574712644
0.0111350574712644
0.0111350574712644
0.0111350574712644
0.0111350574712644
0.0111350574712644
0.0111350574712644
0.0111350574712644
0.0111350574712644
0.0111350574712644
0.0111350574712644
0.0111350574712644
0.0111350574712644
0.0111350574712644
0.0111350574712644
0.0111350574712644
0.0111350574712644
0.0111350574712644
0.0111350574712644
0.0111350574712644
0.0111350574712644
0.0111350574712644
0.0111350574712644
0.0111350574712644
0.0111350574712644
0.0111350574712644
0.0111350574712644
0.0111350574712644
0.0111350574712644
0.0111350574712644
0.0111350574712644
0.0111350574712644
0.0111350574712644
0.010621921182266
0.010621921182266
0.010621921182266
0.010621921182266
0.010621921182266
0.010621921182266
0.010621921182266
0.010621921182266
0.010621921182266
0.010621921182266
0.010621921182266
0.010621921182266
0.010621921182266
0.010621921182266
0.00846674876847291
0.00846674876847291
0.00846674876847291
0.00846674876847291
0.00846674876847291
0.00846674876847291
0.00846674876847291
0.00846674876847291
0.00846674876847291
0.00846674876847291
0.00846674876847291
0.00846674876847291
0.00846674876847291
0.00846674876847291
0.00846674876847291
0.0101744186046512
0.0101744186046512
0.0101744186046512
0.0101744186046512
0.0101744186046512
0.0101744186046512
0.0101744186046512
0.0101744186046512
0.00799418604651163
0.00799418604651163
0.00799418604651163
0.00799418604651163
0.00799418604651163
0.00944767441860465
0.00944767441860465
0.00944767441860465
0.00933586762075134
0.00933586762075134
0.00933586762075134
0.00933586762075134
0.00933586762075134
0.00799418604651163
0.00799418604651163
0.00799418604651163
0.00933586762075134
0.00933586762075134
0.00933586762075134
0.00799418604651163
0.00799418604651163
0.00799418604651163
0.00799418604651163
0.00799418604651163
0.00799418604651163
0.00799418604651163
0.00884500850822462
0.00799418604651163
0.00799418604651163
0.00799418604651163
0.00799418604651163
0.00799418604651163
0.00799418604651163
0.00799418604651163
0.00884500850822462
0.00799418604651163
0.00799418604651163
0.00799418604651163
0.00799418604651163
0.00864018087855297
0.00864018087855297
0.00645994832041344
0.00581395348837209
0.00799418604651163
0.00799418604651163
0.00864018087855297
0.00864018087855297
0.00799418604651163
0.00799418604651163
0.00799418604651163
0.00799418604651163
0.00799418604651163
0.00799418604651163
0.00799418604651163
0.00799418604651163
0.00799418604651163
0.00799418604651163
0.00799418604651163
0.00799418604651163
0.00799418604651163
0.00846558768070396
0.00846558768070396
0.00846558768070396
0.00799418604651163
0.00799418604651163
0.00846558768070396
0.00846558768070396
0.00846558768070396
0.00799418604651163
0.00799418604651163
0.00843575213423609
0.00799418604651163
0.00799418604651163
0.00799418604651163
0.00799418604651163
0.00799418604651163
0.00799418604651163
0.00799418604651163
0.00839981070849108
0.00799418604651163
0.00799418604651163
0.00836528946066304
0.00836528946066304
0.00836528946066304
0.00836528946066304
0.00836528946066304
0.00799418604651163
0.00799418604651163
0.00790229885057471
0.00790229885057471
0.00790229885057471
0.00790229885057471
0.00790229885057471
0.00790229885057471
0.00790229885057471
0.00790229885057471
0.00790229885057471
0.00922855879752432
0.00922855879752432
0.00922855879752432
0.00790229885057471
0.00790229885057471
0.00790229885057471
0.00790229885057471
0.00790229885057471
0.00790229885057471
0.00790229885057471
0.00790229885057471
0.00790229885057471
0.00790229885057471
0.00790229885057471
0.00790229885057471
0.00901464590285503
0.00901464590285503
0.00901464590285503
0.00901464590285503
0.00901464590285503
0.00901464590285503
0.00901464590285503
0.00901464590285503
0.00901464590285503
0.00901464590285503
0.00901464590285503
0.00901464590285503
0.0111698183166481
0.0111698183166481
0.0111698183166481
0.0111698183166481
0.0111698183166481
0.0111698183166481
0.0111698183166481
0.0110153256704981
0.0110153256704981
0.0110153256704981
0.0110153256704981
0.0110153256704981
0.0110153256704981
0.0110153256704981
0.00886015325670498
0.00886015325670498
0.00886015325670498
0.00886015325670498
0.00886015325670498
0.00886015325670498
0.00886015325670498
0.00886015325670498
0.00886015325670498
0.00886015325670498
0.00886015325670498
0.00886015325670498
0.00886015325670498
0.00886015325670498
0.00886015325670498
0.00886015325670498
0.00886015325670498
0.00886015325670498
0.00886015325670498
0.00886015325670498
0.00886015325670498
0.00886015325670498
0.00886015325670498
0.00886015325670498
0.00886015325670498
0.00886015325670498
0.00886015325670498
0.00886015325670498
0.00886015325670498
0.00886015325670498
0.00874334174376227
0.00874334174376227
0.00874334174376227
0.00790229885057471
0.00790229885057471
0.00865192403798101
0.00865192403798101
0.00865192403798101
0.00865192403798101
0.00865192403798101
0.00865192403798101
0.00865192403798101
0.00865192403798101
0.00865192403798101
0.00865192403798101
0.00865192403798101
0.0100574712643678
0.0100574712643678
0.0100574712643678
0.0100574712643678
0.0100574712643678
0.0100574712643678
0.0100574712643678
0.0100574712643678
0.0100574712643678
0.0100574712643678
0.0100574712643678
0.0100574712643678
0.0100574712643678
0.0100574712643678
0.0100574712643678
0.0100574712643678
0.0100574712643678
0.0100574712643678
0.0100574712643678
0.0100574712643678
0.0100574712643678
0.0100574712643678
0.0100574712643678
0.0100574712643678
0.0100574712643678
0.0100574712643678
0.0100574712643678
0.0100574712643678
0.0100574712643678
0.0100574712643678
0.0100574712643678
0.0100574712643678
0.0100574712643678
0.0100574712643678
0.0100574712643678
0.0100574712643678
0.0100574712643678
0.0100574712643678
0.0100574712643678
0.0100574712643678
0.0100574712643678
0.0100574712643678
0.0100574712643678
0.0100574712643678
0.0100574712643678
0.0100574712643678
0.00790229885057471
0.00790229885057471
0.00790229885057471
0.00790229885057471
0.00790229885057471
0.00790229885057471
0.00790229885057471
0.00790229885057471
0.00790229885057471
0.00790229885057471
0.00790229885057471
0.00790229885057471
0.00790229885057471
0.00790229885057471
0.00790229885057471
0.00790229885057471
0.00790229885057471
0.00574712643678161
0.00574712643678161
0.00738916256157635
0.00738916256157635
0.00738916256157635
0.00738916256157635
0.00738916256157635
0.00738916256157635
0.00738916256157635
0.00738916256157635
0.00738916256157635
0.00738916256157635
0.00738916256157635
0.00738916256157635
0.00738916256157635
0.00738916256157635
0.00738916256157635
0.00738916256157635
0.00738916256157635
0.00738916256157635
0.00738916256157635
0.00738916256157635
0.00738916256157635
0.00738916256157635
0.00738916256157635
0.00738916256157635
0.00738916256157635
0.00738916256157635
0.00738916256157635
0.00738916256157635
0.00738916256157635
0.00738916256157635
0.00738916256157635
0.0098314606741573
0.0098314606741573
0.0098314606741573
0.0098314606741573
0.0098314606741573
0.0098314606741573
0.0098314606741573
0.0098314606741573
0.0098314606741573
0.0098314606741573
0.0098314606741573
0.0098314606741573
0.0098314606741573
0.0098314606741573
0.0098314606741573
0.0098314606741573
0.0098314606741573
0.0098314606741573
0.0098314606741573
0.0098314606741573
0.0098314606741573
0.0098314606741573
0.0098314606741573
0.0098314606741573
0.0098314606741573
0.00932985553772071
0.00932985553772071
0.00932985553772071
0.00932985553772071
0.00932985553772071
0.00932985553772071
0.00932985553772071
0.00932985553772071
0.00932985553772071
0.00932985553772071
0.00932985553772071
0.00932985553772071
0.00932985553772071
0.00932985553772071
0.00932985553772071
0.00932985553772071
0.00932985553772071
0.00932985553772071
0.00902117545375972
0.00902117545375972
0.00902117545375972
0.00902117545375972
0.00902117545375972
0.00902117545375972
0.00902117545375972
0.00902117545375972
0.00902117545375972
0.00902117545375972
0.00902117545375972
0.00902117545375972
0.00902117545375972
0.00902117545375972
0.00902117545375972
0.00902117545375972
0.00902117545375972
0.00902117545375972
0.00902117545375972
0.00902117545375972
0.00902117545375972
0.00902117545375972
0.00902117545375972
0.00902117545375972
0.00902117545375972
0.00902117545375972
0.00902117545375972
0.00902117545375972
0.00902117545375972
0.00881206959043132
0.00881206959043132
0.00881206959043132
0.00881206959043132
0.00881206959043132
0.00881206959043132
0.00881206959043132
0.00881206959043132
0.00881206959043132
0.00881206959043132
0.00881206959043132
0.00881206959043132
0.00881206959043132
0.00881206959043132
0.00881206959043132
0.00881206959043132
0.00881206959043132
0.00881206959043132
0.00881206959043132
0.00881206959043132
0.00881206959043132
0.00881206959043132
0.00881206959043132
0.00881206959043132
0
0
0
0
0
0
0
0
0
0
0
0
0
0
0
0
0
0
0
0
0
0
0
0
0
0
0
0
0
0
0
0
0
0
0
0
0
0
0
0
0
0
0
0
0
0
0
0
0
0
0
0
0
0
0
0
0
0
0
0
0
0
0
0
0
0
0
0
0
0
0
0
0
0
0
0
0
0
0
0
0
0
0
0
0
0
0
0
0
0
0
0
0
0
0
0
0
0
0
0
0
0
0
0
0
0
0
0
0
0
0
0
0
0
0
0
0
0
0
0
0
0
0
0
0
0
0
0
0
0
0
0
0
0
0
0
0
0
0
0
0
0
0
0
0
0
0
0
0
0
0
0
0
0
0
0
0
0
0
0
0
0
0
0
0
0
0
0
0
0
0
0
0
0
0
0
0
0
0
0
0
0
0
0
0
0
0
0
0
0
0
0
0
0
0
0
0
0
0
0
0
0
0
0
0
0
0
0
0
0
0
0
0
0
0
0
0
0
0
0
0
0
0
0
0
0
0
0
0
0
0
0
0
0
0
0
0
0
0
0
0
0
0
0
0
0
0
0
0
0
0
0
0
0
0
0
0
0
0
0
0
0
0
0
0
0
0
0
0
0
0
0
0
0
0
0
0
0
0
0
0
0
0
0
0
0
0
0
0
0
0
0
0
0
0
0
0
0
0
0
0
0
0
0
0
0
0
0
0
0
0
0
0
0
0
0
0
0
0
0
0
0
0
0
0
0
0
0
0
0
0
0
0
0
0
0
0
0
0
0
0
0
0
0
0
0
0
0
0
0
0
0
0
0
0
0
0
0
0
0
0
0
0
0
0
0
0
0
0
0
0
0
0
0
0
0
0
0
0
0
0
0
0
0
0
0
0
0
0
0
0
0
0
0
0
0
0
0
0
0
0
0
0
0
0
0
0
0
0
0
0
0
0
0
0
0
0
0
0
0
0
0
0
0
0
0
0
0
0
0
0
0
0
0
0
0
0
0
0
0
0
0
0
0
0
0
0
0
0
0
0
0
0
0
0
0
0
0
0
0
0
0
0
0
0
0
0
0
0
0
0
0
0
0
0
0
0
0
0
0
0
0
0
0
0
0
0
0
0
0
0
0
0
0
0
0
0
0
0
0
0
0
0
0
0
0
0
0
0
0
0
0
0
0
0
0
0
0
0
0
0
0
0
0
0
0
0
0
0
0
0
0
0
0
0
0
0
0
0
0
0
0
0
0
0
0
0
0
0
0
0
0
0
0
0
0
0
0
0
0
0
0
0
0
0
0
0
0
0
0
0
0
0
0
0
0
0
0
0
0
0
0
0
0
0
0
0
0
0
0
0
0
0
0
0
0
0
0
0
0
0
0
0
0
0
0
0
0
0
0
0
0
0
0
0
0
0
0
0
0
0
0
0
0
0
0
0
0
0
0
0
0
0
0
0
0
0
0
0
0
0
0
0
0
0
0
0
0
0
0
0
0
0
0
0
0
0
0
0
0
0
0
0
0
0
0
0
0
0
0
0
0
0
0
0
0
0
0
0
0
0
0
0
0
0
0
0
0
0
0
0
0
0
0
0
0
0
0
0
0
0
0
0
0
0
0
0
0
0
0
0
0
0
0
0
0
0
0
0
0
0
0
0
0
0
0
0
0
0
0
0
0
0
0
0
0
0
0
0
0
0
0
0
0
0
0
0
0
0
0
0
0
0
0
0
0
0
0
0
0
0
0
0
0
0
0
0
0
