0.338727678571429
0.338727678571429
0.338727678571429
0.338727678571429
0.338727678571429
0.338727678571429
0.338727678571429
0.338727678571429
0.338727678571429
0.338727678571429
0.338727678571429
0.338727678571429
0.338727678571429
0.338727678571429
0.338727678571429
0.338727678571429
0.338727678571429
0.338727678571429
0.338727678571429
0.338727678571429
0.338727678571429
0.338727678571429
0.338727678571429
0.338727678571429
0.338727678571429
0.338727678571429
0.338727678571429
0.338727678571429
0.338727678571429
0.338727678571429
0.338727678571429
0.338727678571429
0.338727678571429
0.338727678571429
0.338727678571429
0.333147321428571
0.335302493842364
0.335302493842364
0.335302493842364
0.335302493842364
0.335302493842364
0.335302493842364
0.335302493842364
0.335302493842364
0.335302493842364
0.335302493842364
0.335302493842364
0.335302493842364
0.335302493842364
0.335302493842364
0.335302493842364
0.335302493842364
0.335302493842364
0.335302493842364
0.335302493842364
0.335302493842364
0.335302493842364
0.335302493842364
0.335302493842364
0.335302493842364
0.335302493842364
0.335302493842364
0.335302493842364
0.335302493842364
0.335302493842364
0.335302493842364
0.335302493842364
0.335302493842364
0.335302493842364
0.335302493842364
0.335302493842364
0.335302493842364
0.335302493842364
0.335302493842364
0.335302493842364
0.335302493842364
0.335302493842364
0.335302493842364
0.335302493842364
0.335302493842364
0.335302493842364
0.335302493842364
0.335302493842364
0.335302493842364
0.335302493842364
0.335302493842364
0.335302493842364
0.335302493842364
0.335302493842364
0.335302493842364
0.335302493842364
0.335302493842364
0.335302493842364
0.335302493842364
0.335302493842364
0.349811422413793
0.353236607142857
0.353236607142857
0.353236607142857
0.353236607142857
0.353236607142857
0.353236607142857
0.353236607142857
0.353236607142857
0.353236607142857
0.353236607142857
0.353236607142857
0.353236607142857
0.353236607142857
0.353236607142857
0.338727678571429
0.338727678571429
0.338727678571429
0.338727678571429
0.338727678571429
0.338727678571429
0.338727678571429
0.338727678571429
0.338727678571429
0.338727678571429
0.338727678571429
0.338727678571429
0.338727678571429
0.338727678571429
0.338727678571429
0.338727678571429
0.338727678571429
0.329799107142857
0.329799107142857
0.338727678571429
0.338727678571429
0.338727678571429
0.338727678571429
0.338727678571429
0.338727678571429
0.335379464285714
0.338727678571429
0.338727678571429
0.338727678571429
0.338727678571429
0.338727678571429
0.338727678571429
0.338727678571429
0.338202468487395
0.338202468487395
0.338202468487395
0.338202468487395
0.338202468487395
0.338202468487395
0.338202468487395
0.338202468487395
0.338202468487395
0.338202468487395
0.338202468487395
0.338202468487395
0.338202468487395
0.338202468487395
0.338202468487395
0.338202468487395
0.338202468487395
0.338202468487395
0.338202468487395
0.338202468487395
0.338202468487395
0.338202468487395
0.338202468487395
0.338202468487395
0.338202468487395
0.338202468487395
0.338202468487395
0.338202468487395
0.338202468487395
0.338202468487395
0.338202468487395
0.338202468487395
0.338202468487395
0.338202468487395
0.338202468487395
0.338202468487395
0.338202468487395
0.338202468487395
0.338202468487395
0.338202468487395
0.338202468487395
0.338202468487395
0.338202468487395
0.338202468487395
0.338202468487395
0.338202468487395
0.338202468487395
0.338202468487395
0.338202468487395
0.328544061302682
0.328544061302682
0.328544061302682
0.328544061302682
0.328544061302682
0.328544061302682
0.328544061302682
0.328544061302682
0.328544061302682
0.328544061302682
0.328544061302682
0.328544061302682
0.328544061302682
0.328544061302682
0.328544061302682
0.328544061302682
0.328544061302682
0.328544061302682
0.328544061302682
0.328544061302682
0.328544061302682
0.328544061302682
0.328544061302682
0.328544061302682
0.328544061302682
0.328544061302682
0.328544061302682
0.328544061302682
0.328544061302682
0.328544061302682
0.328544061302682
0.328544061302682
0.328544061302682
0.328544061302682
0.328544061302682
0.328544061302682
0.328544061302682
0.328544061302682
0.328544061302682
0.328544061302682
0.328544061302682
0.328544061302682
0.328544061302682
0.328544061302682
0.328544061302682
0.328544061302682
0.328544061302682
0.328544061302682
0.328544061302682
0.328544061302682
0.328544061302682
0.328544061302682
0.328544061302682
0.328544061302682
0.328544061302682
0.328544061302682
0.328544061302682
0.328544061302682
0.328544061302682
0.328544061302682
0.328544061302682
0.328544061302682
0.328544061302682
0.328544061302682
0.328544061302682
0.328544061302682
0.328544061302682
0.328544061302682
0.328544061302682
0.328544061302682
0.328544061302682
0.328544061302682
0.328544061302682
0.328544061302682
0.328544061302682
0.328544061302682
0.328544061302682
0.328544061302682
0.328544061302682
0.328544061302682
0.328544061302682
0.328544061302682
0.328544061302682
0.328487239431132
0.328487239431132
0.328726703032664
0.328726703032664
0.328726703032664
0.328726703032664
0.328726703032664
0.328726703032664
0.328726703032664
0.328726703032664
0.328726703032664
0.328726703032664
0.328726703032664
0.328544061302682
0.328544061302682
0.328544061302682
0.328544061302682
0.328544061302682
0.328040573730229
0.328040573730229
0.328040573730229
0.328040573730229
0.328040573730229
0.328040573730229
0.328040573730229
0.328040573730229
0.328040573730229
0.328040573730229
0.328040573730229
0.328040573730229
0.328040573730229
0.328040573730229
0.328040573730229
0.328040573730229
0.328040573730229
0.328040573730229
0.328040573730229
0.328040573730229
0.328040573730229
0.326877464808499
0.326877464808499
0.326877464808499
0.326877464808499
0.326877464808499
0.322498701809047
0.326877464808499
0.326877464808499
0.326877464808499
0.326877464808499
0.326877464808499
0.327561646527164
0.327561646527164
0.327561646527164
0.327561646527164
0.327561646527164
0.327561646527164
0.327561646527164
0.327561646527164
0.328093787863903
0.328093787863903
0.328093787863903
0.326767995733513
0.326767995733513
0.325668213398767
0.325668213398767
0.325668213398767
0.325668213398767
0.325668213398767
0.325668213398767
0.326104041996096
0.326104041996096
0.32383665716999
0.325539509447555
0.325539509447555
0.325142658281174
0.325142658281174
0.325142658281174
0.325142658281174
0.325142658281174
0.325488678036285
0.325488678036285
0.325488678036285
0.325301110128696
0.325301110128696
0.325301110128696
0.325572256606739
0.325572256606739
0.325823318160483
0.325823318160483
0.325823318160483
0.326056446746102
0.326056446746102
0.326056446746102
0.326056446746102
0.326056446746102
0.326056446746102
0.326056446746102
0.326056446746102
0.326056446746102
0.326056446746102
0.324961755996239
0.324961755996239
0.324961755996239
0.326056446746102
0.326056446746102
0.326056446746102
0.325604291871158
0.325604291871158
0.325604291871158
0.327107279693487
0.327107279693487
0.327107279693487
0.327107279693487
0.321360153256705
0.327107279693487
0.327107279693487
0.327107279693487
0.327107279693487
0.327107279693487
0.328014720709821
0.328014720709821
0.328171562366965
0.328171562366965
0.328171562366965
0.326943076081007
0.326943076081007
0.326943076081007
0.326943076081007
0.326943076081007
0.327409760032265
0.327409760032265
0.327409760032265
0.327808148771143
0.327808148771143
0.327808148771143
0.328152211772901
0.328152211772901
0.328152211772901
0.328152211772901
0.328152211772901
0.328452351838265
0.328452351838265
0.328452351838265
0.328452351838265
0.328452351838265
0.328452351838265
0.328452351838265
0.328452351838265
0.328212496315945
0.328212496315945
0.328212496315945
0.328212496315945
0.328212496315945
0.325766283524904
0.327298850574713
0.327298850574713
0.327298850574713
0.327298850574713
0.327298850574713
0.327563400839263
0.327563400839263
0.327563400839263
0.327563400839263
0.327563400839263
0.327107279693487
0.327107279693487
0.327107279693487
0.327107279693487
0.327107279693487
0.327107279693487
0.327445345954474
0.327445345954474
0.327186007452895
0.327186007452895
0.327186007452895
0.327186007452895
0.327186007452895
0.327186007452895
0.327036327515255
0.327036327515255
0.32549291833484
0.326526109604374
0.326526109604374
0.326732467099783
0.326732467099783
0.326732467099783
0.326302681992337
0.326302681992337
0.325383141762452
0.326302681992337
0.326302681992337
0.326493508908976
0.326493508908976
0.326493508908976
0.326493508908976
0.326493508908976
0.326493508908976
0.326673534302031
0.326673534302031
0.326673534302031
0.326673534302031
0.326673534302031
0.326804799354709
0.326804799354709
0.326804799354709
0.327107279693487
0.327107279693487
0.327107279693487
0.327107279693487
0.327107279693487
0.327107279693487
0.327107279693487
0.327107279693487
0.327107279693487
0.327107279693487
0.323175035289373
0.323175035289373
0.323175035289373
0.328014720709821
0.328014720709821
0.328014720709821
0.327586206896552
0.327586206896552
0.328171562366965
0.328171562366965
0.328171562366965
0.326614668856048
0.326614668856048
0.326614668856048
0.326614668856048
0.326614668856048
0.327107279693487
0.327107279693487
0.324687436983263
0.327107279693487
0.327107279693487
0.32752780114008
0.32752780114008
0.336866881599851
0.337230059212818
0.337230059212818
0.335140195053988
0.337230059212818
0.337230059212818
0.337330533451223
0.337330533451223
0.337330533451223
0.337330533451223
0.337330533451223
0.337330533451223
0.337595785440613
0.337595785440613
0.337267378215654
0.337267378215654
0.338704159824849
0.339063355227148
0.337267378215654
0.337985769020252
0.336766769197561
0.336766769197561
0.336766769197561
0.336766769197561
0.331962760945277
0.333385392257064
0.351872528632131
0.332235966969708
0.328734370018422
0.330256874246513
0.330256874246513
0.330256874246513
0.330256874246513
0.331668449160811
0.331668449160811
0.330504474186273
0.331668449160811
0.331668449160811
0.331897340581108
0.331897340581108
0.331897340581108
0.331897340581108
0.331897340581108
0.331897340581108
0.331897340581108
0.331897340581108
0.331897340581108
0.331897340581108
0.331897340581108
0.331897340581108
0.331897340581108
0.330775950056858
0.331897340581108
0.331897340581108
0.331583157891125
0.331583157891125
0.331583157891125
0.331583157891125
0.331583157891125
0.331583157891125
0.331583157891125
0.331583157891125
0.331583157891125
0.336446360153257
0.336446360153257
0.327107279693487
0.327107279693487
0.321360153256705
0.327107279693487
0.327107279693487
0.323175035289373
0.323175035289373
0.323175035289373
0.328014720709821
0.328014720709821
0.328674677812609
0.328674677812609
0.328674677812609
0.328674677812609
0.328674677812609
0.328674677812609
0.328674677812609
0.328674677812609
0.32449494949495
0.322927551375827
0.328674677812609
0.328674677812609
0.328674677812609
0.328674677812609
0.328674677812609
0.328674677812609
0.328674677812609
0.328674677812609
0.328674677812609
0.328674677812609
0.328674677812609
0.328674677812609
0.329176245210728
0.329176245210728
0.329570333880679
0.329570333880679
0.329570333880679
0.323823207443897
0.329570333880679
0.329570333880679
0.329570333880679
0.329196770662288
0.329196770662288
0.329196770662288
0.329196770662288
0.329196770662288
0.326897920087575
0.323613847837986
0.326897920087575
0.329196770662288
0.326897920087575
0.326897920087575
0.329196770662288
0.329514584105797
0.329514584105797
0.326548325299716
0.326548325299716
0.326548325299716
0.329514584105797
0.329514584105797
0.329514584105797
0.329514584105797
0.329457762234246
0.329457762234246
0.329457762234246
0.329457762234246
0.32971949095243
0.32971949095243
0.32971949095243
0.32971949095243
0.32971949095243
0.329938777175773
0.329938777175773
0.330125170465615
0.330125170465615
0.330125170465615
0.330125170465615
0.330125170465615
0.327826319890902
0.330125170465615
0.330125170465615
0.330268848626534
0.330268848626534
0.330268848626534
0.330268848626534
0.330268848626534
0.330268848626534
0.330268848626534
0.330268848626534
0.329444029554589
0.329444029554589
0.329444029554589
0.329444029554589
0.329444029554589
0.327107279693487
0.327107279693487
0.327107279693487
0.327107279693487
0.327107279693487
0.327107279693487
0.327107279693487
0.327107279693487
0.328014720709821
0.328014720709821
0.328014720709821
0.328014720709821
0.328014720709821
0.328014720709821
0.328014720709821
0.328014720709821
0.328674677812609
0.328674677812609
0.328674677812609
0.327873563218391
0.327873563218391
0.327873563218391
0.327873563218391
0.327873563218391
0.327873563218391
0.327873563218391
0.327873563218391
0.328326367119471
0.328326367119471
0.328326367119471
0.328326367119471
0.328326367119471
0.328703703703704
0.328703703703704
0.328703703703704
0.328703703703704
0.328703703703704
0.328703703703704
0.328703703703704
0.328703703703704
0.328703703703704
0.328703703703704
0.328703703703704
0.329022988505747
0.329022988505747
0.329296661193213
0.329296661193213
0.329296661193213
0.329296661193213
0.329296661193213
0.329296661193213
0.329085369780096
0.329085369780096
0.326187976703083
0.326373425958405
0.326940576593614
0.326940576593614
0.326940576593614
0.324751195093888
0.326940576593614
0.326940576593614
0.327177759589418
0.327177759589418
0.327177759589418
0.327177759589418
0.327177759589418
0.327177759589418
0.327177759589418
0.327177759589418
0.323585805566429
0.325980441581755
0.323585805566429
0.325534894153449
0.325534894153449
0.32571801337815
0.32571801337815
0.32571801337815
0.325880786022329
0.325880786022329
0.32441319623048
0.326026424703963
0.326026424703963
0.326157499517433
0.326157499517433
0.326157499517433
0.326157499517433
0.326157499517433
0.326276091015335
0.320745622122797
0.320745622122797
0.320745622122797
0.320745622122797
0.320745622122797
0.320745622122797
0.320745622122797
0.320745622122797
0.321360153256705
0.321360153256705
0.322267594273039
0.322267594273039
0.322267594273039
0.322267594273039
0.322267594273039
0.322267594273039
0.322267594273039
0.322267594273039
0.322267594273039
0.30374907575452
0.298909390334073
0.301934193721853
0.310315419775492
0.310315419775492
0.310315419775492
0.310315419775492
0.310315419775492
0.310315419775492
0.307290616387713
0.310315419775492
0.310315419775492
0.310315419775492
0.310315419775492
0.310315419775492
0.316062546212274
0.316062546212274
0.313037742824494
0.316062546212274
0.316062546212274
0.316062546212274
0.316062546212274
0.316062546212274
0.316062546212274
0.316062546212274
0.313037742824494
0.316062546212274
0.316062546212274
0.316062546212274
0.316062546212274
0.316062546212274
0.316062546212274
0.316062546212274
0.316062546212274
0.316062546212274
0.316062546212274
0.316062546212274
0.316062546212274
0.313037742824494
0.316062546212274
0.315423976608187
0.315423976608187
0.315423976608187
0.315423976608187
0.315423976608187
0.315423976608187
0.315423976608187
0.315423976608187
0.315423976608187
0.315373563218391
0.315373563218391
0.315373563218391
0.315373563218391
0.315373563218391
0.312978927203065
0.315373563218391
0.315373563218391
0.315373563218391
0.315373563218391
0.315373563218391
0.315373563218391
0.315373563218391
0.315373563218391
0.315373563218391
0.315373563218391
0.315373563218391
0.316451149425287
0.317528735632184
0.315373563218391
0.315373563218391
0.314547826661382
0.314547826661382
0.314547826661382
0.314547826661382
0.314547826661382
0.312566058924561
0.314547826661382
0.314547826661382
0.314547826661382
0.314547826661382
0.314547826661382
0.314547826661382
0.314547826661382
0.312566058924561
0.314547826661382
0.303759578544061
0.303759578544061
0.303759578544061
0.303759578544061
0.303759578544061
0.303759578544061
0.303759578544061
0.303759578544061
0.303759578544061
0.300167624521073
0.299600473885864
0.299600473885864
0.303192427908853
0.303192427908853
0.303192427908853
0.303192427908853
0.303192427908853
0.303192427908853
0.303192427908853
0.303192427908853
0.303192427908853
0.303192427908853
0.303192427908853
0.303192427908853
0.303192427908853
0.303192427908853
0.303192427908853
0.303192427908853
0.303192427908853
0.303192427908853
0.303192427908853
0.303192427908853
0.303192427908853
0.303192427908853
0.303192427908853
0.299600473885864
0.303192427908853
0.303192427908853
0.303192427908853
0.303192427908853
0.303192427908853
0.303192427908853
0.303192427908853
0.303192427908853
0.303192427908853
0.303192427908853
0.303192427908853
0.303192427908853
0.303192427908853
0.303192427908853
0.303192427908853
0.303192427908853
0.303192427908853
0.303192427908853
0.299600473885864
0.299600473885864
0.299600473885864
0.303192427908853
0.303192427908853
0.303192427908853
0.303192427908853
0.303192427908853
0.303192427908853
0.303192427908853
0.299600473885864
0.303192427908853
0.303192427908853
0.302337200760522
0.302337200760522
0.302337200760522
0.302337200760522
0.302337200760522
0.302337200760522
0.302337200760522
0.302337200760522
0.302337200760522
0.302337200760522
0.302337200760522
0.302337200760522
0.302337200760522
0.302337200760522
0.302337200760522
0.302337200760522
0.302337200760522
0.302337200760522
0.299600473885864
0.302337200760522
0.302337200760522
0.302337200760522
0.302337200760522
0.302337200760522
0.302337200760522
0.302337200760522
0.302337200760522
0.302337200760522
0.302337200760522
0.305111434108527
0.305111434108527
0.305111434108527
0.305111434108527
0.305111434108527
0.303713849135361
0.303713849135361
0.303713849135361
0.307589818127609
0.307589818127609
0.307589818127609
0.306620825879547
0.306620825879547
0.304198345259392
0.304198345259392
0.304198345259392
0.304794648181276
0.304794648181276
0.304794648181276
0.304794648181276
0.304794648181276
0.307030784138342
0.307030784138342
0.307030784138342
0.304794648181276
0.304794648181276
0.30255851222421
0.307030784138342
0.307030784138342
0.306478327019538
0.306478327019538
0.306478327019538
0.306478327019538
0.306478327019538
0.302591236165045
0.305427311037422
0.305427311037422
0.305427311037422
0.305427311037422
0.305427311037422
0.305427311037422
0.305427311037422
0.302591236165045
0.305427311037422
0.305427311037422
0.305305764971463
0.305305764971463
0.30333701881667
0.304413676870072
0.304413676870072
0.305490334923474
0.305490334923474
0.305490334923474
0.304413676870072
0.304413676870072
0.305490334923474
0.305490334923474
0.305490334923474
0.305490334923474
0.305490334923474
0.303310102365335
0.303310102365335
0.303310102365335
0.303748456001363
0.303748456001363
0.303748456001363
0.303779916788638
0.303779916788638
0.302856160050927
0.302856160050927
0.30446264719903
0.305248316589351
0.305248316589351
0.30446264719903
0.30446264719903
0.30446264719903
0.305248316589351
0.305248316589351
0.303869914342535
0.305341801301617
0.305341801301617
0.305341801301617
0.305341801301617
0.305341801301617
0.305341801301617
0.305341801301617
0.303940085697561
0.305292167904159
0.305292167904159
0.304572975241075
0.304572975241075
0.304572975241075
0.304572975241075
0.304572975241075
0.305191480931328
0.305191480931328
0.308788314176245
0.308788314176245
0.308788314176245
0.308788314176245
0.307830459770115
0.307830459770115
0.308677792513999
0.308677792513999
0.308677792513999
0.306467359269083
0.306467359269083
0.306467359269083
0.308677792513999
0.308677792513999
0.308677792513999
0.308677792513999
0.308677792513999
0.308677792513999
0.308677792513999
0.308677792513999
0.308677792513999
0.308677792513999
0.30864927079471
0.30864927079471
0.304941447287109
0.30679535904091
0.30679535904091
0.30679535904091
0.30679535904091
0.30679535904091
0.30679535904091
0.30679535904091
0.30679535904091
0.30679535904091
0.30679535904091
0.30679535904091
0.30679535904091
0.304941447287109
0.30679535904091
0.30679535904091
0.30679535904091
0.30679535904091
0.30679535904091
0.306712962962963
0.306712962962963
0.306712962962963
0.306712962962963
0.306712962962963
0.306712962962963
0.306712962962963
0.306712962962963
0.306712962962963
0.306712962962963
0.306712962962963
0.306712962962963
0.306712962962963
0.306712962962963
0.306712962962963
0.306712962962963
0.306712962962963
0.306712962962963
0.306712962962963
0.306712962962963
0.306712962962963
0.306712962962963
0.306712962962963
0.306712962962963
0.306712962962963
0.306712962962963
0.306712962962963
0.306712962962963
0.306712962962963
0.306712962962963
0.306712962962963
0.306712962962963
0.306712962962963
0.306712962962963
0.306712962962963
0.306712962962963
0.306712962962963
0.306089968227269
0.306089968227269
0.304688230071956
0.307491706382581
0.307491706382581
0.306352032317175
0.306352032317175
0.306352032317175
0.306352032317175
0.306352032317175
0.306352032317175
0.306352032317175
0.306352032317175
0.306352032317175
0.306352032317175
0.306352032317175
0.300886015325671
0.300886015325671
0.300886015325671
0.300886015325671
0.300886015325671
0.300886015325671
0.300886015325671
0.297294061302682
0.300886015325671
0.300886015325671
0.300886015325671
0.300886015325671
0.300886015325671
0.300886015325671
0.300886015325671
0.300886015325671
0.300886015325671
0.300886015325671
0.300886015325671
0.300886015325671
0.300886015325671
0.300886015325671
0.300886015325671
0.300886015325671
0.300886015325671
0.300886015325671
0.300886015325671
0.300886015325671
0.297294061302682
0.300886015325671
0.300886015325671
0.300886015325671
0.300886015325671
0.300886015325671
0.300886015325671
0.300886015325671
0.300886015325671
0.300886015325671
0.300886015325671
0.300886015325671
0.300886015325671
0.300886015325671
0.300886015325671
0.300886015325671
0.297294061302682
0.297294061302682
0.297294061302682
0.300886015325671
0.300886015325671
0.300886015325671
0.300886015325671
0.304477969348659
0.304477969348659
0.300886015325671
0.300886015325671
0.300886015325671
0.300886015325671
0.300886015325671
0.300886015325671
0.300886015325671
0.300886015325671
0.300886015325671
0.297294061302682
0.304477969348659
0.304477969348659
0.301672824302135
0.301672824302135
0.298936097427477
0.301672824302135
0.301672824302135
0.301672824302135
0.301672824302135
0.301672824302135
0.301672824302135
0.301672824302135
0.301672824302135
0.301672824302135
0.301672824302135
0.301672824302135
0.301672824302135
0.301672824302135
0.301672824302135
0.301672824302135
0.301672824302135
0.301672824302135
0.301672824302135
0.301672824302135
0.301672824302135
0.301672824302135
0.301672824302135
0.301672824302135
0.301672824302135
0.301672824302135
0.301672824302135
0.301672824302135
0.301672824302135
0.310276217228464
0.313787453183521
0.313787453183521
0.313787453183521
0.313787453183521
0.313787453183521
0.313787453183521
0.313787453183521
0.310276217228464
0.313787453183521
0.313787453183521
0.313787453183521
0.313787453183521
0.313787453183521
0.313787453183521
0.313787453183521
0.313787453183521
0.313787453183521
0.313787453183521
0.313787453183521
0.313787453183521
0.313787453183521
0.313787453183521
0.313787453183521
0.313787453183521
0.314021535580524
0.314021535580524
0.314021535580524
0.314021535580524
0.314021535580524
0.314021535580524
0.314021535580524
0.314021535580524
0.314021535580524
0.314021535580524
0.314021535580524
0.314021535580524
0.314021535580524
0.314021535580524
0.314021535580524
0.314021535580524
0.314021535580524
0.314021535580524
0.314165586286373
0.314165586286373
0.314165586286373
0.314165586286373
0.314165586286373
0.312004825698646
0.312004825698646
0.312004825698646
0.314165586286373
0.314165586286373
0.314165586286373
0.314165586286373
0.314165586286373
0.314165586286373
0.314165586286373
0.314165586286373
0.314165586286373
0.314165586286373
0.312004825698646
0.312004825698646
0.312004825698646
0.314165586286373
0.313989313712111
0.313989313712111
0.313989313712111
0.313989313712111
0.313989313712111
0.313989313712111
0.313989313712111
0.314086896448331
0.314086896448331
0.314086896448331
0.314086896448331
0.314086896448331
0.314086896448331
0.314086896448331
0.312274645632818
0.314086896448331
0.314086896448331
0.314086896448331
0.314086896448331
0.314086896448331
0.314086896448331
0.314086896448331
0.314086896448331
0.314086896448331
0.314086896448331
0.314086896448331
0.314086896448331
0.312274645632818
0.314086896448331
0.314086896448331
0.314086896448331
