0.0279017857142857
0.0279017857142857
0.0279017857142857
0.0279017857142857
0.0279017857142857
0.0279017857142857
0.0279017857142857
0.0279017857142857
0.0279017857142857
0.0279017857142857
0.0279017857142857
0.0279017857142857
0.0279017857142857
0.0279017857142857
0.0279017857142857
0.0279017857142857
0.0279017857142857
0.0279017857142857
0.0279017857142857
0.0279017857142857
0.0279017857142857
0.0279017857142857
0.0279017857142857
0.0279017857142857
0.0279017857142857
0.0279017857142857
0.0279017857142857
0.0279017857142857
0.0279017857142857
0.0279017857142857
0.0279017857142857
0.0279017857142857
0.0279017857142857
0.0279017857142857
0.0279017857142857
0.0279017857142857
0.0279017857142857
0.0279017857142857
0.0279017857142857
0.0279017857142857
0.0279017857142857
0.0279017857142857
0.0279017857142857
0.0279017857142857
0.0279017857142857
0.0279017857142857
0.0279017857142857
0.0279017857142857
0.0279017857142857
0.0279017857142857
0.0279017857142857
0.0279017857142857
0.0279017857142857
0.0279017857142857
0.0279017857142857
0.0279017857142857
0.0279017857142857
0.0279017857142857
0.0279017857142857
0.0279017857142857
0.0279017857142857
0.0279017857142857
0.0279017857142857
0.0279017857142857
0.0279017857142857
0.0279017857142857
0.0279017857142857
0.0279017857142857
0.0279017857142857
0.0279017857142857
0.0279017857142857
0.0279017857142857
0.0279017857142857
0.0279017857142857
0.0279017857142857
0.0279017857142857
0.0279017857142857
0.0279017857142857
0.0279017857142857
0.0279017857142857
0.0279017857142857
0.0279017857142857
0.0279017857142857
0.0279017857142857
0.0279017857142857
0.0279017857142857
0.0279017857142857
0.0279017857142857
0.0279017857142857
0.0279017857142857
0.0279017857142857
0.0279017857142857
0.0279017857142857
0.0279017857142857
0.0279017857142857
0.0279017857142857
0.0279017857142857
0.0279017857142857
0.0279017857142857
0.0279017857142857
0.0279017857142857
0.0279017857142857
0.0279017857142857
0.0279017857142857
0.0279017857142857
0.0279017857142857
0.0279017857142857
0.0279017857142857
0.0279017857142857
0.0279017857142857
0.0279017857142857
0.0279017857142857
0.0279017857142857
0.0279017857142857
0.0279017857142857
0.0279017857142857
0.0279017857142857
0.0279017857142857
0.0279017857142857
0.0279017857142857
0.0279017857142857
0.0279017857142857
0.0279017857142857
0.0279017857142857
0.0279017857142857
0.0279017857142857
0.0279017857142857
0.0279017857142857
0.0279017857142857
0.0279017857142857
0.0279017857142857
0.0279017857142857
0.0279017857142857
0.0279017857142857
0.0279017857142857
0.0279017857142857
0.0279017857142857
0.0279017857142857
0.0279017857142857
0.0279017857142857
0.0279017857142857
0.0279017857142857
0.0279017857142857
0.0279017857142857
0.0279017857142857
0.0279017857142857
0.0279017857142857
0.0279017857142857
0.0279017857142857
0.0279017857142857
0.0279017857142857
0.0279017857142857
0.0279017857142857
0.0279017857142857
0.0279017857142857
0.0279017857142857
0.0279017857142857
0.0279017857142857
0.0279017857142857
0.0279017857142857
0.0279017857142857
0.0279017857142857
0.0279017857142857
0.0279017857142857
0.0279017857142857
0.0279017857142857
0.0279017857142857
0.0279017857142857
0.0279017857142857
0.0279017857142857
0.0279017857142857
0.0279017857142857
0.0279017857142857
0.0279017857142857
0.0279017857142857
0.0279017857142857
0.0279017857142857
0.0279017857142857
0.0279017857142857
0.0279017857142857
0.0279017857142857
0.0279017857142857
0.0279017857142857
0.0279017857142857
0.0279017857142857
0.0279017857142857
0.0279017857142857
0.0279017857142857
0.0279017857142857
0.0279017857142857
0.0279017857142857
0.0279017857142857
0.0189176245210728
0.0189176245210728
0.0189176245210728
0.0189176245210728
0.0189176245210728
0.0189176245210728
0.0189176245210728
0.0189176245210728
0.0189176245210728
0.0189176245210728
0.0189176245210728
0.0189176245210728
0.0189176245210728
0.0189176245210728
0.0189176245210728
0.0189176245210728
0.0189176245210728
0.0189176245210728
0.0189176245210728
0.0189176245210728
0.0189176245210728
0.0189176245210728
0.0189176245210728
0.0189176245210728
0.0189176245210728
0.0189176245210728
0.0189176245210728
0.0189176245210728
0.0189176245210728
0.0189176245210728
0.0189176245210728
0.0189176245210728
0.0189176245210728
0.0189176245210728
0.0189176245210728
0.0189176245210728
0.0189176245210728
0.0189176245210728
0.0189176245210728
0.0189176245210728
0.0189176245210728
0.0189176245210728
0.0189176245210728
0.0189176245210728
0.0189176245210728
0.0189176245210728
0.0189176245210728
0.0189176245210728
0.0189176245210728
0.0189176245210728
0.0189176245210728
0.0189176245210728
0.0189176245210728
0.0189176245210728
0.0189176245210728
0.0189176245210728
0.0189176245210728
0.0189176245210728
0.0189176245210728
0.0189176245210728
0.0189176245210728
0.0189176245210728
0.0189176245210728
0.0189176245210728
0.0189176245210728
0.0189176245210728
0.0189176245210728
0.0189176245210728
0.0189176245210728
0.0189176245210728
0.0189176245210728
0.0189176245210728
0.0189176245210728
0.0189176245210728
0.0189176245210728
0.0189176245210728
0.0189176245210728
0.0189176245210728
0.0189176245210728
0.0189176245210728
0.0189176245210728
0.0189176245210728
0.0189176245210728
0.0186051042275472
0.0186051042275472
0.0207602766413403
0.0207602766413403
0.0207602766413403
0.0207602766413403
0.0207602766413403
0.0207602766413403
0.0207602766413403
0.0207602766413403
0.0207602766413403
0.0207602766413403
0.0207602766413403
0.0210727969348659
0.0210727969348659
0.0210727969348659
0.0210727969348659
0.0210727969348659
0.0166826309067688
0.0166826309067688
0.0166826309067688
0.0166826309067688
0.0166826309067688
0.0166826309067688
0.0166826309067688
0.0166826309067688
0.0166826309067688
0.0166826309067688
0.0166826309067688
0.0166826309067688
0.0166826309067688
0.0166826309067688
0.0166826309067688
0.0166826309067688
0.0166826309067688
0.0166826309067688
0.0166826309067688
0.0166826309067688
0.0166826309067688
0.017777321656632
0.017777321656632
0.017777321656632
0.017777321656632
0.017777321656632
0.017777321656632
0.017777321656632
0.017777321656632
0.017777321656632
0.017777321656632
0.017777321656632
0.0176404853128991
0.0176404853128991
0.0176404853128991
0.0176404853128991
0.0176404853128991
0.0176404853128991
0.0176404853128991
0.0176404853128991
0.0175340570455513
0.0175340570455513
0.0175340570455513
0.0173394453566867
0.0173394453566867
0.0172172473194927
0.0172172473194927
0.0172172473194927
0.0172172473194927
0.0172172473194927
0.0172172473194927
0.0171823810317064
0.0171823810317064
0.0171083439761601
0.0171083439761601
0.0171083439761601
0.0170722665973981
0.0170722665973981
0.0170722665973981
0.0170722665973981
0.0170722665973981
0.0170257429328454
0.0170257429328454
0.0170257429328454
0.0169891443167305
0.0169891443167305
0.0169891443167305
0.0169773553394243
0.0169773553394243
0.0169664396196963
0.0169664396196963
0.0169664396196963
0.0169563035942346
0.0169563035942346
0.0169563035942346
0.0169563035942346
0.0169563035942346
0.0169563035942346
0.0169563035942346
0.0169563035942346
0.0169563035942346
0.0169563035942346
0.0169563035942346
0.0169563035942346
0.0169563035942346
0.0169563035942346
0.0169563035942346
0.0169563035942346
0.0169325059692376
0.0169325059692376
0.0169325059692376
0.0181992337164751
0.0181992337164751
0.0181992337164751
0.0181992337164751
0.0181992337164751
0.0181992337164751
0.0181992337164751
0.0181992337164751
0.0181992337164751
0.0181992337164751
0.0179723734623916
0.0179723734623916
0.0176138782460622
0.0176138782460622
0.0176138782460622
0.0174192665571976
0.0174192665571976
0.0174192665571976
0.0174192665571976
0.0174192665571976
0.0173674127848357
0.0173674127848357
0.0173674127848357
0.0173231473694047
0.0173231473694047
0.0173231473694047
0.0172849181469871
0.0172849181469871
0.0172849181469871
0.0172849181469871
0.0172849181469871
0.0172515692508356
0.0172515692508356
0.0172515692508356
0.0172515692508356
0.0172515692508356
0.0172515692508356
0.0172515692508356
0.0172515692508356
0.0172045387562629
0.0172045387562629
0.0172045387562629
0.0172045387562629
0.0172045387562629
0.0171455938697318
0.0171455938697318
0.0171455938697318
0.0171455938697318
0.0171455938697318
0.0171455938697318
0.0171273490239007
0.0171273490239007
0.0171273490239007
0.0171273490239007
0.0171273490239007
0.0171005183682668
0.0171005183682668
0.0171005183682668
0.0171005183682668
0.0171005183682668
0.0171005183682668
0.0167624521072797
0.0167624521072797
0.0170773631449116
0.0170773631449116
0.0170773631449116
0.0170773631449116
0.0170773631449116
0.0170773631449116
0.0170462608202072
0.0170462608202072
0.0170207499246631
0.0170207499246631
0.0170207499246631
0.0170123271697485
0.0170123271697485
0.0170123271697485
0.016992337164751
0.016992337164751
0.016992337164751
0.016992337164751
0.016992337164751
0.0169856414834654
0.0169856414834654
0.0169856414834654
0.0169856414834654
0.0169856414834654
0.0169856414834654
0.0169793248030073
0.0169793248030073
0.0169793248030073
0.0169793248030073
0.0169793248030073
0.016964105666465
0.016964105666465
0.016964105666465
0.0181992337164751
0.0181992337164751
0.0181992337164751
0.0181992337164751
0.0181992337164751
0.0181992337164751
0.0181992337164751
0.0181992337164751
0.0181992337164751
0.0181992337164751
0.0179723734623916
0.0179723734623916
0.0179723734623916
0.0179723734623916
0.0179723734623916
0.0179723734623916
0.01772030651341
0.01772030651341
0.0176138782460622
0.0176138782460622
0.0176138782460622
0.0174192665571976
0.0174192665571976
0.0174192665571976
0.0174192665571976
0.0174192665571976
0.0173674127848357
0.0173674127848357
0.0173674127848357
0.0173674127848357
0.0173674127848357
0.0173231473694047
0.0173231473694047
0.0173231473694047
0.0172849181469871
0.0172849181469871
0.0172849181469871
0.0172849181469871
0.0172849181469871
0.0172045387562629
0.0172045387562629
0.0172045387562629
0.0172045387562629
0.0172045387562629
0.0172045387562629
0.0171804249390456
0.0171804249390456
0.0171273490239007
0.0171273490239007
0.0171273490239007
0.0171273490239007
0.0171273490239007
0.0171273490239007
0.017086233878366
0.017086233878366
0.017086233878366
0.017086233878366
0.0169572919390792
0.0165962880661702
0.0192634564660972
0.016254197206838
0.0163541224056891
0.0160800418602688
0.0160800418602688
0.0160800418602688
0.0160800418602688
0.0160800418602688
0.0160800418602688
0.0160800418602688
0.0160800418602688
0.0160800418602688
0.0160693957476968
0.0160693957476968
0.0160693957476968
0.0160693957476968
0.0160693957476968
0.0160693957476968
0.0160693957476968
0.0160693957476968
0.0160693957476968
0.0160693957476968
0.0160693957476968
0.0160693957476968
0.0160693957476968
0.0160693957476968
0.0160693957476968
0.0160693957476968
0.0160532838148772
0.0160532838148772
0.0160532838148772
0.0160532838148772
0.0160532838148772
0.0160532838148772
0.0160532838148772
0.0160532838148772
0.0160532838148772
0.0181992337164751
0.0181992337164751
0.0181992337164751
0.0181992337164751
0.0181992337164751
0.0181992337164751
0.0181992337164751
0.0179723734623916
0.0179723734623916
0.0179723734623916
0.0179723734623916
0.0179723734623916
0.0178073841866945
0.0178073841866945
0.0178073841866945
0.0178073841866945
0.0178073841866945
0.0178073841866945
0.0178073841866945
0.0178073841866945
0.0178073841866945
0.0178073841866945
0.0178073841866945
0.0178073841866945
0.0178073841866945
0.0178073841866945
0.0178073841866945
0.0178073841866945
0.0178073841866945
0.0178073841866945
0.0178073841866945
0.0178073841866945
0.0178073841866945
0.0178073841866945
0.0176819923371648
0.0176819923371648
0.0175834701696771
0.0175834701696771
0.0175834701696771
0.0175834701696771
0.0175834701696771
0.0175834701696771
0.0175834701696771
0.0175834701696771
0.0175834701696771
0.0175834701696771
0.0175834701696771
0.0175834701696771
0.0175834701696771
0.0175834701696771
0.0175834701696771
0.0175834701696771
0.0175834701696771
0.0175834701696771
0.0175834701696771
0.0175040168087999
0.0175040168087999
0.0175040168087999
0.0175040168087999
0.0175040168087999
0.0175040168087999
0.0175040168087999
0.0175040168087999
0.0175040168087999
0.0171914965152743
0.0171914965152743
0.0171914965152743
0.0171914965152743
0.0192812367495215
0.0192812367495215
0.0192812367495215
0.0192812367495215
0.0192812367495215
0.0192264151936858
0.0192264151936858
0.0191798168712254
0.0191798168712254
0.0191798168712254
0.0191798168712254
0.0191798168712254
0.0191798168712254
0.0191798168712254
0.0191798168712254
0.0191397206402711
0.0191397206402711
0.0191397206402711
0.0191048543524848
0.0191048543524848
0.0191048543524848
0.0191048543524848
0.0191048543524848
0.0190308172969385
0.0190308172969385
0.0190308172969385
0.0190308172969385
0.0190308172969385
0.0203544061302682
0.0203544061302682
0.0203544061302682
0.0203544061302682
0.0203544061302682
0.0203544061302682
0.0203544061302682
0.0203544061302682
0.0201275458761847
0.0201275458761847
0.0201275458761847
0.0201275458761847
0.0201275458761847
0.0201275458761847
0.0201275458761847
0.0201275458761847
0.0199625566004876
0.0199625566004876
0.0199625566004876
0.019683908045977
0.019683908045977
0.019683908045977
0.019683908045977
0.019683908045977
0.019683908045977
0.019683908045977
0.019683908045977
0.0196142459073494
0.0196142459073494
0.0196142459073494
0.0196142459073494
0.0196142459073494
0.0195561941251596
0.0195561941251596
0.0195561941251596
0.0195561941251596
0.0195561941251596
0.0195561941251596
0.0195561941251596
0.0195561941251596
0.0195561941251596
0.0195561941251596
0.0195561941251596
0.0195070733863837
0.0195070733863837
0.0194649698960044
0.0194649698960044
0.0194649698960044
0.0194649698960044
0.0194649698960044
0.0194649698960044
0.018947728516694
0.018947728516694
0.0190564731639782
0.0197748639685759
0.0186027526558113
0.0186027526558113
0.0186027526558113
0.0186027526558113
0.0186027526558113
0.0186027526558113
0.0185662629641492
0.0185662629641492
0.0185662629641492
0.0185662629641492
0.0185662629641492
0.0185662629641492
0.0185662629641492
0.0185662629641492
0.0185662629641492
0.0185662629641492
0.0185662629641492
0.0185343344839448
0.0185343344839448
0.0185061622955292
0.0185061622955292
0.0185061622955292
0.0184811203502709
0.0184811203502709
0.0184587143992503
0.0184587143992503
0.0184587143992503
0.0184385490433318
0.0184385490433318
0.0184385490433318
0.0184385490433318
0.0184385490433318
0.0184203041975007
0.0184203041975007
0.0184203041975007
0.0184203041975007
0.0184203041975007
0.0184203041975007
0.0184203041975007
0.0184203041975007
0.018403717974018
0.0203544061302682
0.0203544061302682
0.0201275458761847
0.0201275458761847
0.0201275458761847
0.0201275458761847
0.0201275458761847
0.0201275458761847
0.0201275458761847
0.0201275458761847
0.0201275458761847
0.0230011090945755
0.0230011090945755
0.0230011090945755
0.0215643274853801
0.0215643274853801
0.0215643274853801
0.0215643274853801
0.0215643274853801
0.0215643274853801
0.0215643274853801
0.0215643274853801
0.0215643274853801
0.0215643274853801
0.0215643274853801
0.0215643274853801
0.0215643274853801
0.0215643274853801
0.0215643274853801
0.0215643274853801
0.0215643274853801
0.0215643274853801
0.0215643274853801
0.0215643274853801
0.0215643274853801
0.0215643274853801
0.0215643274853801
0.0215643274853801
0.0215643274853801
0.0215643274853801
0.0215643274853801
0.0215643274853801
0.0215643274853801
0.0215643274853801
0.0215643274853801
0.0215643274853801
0.0215643274853801
0.0215643274853801
0.0215643274853801
0.0215643274853801
0.0215643274853801
0.0210470861060698
0.0210470861060698
0.0210470861060698
0.0210470861060698
0.0210470861060698
0.0232022585198629
0.0232022585198629
0.0232022585198629
0.0232022585198629
0.0229501915708812
0.0229501915708812
0.0229501915708812
0.0229501915708812
0.0229501915708812
0.0229501915708812
0.0229501915708812
0.0229501915708812
0.0229501915708812
0.0229501915708812
0.0229501915708812
0.0229501915708812
0.0229501915708812
0.0229501915708812
0.0229501915708812
0.0229501915708812
0.0229501915708812
0.0229501915708812
0.0229501915708812
0.0229501915708812
0.0229501915708812
0.0227850442594795
0.0227850442594795
0.0227850442594795
0.0227850442594795
0.0227850442594795
0.0227850442594795
0.0227850442594795
0.0227850442594795
0.0227850442594795
0.0227850442594795
0.0227850442594795
0.0227850442594795
0.0227850442594795
0.0227850442594795
0.0227850442594795
0.0239463601532567
0.0239463601532567
0.0239463601532567
0.0239463601532567
0.0239463601532567
0.0239463601532567
0.0239463601532567
0.0239463601532567
0.0239463601532567
0.0239463601532567
0.0234291187739464
0.0234291187739464
0.0234291187739464
0.0234291187739464
0.0234291187739464
0.0234291187739464
0.0234291187739464
0.0234291187739464
0.0234291187739464
0.0234291187739464
0.0234291187739464
0.0234291187739464
0.0234291187739464
0.0234291187739464
0.0234291187739464
0.0234291187739464
0.0234291187739464
0.0234291187739464
0.0234291187739464
0.0234291187739464
0.0234291187739464
0.0234291187739464
0.0234291187739464
0.0234291187739464
0.0234291187739464
0.0234291187739464
0.0234291187739464
0.0234291187739464
0.0234291187739464
0.0234291187739464
0.0234291187739464
0.0234291187739464
0.0234291187739464
0.0234291187739464
0.0234291187739464
0.0234291187739464
0.0234291187739464
0.0234291187739464
0.0234291187739464
0.0234291187739464
0.0234291187739464
0.0234291187739464
0.0234291187739464
0.0234291187739464
0.0234291187739464
0.0234291187739464
0.0234291187739464
0.0234291187739464
0.0234291187739464
0.0234291187739464
0.0234291187739464
0.0234291187739464
0.0234291187739464
0.0234291187739464
0.0234291187739464
0.0234291187739464
0.0234291187739464
0.0230870279146141
0.0230870279146141
0.0230870279146141
0.0230870279146141
0.0230870279146141
0.0230870279146141
0.0230870279146141
0.0230870279146141
0.0230870279146141
0.0230870279146141
0.0230870279146141
0.0230870279146141
0.0230870279146141
0.0230870279146141
0.0230870279146141
0.0230870279146141
0.0230870279146141
0.0230870279146141
0.0230870279146141
0.0230870279146141
0.0230870279146141
0.0230870279146141
0.0230870279146141
0.0230870279146141
0.0230870279146141
0.0230870279146141
0.0230870279146141
0.0230870279146141
0.0230870279146141
0.0242248062015504
0.0242248062015504
0.0242248062015504
0.0242248062015504
0.0242248062015504
0.0234980620155039
0.0234980620155039
0.0234980620155039
0.0218023255813953
0.0218023255813953
0.0218023255813953
0.0218023255813953
0.0218023255813953
0.0227713178294574
0.0227713178294574
0.0227713178294574
0.0226967799642218
0.0226967799642218
0.0226967799642218
0.0226967799642218
0.0226967799642218
0.0218023255813953
0.0218023255813953
0.0218023255813953
0.0226967799642218
0.0226967799642218
0.0226967799642218
0.0218023255813953
0.0218023255813953
0.0218023255813953
0.0218023255813953
0.0218023255813953
0.0218023255813953
0.0218023255813953
0.0223695405558707
0.0218023255813953
0.0218023255813953
0.0218023255813953
0.0218023255813953
0.0218023255813953
0.0218023255813953
0.0218023255813953
0.0223695405558707
0.0218023255813953
0.0218023255813953
0.0218023255813953
0.0218023255813953
0.0222329888027562
0.0222329888027562
0.0222329888027562
0.0218023255813953
0.0218023255813953
0.0218023255813953
0.0222329888027562
0.0222329888027562
0.0218023255813953
0.0218023255813953
0.0218023255813953
0.0218023255813953
0.0218023255813953
0.0218023255813953
0.0218023255813953
0.0218023255813953
0.0218023255813953
0.0218023255813953
0.0218023255813953
0.0218023255813953
0.0218023255813953
0.0221165933375236
0.0221165933375236
0.0221165933375236
0.0218023255813953
0.0218023255813953
0.0221165933375236
0.0221165933375236
0.0221165933375236
0.0218023255813953
0.0218023255813953
0.0220967029732117
0.0218023255813953
0.0218023255813953
0.0218023255813953
0.0218023255813953
0.0218023255813953
0.0218023255813953
0.0218023255813953
0.022072742022715
0.0218023255813953
0.0218023255813953
0.0220497278574963
0.0220497278574963
0.0220497278574963
0.0220497278574963
0.0220497278574963
0.0218023255813953
0.0218023255813953
0.0217911877394636
0.0217911877394636
0.0217911877394636
0.0217911877394636
0.0217911877394636
0.0217911877394636
0.0217911877394636
0.0217911877394636
0.0217911877394636
0.02267536103743
0.02267536103743
0.02267536103743
0.0217911877394636
0.0217911877394636
0.0217911877394636
0.0217911877394636
0.0217911877394636
0.0217911877394636
0.0217911877394636
0.0217911877394636
0.0217911877394636
0.0217911877394636
0.0217911877394636
0.0217911877394636
0.0225327524409838
0.0225327524409838
0.0225327524409838
0.0225327524409838
0.0225327524409838
0.0225327524409838
0.0225327524409838
0.0225327524409838
0.0225327524409838
0.0225327524409838
0.0225327524409838
0.0225327524409838
0.0225327524409838
0.0225327524409838
0.0225327524409838
0.0225327524409838
0.0225327524409838
0.0225327524409838
0.0225327524409838
0.0224297573435504
0.0224297573435504
0.0224297573435504
0.0224297573435504
0.0224297573435504
0.0224297573435504
0.0224297573435504
0.0224297573435504
0.0224297573435504
0.0224297573435504
0.0224297573435504
0.0224297573435504
0.0224297573435504
0.0224297573435504
0.0224297573435504
0.0224297573435504
0.0224297573435504
0.0224297573435504
0.0224297573435504
0.0224297573435504
0.0224297573435504
0.0224297573435504
0.0224297573435504
0.0224297573435504
0.0224297573435504
0.0224297573435504
0.0224297573435504
0.0224297573435504
0.0224297573435504
0.0224297573435504
0.0224297573435504
0.0224297573435504
0.0224297573435504
0.0224297573435504
0.0224297573435504
0.0224297573435504
0.0224297573435504
0.0223518830015886
0.0223518830015886
0.0223518830015886
0.0217911877394636
0.0217911877394636
0.0222909378644011
0.0222909378644011
0.0222909378644011
0.0222909378644011
0.0222909378644011
0.0222909378644011
0.0222909378644011
0.0222909378644011
0.0222909378644011
0.0222909378644011
0.0222909378644011
0.0246647509578544
0.0246647509578544
0.0246647509578544
0.0246647509578544
0.0246647509578544
0.0246647509578544
0.0246647509578544
0.0253831417624521
0.0253831417624521
0.0253831417624521
0.0253831417624521
0.0253831417624521
0.0253831417624521
0.0253831417624521
0.0253831417624521
0.0253831417624521
0.0253831417624521
0.0253831417624521
0.0253831417624521
0.0253831417624521
0.0253831417624521
0.0253831417624521
0.0253831417624521
0.0253831417624521
0.0253831417624521
0.0253831417624521
0.0253831417624521
0.0253831417624521
0.0253831417624521
0.0253831417624521
0.0253831417624521
0.0253831417624521
0.0253831417624521
0.0253831417624521
0.0253831417624521
0.0253831417624521
0.0253831417624521
0.0253831417624521
0.0253831417624521
0.0253831417624521
0.0253831417624521
0.0253831417624521
0.0253831417624521
0.0253831417624521
0.0253831417624521
0.0253831417624521
0.0253831417624521
0.0253831417624521
0.0253831417624521
0.0253831417624521
0.0253831417624521
0.0289750957854406
0.0289750957854406
0.0253831417624521
0.0253831417624521
0.0253831417624521
0.0253831417624521
0.0253831417624521
0.0253831417624521
0.0253831417624521
0.0253831417624521
0.0253831417624521
0.0253831417624521
0.0239463601532567
0.0239463601532567
0.0250410509031199
0.0250410509031199
0.0250410509031199
0.0250410509031199
0.0250410509031199
0.0250410509031199
0.0250410509031199
0.0250410509031199
0.0250410509031199
0.0250410509031199
0.0250410509031199
0.0250410509031199
0.0250410509031199
0.0250410509031199
0.0250410509031199
0.0250410509031199
0.0250410509031199
0.0250410509031199
0.0250410509031199
0.0250410509031199
0.0250410509031199
0.0250410509031199
0.0250410509031199
0.0250410509031199
0.0250410509031199
0.0250410509031199
0.0250410509031199
0.0250410509031199
0.0250410509031199
0.0250410509031199
0.0250410509031199
0.0234082397003745
0.0234082397003745
0.0234082397003745
0.0234082397003745
0.0234082397003745
0.0234082397003745
0.0234082397003745
0.0234082397003745
0.0234082397003745
0.0234082397003745
0.0234082397003745
0.0234082397003745
0.0234082397003745
0.0234082397003745
0.0234082397003745
0.0234082397003745
0.0234082397003745
0.0234082397003745
0.0234082397003745
0.0234082397003745
0.0234082397003745
0.0234082397003745
0.0234082397003745
0.0234082397003745
0.0234082397003745
0.0230738362760835
0.0230738362760835
0.0230738362760835
0.0230738362760835
0.0230738362760835
0.0230738362760835
0.0230738362760835
0.0230738362760835
0.0230738362760835
0.0230738362760835
0.0230738362760835
0.0230738362760835
0.0230738362760835
0.0230738362760835
0.0230738362760835
0.0230738362760835
0.0230738362760835
0.0230738362760835
0.0228680495534428
0.0228680495534428
0.0228680495534428
0.0228680495534428
0.0228680495534428
0.0228680495534428
0.0228680495534428
0.0228680495534428
0.0228680495534428
0.0228680495534428
0.0228680495534428
0.0228680495534428
0.0228680495534428
0.0228680495534428
0.0228680495534428
0.0228680495534428
0.0228680495534428
0.0228680495534428
0.0228680495534428
0.0228680495534428
0.0228680495534428
0.0228680495534428
0.0214635551714203
0.0214635551714203
0.0214635551714203
0.0214635551714203
0.0214635551714203
0.0214635551714203
0.0214635551714203
0.0213241512625347
0.0213241512625347
0.0213241512625347
0.0213241512625347
0.0213241512625347
0.0213241512625347
0.0213241512625347
0.0213241512625347
0.0213241512625347
0.0213241512625347
0.0213241512625347
0.0213241512625347
0.0213241512625347
0.0213241512625347
0.0213241512625347
0.0213241512625347
0.0213241512625347
0.0213241512625347
0.0213241512625347
0.0213241512625347
0.0213241512625347
0.0213241512625347
0.0213241512625347
0.0213241512625347
