0.603515625
0.603515625
0.603515625
0.603515625
0.603515625
0.79296875
0.6181640625
0.6181640625
0.6181640625
0.6181640625
0.6181640625
0.6181640625
0.637044270833333
0.6513671875
0.6513671875
0.6513671875
0.6513671875
0.6513671875
0.6513671875
0.6181640625
0.6181640625
0.6181640625
0.6181640625
0.6181640625
0.6181640625
0.6181640625
0.6181640625
0.6181640625
0.6181640625
0.6181640625
0.98828125
0.6201171875
0.6396484375
0.6396484375
0.6396484375
0.6396484375
0.6181640625
0.6181640625
0.6181640625
0.6181640625
0.6181640625
0.6181640625
0.6181640625
0.6181640625
0.6181640625
0.6181640625
0.6181640625
0.6181640625
0.6181640625
0.6181640625
0.6181640625
0.6298828125
0.6181640625
0.6181640625
0.6181640625
0.6181640625
0.6181640625
0.6181640625
0.6181640625
0.6181640625
0.6181640625
0.6181640625
0.6181640625
0.6181640625
0.6181640625
0.6181640625
0.6181640625
0.6181640625
0.6181640625
0.6181640625
0.6181640625
0.6181640625
0.6181640625
0.6181640625
0.6181640625
0.6181640625
0.6181640625
0.6181640625
0.6181640625
0.6181640625
0.6181640625
0.6181640625
0.6181640625
0.6181640625
0.490885416666667
0.490885416666667
0.490885416666667
0.490699404761905
0
0
0
0
0
0
0
0
