0.0313080260963709
0.0313080260963709
0.0313079425253313
0.0313079425253313
0.0313079425251334
0.0313079425250345
0.0313079425250345
0.0313079425249356
0.0313079425249356
0.0313079425249356
0.0313079425249356
0.0313079425248366
0.0313079425248366
0.0313079425246388
0.0313079425246388
0.0313079425244409
0.0313079425244409
0.031307942524243
0.031307942524243
0.0313079425240451
0.0313079425240451
0.0313079425239462
0.0313079425239462
0.0313079425237483
0.0313079425235505
0.0313079425235505
0.0313079425231548
0.0313079425231548
0.0313079425229569
0.0313079425229569
0.031307942522759
0.0313079425225612
0.0313079425224623
0.0313079425224623
0.0313079425224623
0.0313079425224623
0.0313079425220665
0.0313079425220665
0.0313079425216709
0.0313079425216709
0.0313079425216709
0.0313079425213741
0.031307973454
0.031307973454
0.031307973454
0.0313079734538022
0.0313079734538022
0.0313079734538022
0.0313079734538022
0.0313080043862808
0.0313080043862808
0.0313080043861819
0.0313080043861819
0.0313080043861819
0.0313080043861819
0.031308004385984
0.031308004385984
0.0313080043857862
0.0313080043855883
0.0313080043855883
0.0313080043853905
0.0313080043853905
0.0313080043851927
0.0313080043851927
0.0313080043849948
0.0313080043849948
0.031308004384797
0.031308004384797
0.0313080043845992
0.0313080043845992
0.0313080043845003
0.0313080043845003
0.0313080043843025
0.0313080043806224
0.0313080043766462
0.0313080043766462
0.0313080043764484
0.0313080043761517
0.0313080043761517
0.0313080043760528
0.0313080043760528
0.0313080043760528
0.0313080043760528
0.0313080043759539
0.0313080043759539
0.0313080043756572
0.0313080043756572
0.0313080043755583
0.0313080043755583
0.0313080043753605
0.0313080043753605
0.0313080043750637
0.0313080043750637
0.031308004374767
0.031308004374767
0.031308004374767