0.0134643542742593
0.0134643542742593
0.0134643542346627
0.0134643540762798
0.013464354036685
0.0134643539970906
0.0134643539970906
0.0134643539970906
0.0134643539970906
0.0134643539970906
0.0134643539970906
0.0134643539970906
0.0134643539970906
0.0134643539970906
0.0134643539970906
0.0134643538387168
0.0134643538387168
0.0134643538387168
0.0134643538387168
0.013464353680349
0.013464353680349
0.013464353680349
0.013464353680349
0.013464353680349
0.013464353680349
0.013464353680349
0.0134643536605535
0.0134643536605535
0.0134643536605535
0.0134643536605535
0.0134643536605535
0.0134643536605535
0.0134643536605535
0.0134643536605535
0.0134643536605535
0.0134643536605535
0.0134643536605535
0.0134643536605535
0.0134643536605535
0.0134643536605535
0.0134643536605535
0.0134643536209627
0.0134643536019602
0.0134643536019602
0.0134643536019602
0.0134643535821649
0.0134643535821649
0.0134643535623698
0.0134643535623698
0.0134643535433674
0.0134643535433674
0.0134643535433674
0.0134643535433674
0.0134643535433674
0.0134643535433674
0.0134643535433674
0.0134643535433674
0.0134643535235723
0.0134643535235723
0.0134643535235723
0.0134643535235723
0.0134643535235723
0.0134643535235723
0.0134643535235723
0.0134643535235723
0.0134643535235723
0.0134643535235723
0.0134643535235723
0.0134643535235723
0.0134643535235723
0.0134643535235723
0.0134643535235723
0.0134643535235723
0.0134643534839824
0.0134643534641877
0.0134643534641877
0.0134643534641877
0.0134643534641877
0.0134643534641877
0.0134643534641877
0.0134643534641877
0.0134643534641877
0.0134643534641877
0.0134643534641877
0.0134643534641877
0.0134643534641877
0.0134643534641877
0.0134643534641877
0.0134643534641877
0.0134643534641877
0.0134643534641877
0.0134643534641877
0.0134643534641877
0.0134643534641877
0.0134643534641877
0.0134643534641877