0.378517316017316
0.378517316017316
0.378517316017316
0.389420520999468
0.389420520999468
0.389420520999468
0.389420520999468
0.389420520999468
0.389420520999468
0.389420520999468
0.389420520999468
0.389420520999468
0.389420520999468
0.389420520999468
0.389420520999468
0.389420520999468
0.389420520999468
0.389420520999468
0.389420520999468
0.389420520999468
0.389420520999468
0.389420520999468
0.389420520999468
0.389420520999468
0.389420520999468
0.389420520999468
0.389420520999468
0.389420520999468
0.389420520999468
0.389420520999468
0.389420520999468
0.389420520999468
0.389420520999468
0.389420520999468
0.389420520999468
0.389420520999468
0.389420520999468
0.389420520999468
0.389420520999468
0.389420520999468
0.389420520999468
0.389420520999468
0.389420520999468
0.389420520999468
0.389420520999468
0.389420520999468
0.389420520999468
0.389420520999468
0.389420520999468
0.389420520999468
0.389420520999468
0.389420520999468
0.389420520999468
0.389420520999468
0.389420520999468
0.389420520999468
0.389420520999468
0.389420520999468
0.389420520999468
0.389420520999468
0.389420520999468
0.389420520999468
0.389420520999468
0.389420520999468
0.389420520999468
0.389420520999468
0.389420520999468
0.389420520999468
0.389420520999468
0.389420520999468
0.389420520999468
0.389420520999468
0.389420520999468
0.389420520999468
0.389420520999468
0.389420520999468
0.389420520999468
0.389420520999468
0.389420520999468
0.389420520999468
0.389420520999468
0.389420520999468
0.389420520999468
0.389420520999468
0.389420520999468
0.389420520999468
0.389420520999468
0.389420520999468
0.389420520999468
0.389420520999468
0.389420520999468
0.389420520999468
0.389420520999468
0.389420520999468
0.389420520999468
0.389420520999468