0.14226955149876
0.14226955149876
0.14226955149876
0.14226955149876
0.142337164750958
0.142337164750958
0.142337164750958
0.142337164750958
0.142337164750958
0.142337164750958
0.142337164750958
0.142337164750958
0.142337164750958
0.142337164750958
0.142337164750958
0.142337164750958
0.142337164750958
0.142337164750958
0.142337164750958
0.142337164750958
0.142337164750958
0.142337164750958
0.142337164750958
0.142337164750958
0.142337164750958
0.142337164750958
0.142337164750958
0.142337164750958
0.142337164750958
0.142337164750958
0.142337164750958
0.148219517692134
0.148219517692134
0.148219517692134
0.148219517692134
0.148219517692134
0.148219517692134
0.148219517692134
0.148219517692134
0.148219517692134
0.148219517692134
0.148219517692134
0.148219517692134
0.148219517692134
0.148219517692134
0.144365562316881
0.144568402073473
0.144568402073473
0.144568402073473
0.144568402073473
0.144568402073473
0.144568402073473
0.144568402073473
0.144568402073473
0.144568402073473
0.144568402073473
0.144568402073473
0.144568402073473
0.144568402073473
0.144568402073473
0.144568402073473
0.144568402073473
0.144568402073473
0.144568402073473
0.144568402073473
0.144568402073473
0.144568402073473
0.144568402073473
0.144568402073473
0.144568402073473
0.144568402073473
0.144568402073473
0.144568402073473
0.144568402073473
0.144568402073473
0.144568402073473
0.144568402073473
0.144568402073473
0.144568402073473
0.144568402073473
0.144568402073473
0.144568402073473
0.144568402073473
0.144568402073473
0.144568402073473
0.144568402073473
0.144568402073473
0.144568402073473
0.144568402073473
0.144568402073473
0.144568402073473
0.144568402073473
0.144568402073473
0.144568402073473
0.144568402073473
0.144568402073473
