0.481607195010222
0.481607195010222
0.481607195010222
0.481478258110683
0.481478258110683
0.481478258110683
0.481478258110683
0.481478258110683
0.481478258110683
0.481414907610909
0.481414907610909
0.481414907610909
0.481414907610909
0.481414907610909
0.481414907610909
0.481414907610909
0.481414907610909
0.481414907610909
0.481414907610909
0.481414907610909
0.481414907610909
0.481414907610909
0.481414907610909
0.481414907610909
0.481414907610909
0.481414907610909
0.481414907610909
0.481414907610909
0.481414907610909
0.481414907610909
0.481383596444354
0.481451209696552
0.481451209696552
0.48124836993996
0.481451209696552
0.481451209696552
0.481451209696552
0.481451209696552
0.481451209696552
0.481451209696552
0.481451209696552
0.481451209696552
0.481451209696552
0.481451209696552
0.481451209696552
0.481248369939959
0.481451209696552
0.481451209696552
0.481451209696552
0.481451209696552
0.481451209696552
0.481388945205346
0.481388945205346
0.481388945205346
0.481313560314965
0.481313560314965
0.481313560314965
0.481313560314965
0.481313560314965
0.481313560314965
0.481313560314965
0.481313560314965
0.481313560314965
0.481313560314965
0.481313560314965
0.481313560314965
0.481313560314965
0.481313560314965
0.481313560314965
0.481313560314965
0.481313560314965
0.481313560314965
0.481313560314965
0.481313560314965
0.481313560314965
0.481313560314965
0.481313560314965
0.481313560314965
0.481313560314965
0.481313560314965
0.481313560314965
0.481313560314965
0.481313560314965
0.481313560314965
0.481313560314965
0.481313560314965
0.481313560314965
0.481313560314965
0.481313560314965
0.481313560314965
0.481313560314965
0.481313560314965
0.481313560314965
0.481313560314965
0.481313560314965
0.481313560314965
