0.0537525354969574
0.0537525354969574
0.0537525354969574
0.0538201487491548
0.0538201487491548
0.0538201487491548
0.0538201487491548
0.0537525354969574
0.0537525354969574
0.0537525354969574
0.0537525354969574
0.0537525354969574
0.0537525354969574
0.0537525354969574
0.0537525354969574
0.0537525354969574
0.0537525354969574
0.0537525354969574
0.0537525354969574
0.0537525354969574
0.0537525354969574
0.0537525354969574
0.0537525354969574
0.0537525354969574
0.0537525354969574
0.0537525354969574
0.0537525354969574
0.0537525354969574
0.0537525354969574
0.0537525354969574
0.0537525354969574
0.0537525354969574
0.0537525354969574
0.0537525354969574
0.0537525354969574
0.0537525354969574
0.0537525354969574
0.0537525354969574
0.0537525354969574
0.0537525354969574
0.0537525354969574
0.0537525354969574
0.0537525354969574
0.0537525354969574
0.0537525354969574
0.0537525354969574
0.0537525354969574
0.0537525354969574
0.0537525354969574
0.0537525354969574
0.0537525354969574
0.0537525354969574
0.0537525354969574
0.0537525354969574
0.0537525354969574
0.0537525354969574
0.0537525354969574
0.0537525354969574
0.0537525354969574
0.0537525354969574
0.0537525354969574
0.0537525354969574
0.0537525354969574
0.0537525354969574
0.0537525354969574
0.0537525354969574
0.0537525354969574
0.0537525354969574
0.0537525354969574
0.0537525354969574
0.0537525354969574
0.0537525354969574
0.0537525354969574
0.0537525354969574
0.0537525354969574
0.0537525354969574
0.0537525354969574
0.0537525354969574
0.0537525354969574
0.0537525354969574
0.0537525354969574
0.0537525354969574
0.0537525354969574
0.0537525354969574
0.0537525354969574
0.0537525354969574
0.0537525354969574
0.0537525354969574
0.0537525354969574
0.0537525354969574
0.0537525354969574
0.0537525354969574
0.0537525354969574
0.0537525354969574
0.0537525354969574
0.0537525354969574
