0.00520833333333333
0.00520833333333333
0.00520833333333333
0.00520833333333333
0.00520833333333333
0.00520833333333333
0.00520833333333333
0.00520833333333333
0.00520833333333333
0.00520833333333333
0.00520833333333333
0.00520833333333333
0.00520833333333333
0.00520833333333333
0.00520833333333333
0.00520833333333333
0.00520833333333333
0.00520833333333333
0.00520833333333333
0.00520833333333333
0.00520833333333333
0.00520833333333333
0.00520833333333333
0.00520833333333333
0.00520833333333333
0.00520833333333333
0.00520833333333333
0.00520833333333333
0.00520833333333333
0.00520833333333333
0.00520833333333333
0.00520833333333333
0.00520833333333333
0.00520833333333333
0.00520833333333333
0.00520833333333333
0.00520833333333333
0.00520833333333333
0.00520833333333333
0.00520833333333333
0.00520833333333333
0.00520833333333333
0.00520833333333333
0.00520833333333333
0.00520833333333333
0.00520833333333333
0.00520833333333333
0.00520833333333333
0.00520833333333333
0.00520833333333333
0.00520833333333333
0.00520833333333333
0.00520833333333333
0.00520833333333333
0.00520833333333333
0.00520833333333333
0.00520833333333333
0.00520833333333333
0.00520833333333333
0.00520833333333333
0.00520833333333333
0.00520833333333333
0.00520833333333333
0.00520833333333333
0.00520833333333333
0.00520833333333333
0.00520833333333333
0.00520833333333333
0.00520833333333333
0.00520833333333333
0.00520833333333333
0.00520833333333333
0.00520833333333333
0.00520833333333333
0.00520833333333333
0.00520833333333333
0.00520833333333333
0.00520833333333333
0.00520833333333333
0.00520833333333333
0.00520833333333333
0.00520833333333333
0.00520833333333333
0.00520833333333333
0.00520833333333333
0.00520833333333333
0.00520833333333333
0.00520833333333333
0.00520833333333333
0.00520833333333333
0.00520833333333333
0.00520833333333333
0.015625
0.015625
0.015625
0.015625