0.000412408104715797
0.000412408104715797
0.000412408104715797
0.000412408104715797
0.000412408104715797
0.000412408104715797
0.000412408104715797
0.000412408104715797
0.000412408104715797
0.000412408104715797
0.000412408104715797
0.000412408104715797
0.000412408104715797
0.000412408104715797
0.000412408104715797
0.000412408104715797
0.000412408104715797
0.000412408104715797
0.000412408104715797
0.000412408104715797
0.000412408104715797
0.000412408104715797
0.000412408104715797
0.000412408104715797
0.000412408104715797
0.000412408104715797
0.000412408104715797
0.000412408104715797
0.000412408104715797
0.000358615743231128
0.000358615743231128
0.000322754168908015
0.000195774921049646
0.000195774921049646
0.000195774921049646
0.000195774921049646
0.000195774921049646
0.000195774921049646
0.000195774921049646
0.00164963241886319
0.00164963241886319
0.00164963241886319
0.00164963241886319
0.00164963241886319
0.00164963241886319
0.00164963241886319
0.00164963241886319
0.00164963241886319
0.00164963241886319
0.00164963241886319
0.00164963241886319
0.00164963241886319
0.00164963241886319
0.00164963241886319
0.00164963241886319
0.00164963241886319
0.00164963241886319
0.00164963241886319
0.00164963241886319
0.00164963241886319
0.00164963241886319
0.00164963241886319
0.00164963241886319
0.00164963241886319
0.00164963241886319
0.00164963241886319
0.00164963241886319
0.00164963241886319
0.00164963241886319
0.00164963241886319
0.00164963241886319
0.00164963241886319
0.00164963241886319
0.00164963241886319
0.00164963241886319
0.00164963241886319
0.00164963241886319
0.00164963241886319
0.00164963241886319
0.00164963241886319
0.00164963241886319
0.00164963241886319
0.00164963241886319
0.00164963241886319
0.00164963241886319
0.00164963241886319
0.00164963241886319
0.00164963241886319
0.00164963241886319
0.00164963241886319
0.00164963241886319
0.00164963241886319
0.00164963241886319
0.00164963241886319
0.00164963241886319
0.00164963241886319