0.396273174279675
0.396273174279675
0.396273174279675
0.396273174279675
0.396273174279675
0.396273174279675
0.396273174279675
0.396273174279675
0.396273174279675
0.396273174279675
0.396273174279675
0.396273174279675
0.396273174279675
0.396273174279675
0.396273174279675
0.396273174279675
0.396273174279675
0.396273174279675
0.396273174279675
0.396273174279675
0.396273174279675
0.396273174279675
0.396273174279675
0.396273174279675
0.396273174279675
0.396273174279675
0.396273174279675
0.396273174279675
0.396273174279675
0.365503943510444
0.37260453522642
0.356805181243027
0.301572538582741
0.301340246992984
0.34756333115129
0.34756333115129
0.34756333115129
0.34756333115129
0.34756333115129
0.397232116681398
0.397232116681398
0.397232116681398
0.397232116681398
0.397232116681398
0.397232116681398
0.397232116681398
0.397232116681398
0.397232116681398
0.397232116681398
0.397232116681398
0.397232116681398
0.397232116681398
0.397232116681398
0.397232116681398
0.397232116681398
0.397232116681398
0.397232116681398
0.397232116681398
0.397232116681398
0.397232116681398
0.397232116681398
0.397232116681398
0.397232116681398
0.397232116681398
0.397232116681398
0.397232116681398
0.397232116681398
0.397232116681398
0.397232116681398
0.397232116681398
0.397232116681398
0.397232116681398
0.397232116681398
0.397232116681398
0.397232116681398
0.397232116681398
0.397232116681398
0.397232116681398
0.397232116681398
0.397232116681398
0.397232116681398
0.397232116681398
0.397232116681398
0.397232116681398
0.397232116681398
0.397232116681398
0.397232116681398
0.397232116681398
0.397232116681398
0.397232116681398
0.397232116681398
0.397232116681398
0.397232116681398
0.397232116681398
0.397232116681398
0.397232116681398