0.0
0.0
0.0
0.0
0.0
0.0
0.0
0.0
0.0
0.0
0.0
0.0
0.0
0.0
0.0
0.0
0.0
0.0
0.0
0.0
0.0
0.0
0.0
0.0
0.0
0.0
0.0
0.0
0.0
0.993002447173628
0.993002447173628
0.0601983803045416
0.99181352579972
0.99183438561696
0.992888466014143
0.992894841405134
0.992894841405134
0.992894841405134
0.992894841405134
0.000101214574898785
0.000101214574898785
0.000101214574898785
0.000101214574898785
0.000101214574898785
0.000101214574898785
0.000101214574898785
0.000101214574898785
0.000101214574898785
0.000101214574898785
0.000101214574898785
0.000101214574898785
0.000101214574898785
0.000101214574898785
0.000101214574898785
0.000101214574898785
0.000101214574898785
0.000101214574898785
0.000101214574898785
0.000101214574898785
0.000101214574898785
0.000101214574898785
0.000101214574898785
0.000101214574898785
0.000101214574898785
0.000101214574898785
0.000101214574898785
0.000101214574898785
0.000101214574898785
0.000101214574898785
0.000101214574898785
0.000101214574898785
0.000101214574898785
0.000101214574898785
0.000101214574898785
0.000101214574898785
0.000101214574898785
0.000101214574898785
0.000101214574898785
0.000101214574898785
0.000101214574898785
0.000101214574898785
0.000101214574898785
0.000101214574898785
0.000101214574898785
0.000101214574898785
0.000101214574898785
0.000101214574898785
0.000101214574898785
0.000101214574898785
0.000101214574898785
0.000101214574898785
0.000101214574898785
0.000101214574898785
0.000101214574898785
0.000101214574898785
0.000101214574898785