0.00355029585798817
0.00355029585798817
0.00355029585798817
0.00355029585798817
0.00355029585798817
0.00355029585798817
0.00355029585798817
0.00355029585798817
0.00355029585798817
0.00355029585798817
0.00355029585798817
0.00355029585798817
0.00355029585798817
0.00355029585798817
0.00527165142549758
0.00434434052300057
0.00355029585798817
0.00355029585798817
0.00355029585798817
0.00355029585798817
0.00355029585798817
0.00355029585798817
0.00355029585798817
0.00355029585798817
0.00355029585798817
0.00355029585798817
0.00355029585798817
0.00355029585798817
0.00355029585798817
0.00634749865519096
0.00634749865519096
0.0
0.010872385533019
0.0123304046380969
0.00634749865519096
0.00634749865519096
0.00634749865519096
0.00634749865519096
0.00634749865519096
0.0
0.0
0.0
0.0
0.0
0.0
0.0
0.0
0.0
0.0
0.0
0.0
0.0
0.0
0.0
0.0
0.0
0.0
0.0
0.0
0.0
0.0
0.0
0.0
0.0
0.0
0.0
0.0
0.0
0.0
0.0
0.0
0.0
0.0
0.0
0.0
0.0
0.0
0.0
0.0
0.0
0.0
0.0
0.0
0.0
0.0
0.0
0.0
0.0
0.0
0.0
0.0
0.0
0.0
0.0
0.0
0.0