0.00699603754858359
0.00699603754858359
0.00699603754858359
0.00699603754858359
0.00699603754858359
0.00699603754858359
0.00699603754858359
0.00699603754858359
0.00699603754858359
0.00699603754858359
0.00699603754858359
0.00699603754858359
0.00699603754858359
0.00699603754858359
0.00699603754858359
0.00699603754858359
0.00699603754858359
0.00699603754858359
0.00699603754858359
0.00699603754858359
0.00699603754858359
0.00699603754858359
0.00699603754858359
0.00699603754858359
0.00699603754858359
0.00699603754858359
0.00699603754858359
0.00699603754858359
0.00699603754858359
0.00699603754858359
0.00699603754858359
0.914411625074695
0.00720613732212738
0.00718527750488747
0.00699982574305434
0.0069990681041602
0.0069990681041602
0.0069990681041602
0.0069990681041602
0.00699755282637189
0.00699755282637189
0.00699755282637189
0.00699755282637189
0.00699755282637189
0.00699755282637189
0.00699755282637189
0.00699755282637189
0.00699755282637189
0.00699755282637189
0.00699755282637189
0.00699755282637189
0.00699755282637189
0.00699755282637189
0.00699755282637189
0.00699755282637189
0.00699755282637189
0.00699755282637189
0.00699755282637189
0.00699755282637189
0.00699755282637189
0.00699755282637189
0.00699755282637189
0.00699755282637189
0.00699755282637189
0.00699755282637189
0.00699755282637189
0.00699755282637189
0.00699755282637189
0.00699755282637189
0.00699755282637189
0.00699755282637189
0.00699755282637189
0.00699755282637189
0.00699755282637189
0.00699755282637189
0.00699755282637189
0.00699755282637189
0.00699755282637189
0.00699755282637189
0.00699755282637189
0.00699755282637189
0.00699755282637189
0.00699755282637189
0.00699755282637189
0.00699755282637189
0.00699755282637189
0.00699755282637189
0.00699755282637189
0.00699755282637189
0.00699755282637189
0.00699755282637189
0.00699755282637189
0.00699755282637189
0.00699755282637189
0.00699755282637189
0.00699755282637189