0.630627394636015
0.630627394636015
0.630627394636015
0.630627394636015
0.630627394636015
0.631487007564594
0.633282984576088
0.631487007564594
0.631487007564594
0.631487007564594
0.631487007564594
0.631487007564594
0.631487007564594
0.631487007564594
0.631487007564594
0.631487007564594
0.631487007564594
0.631487007564594
0.631487007564594
0.631487007564594
0.631487007564594
0.631487007564594
0.631487007564594
0.631487007564594
0.631487007564594
0.631487007564594
0.631213334877128
0.631213334877128
0.631213334877128
0.631213334877128
0.631213334877128
0.635592097876581
0.631213334877128
0.631213334877128
0.631213334877128
0.631213334877128
0.631213334877128
0.630768616759996
0.630768616759996
0.630768616759996
0.630768616759996
0.630768616759996
0.630768616759996
0.630768616759996
0.630768616759996
0.630768616759996
0.630768616759996
0.630768616759996
0.631322803952114
0.631322803952114
0.632422586286861
0.632422586286861
0.632422586286861
0.632422586286861
0.632422586286861
0.632422586286861
0.631986757689531
0.631986757689531
0.634254142515637
0.632551290238072
0.632551290238072
0.632948141404453
0.632948141404453
0.632948141404453
0.632948141404453
0.632948141404453
0.632602121649342
0.632602121649342
0.632602121649342
0.632789689556931
0.632789689556931
0.632789689556931
0.632518543078888
0.632518543078888
0.632267481525144
0.632267481525144
0.632267481525144
0.632034352939525
0.632034352939525
0.632034352939525
0.632034352939525
0.632034352939525
0.632034352939525
0.632034352939525
0.632034352939525
0.632034352939525
0.632034352939525
0.633129043689388
0.633129043689388
0.633129043689388
0.632034352939525
0.632034352939525
0.632034352939525
0.632486507814469
0.632486507814469
0.632486507814469
