0.0210727969348659
0.0210727969348659
0.0210727969348659
0.0210727969348659
0.0210727969348659
0.0166826309067688
0.0166826309067688
0.0166826309067688
0.0166826309067688
0.0166826309067688
0.0166826309067688
0.0166826309067688
0.0166826309067688
0.0166826309067688
0.0166826309067688
0.0166826309067688
0.0166826309067688
0.0166826309067688
0.0166826309067688
0.0166826309067688
0.0166826309067688
0.0166826309067688
0.0166826309067688
0.0166826309067688
0.0166826309067688
0.0166826309067688
0.017777321656632
0.017777321656632
0.017777321656632
0.017777321656632
0.017777321656632
0.017777321656632
0.017777321656632
0.017777321656632
0.017777321656632
0.017777321656632
0.017777321656632
0.0176404853128991
0.0176404853128991
0.0176404853128991
0.0176404853128991
0.0176404853128991
0.0176404853128991
0.0176404853128991
0.0176404853128991
0.0175340570455513
0.0175340570455513
0.0175340570455513
0.0173394453566867
0.0173394453566867
0.0172172473194927
0.0172172473194927
0.0172172473194927
0.0172172473194927
0.0172172473194927
0.0172172473194927
0.0171823810317064
0.0171823810317064
0.0171083439761601
0.0171083439761601
0.0171083439761601
0.0170722665973981
0.0170722665973981
0.0170722665973981
0.0170722665973981
0.0170722665973981
0.0170257429328454
0.0170257429328454
0.0170257429328454
0.0169891443167305
0.0169891443167305
0.0169891443167305
0.0169773553394243
0.0169773553394243
0.0169664396196963
0.0169664396196963
0.0169664396196963
0.0169563035942346
0.0169563035942346
0.0169563035942346
0.0169563035942346
0.0169563035942346
0.0169563035942346
0.0169563035942346
0.0169563035942346
0.0169563035942346
0.0169563035942346
0.0169563035942346
0.0169563035942346
0.0169563035942346
0.0169563035942346
0.0169563035942346
0.0169563035942346
0.0169325059692376
0.0169325059692376
0.0169325059692376
