0.225095785440613
0.225095785440613
0.225095785440613
0.225095785440613
0.225095785440613
0.228687739463602
0.228687739463602
0.230124521072797
0.228687739463602
0.228687739463602
0.228687739463602
0.228687739463602
0.228687739463602
0.228687739463602
0.228687739463602
0.230124521072797
0.228687739463602
0.228687739463602
0.228687739463602
0.228687739463602
0.228687739463602
0.228687739463602
0.228687739463602
0.228687739463602
0.228687739463602
0.228687739463602
0.227524630541872
0.227524630541872
0.227524630541872
0.227524630541872
0.227524630541872
0.223145867542419
0.227524630541872
0.227524630541872
0.227524630541872
0.227524630541872
0.227524630541872
0.228208812260536
0.228208812260536
0.228208812260536
0.228208812260536
0.228208812260536
0.228208812260536
0.228208812260536
0.228208812260536
0.228740953597275
0.228740953597275
0.228740953597275
0.227415161466886
0.227415161466886
0.226315379132139
0.226315379132139
0.226315379132139
0.226315379132139
0.226315379132139
0.226315379132139
0.226751207729469
0.226751207729469
0.224483822903363
0.226186675180928
0.226186675180928
0.225789824014546
0.225789824014546
0.225789824014546
0.225789824014546
0.225789824014546
0.226135843769657
0.226135843769657
0.226135843769657
0.225948275862069
0.225948275862069
0.225948275862069
0.226219422340112
0.226219422340112
0.226470483893856
0.226470483893856
0.226470483893856
0.226703612479475
0.226703612479475
0.226703612479475
0.226703612479475
0.226703612479475
0.226703612479475
0.226703612479475
0.226703612479475
0.226703612479475
0.226703612479475
0.225608921729611
0.225608921729611
0.225608921729611
0.226703612479475
0.226703612479475
0.226703612479475
0.226251457604531
0.226251457604531
0.226251457604531
