0.0855749151885744
0.085958527207842
0.0857920464972571
0.0857920464972571
0.0857718955115293
0.0857551767670494
0.0857436453969359
0.0857723282789918
0.0857723282789918
0.0857723282789918
0.0857723282789918
0.0857723282789918
0.085734926312752
0.085734926312752
0.0857036344380288
0.0856949977631539
0.0856874674507501
0.0856874674507501
0.0856874674507501
0.0856656639386572
0.0836978733397856
0.0836978733397856
0.0836978733397856
0.0836978733397856
0.0836978733397856
0.0836978733397856
0.0836978733397856
0.0836978733397856
0.0836978733397856
0.0866294383978679
0.0866294383978679
0.0879982623505532
0.0868548378426838
0.0867213709030816
0.0867122523301189
0.0867122523301189
0.0867122523301189
0.0867055654178728
0.0867055654178728
0.0867055654178728
0.0867055654178728
0.0867761250933227
0.0867761250933227
0.0867624669436365
0.0867681596033382
0.0867681596033382
0.0867581139604509
0.0867475483711448
0.0867475483711448
0.0867475483711448
0.086703791656501
0.0886067203775539
0.0886354032596099
0.0886212597882362
0.0886212597882362
0.0886212597882362
0.0886212597882362
0.0886212597882362
0.0756412437721581
0.0736828668572454
0.0735614922031457
0.0747348496088206
0.0747348496088206
0.0747348496088206
0.0802689391843905
0.0846510634092991
0.0846510634092991
0.0876186496144241
0.0872099086939376
0.0868864626997702
0.086284617541427
0.086284617541427
0.086284617541427
0.086284617541427
0.086284617541427
0.086284617541427
0.0862826621615466
0.0862787710604308
0.0863079518781966
0.0863079518781966
0.0863079518781966
0.0863079518781966
0.0863079518781966
0.0863079518781966
0.0863079518781966
0.0863079518781966
0.0863079518781966
0.0851375544935191
0.0851375544935191
0.0851375544935191
0.0761446621240227
0.0846625607102564
0.0849206790628249
0.0849242334814946
0.0861425217032624
0.0861425217032624