0.00465545935996654
0.00116029566822232
0.00467912551087087
0.00467566140611962
0.0047773034415984
0.00477200274408406
0.00476943668782697
0.00476943668782697
0.00476943668782697
0.00476943668782697
0.00476943668782697
0.00476943668782697
0.0047740983966633
0.0047740983966633
0.00477044503057886
0.00476943668782697
0.00476943668782697
0.00476943668782697
0.00476943668782697
0.00476943668782697
0.00476943668782697
0.00476943668782697
0.00476943668782697
0.00476943668782697
0.00476943668782697
0.00476943668782697
0.00476943668782697
0.00476943668782697
0.00476943668782697
0.00476943668782697
0.00476943668782697
0.00476943668782697
0.00477131298273527
0.00477131298273527
0.00477024837777007
0.00477024837777007
0.00476943668782697
0.0012678308989782
0.00194295724231895
0.00194295724231895
0.00230774314081612
0.00196877778696524
0.0046370560247264
0.00473896195525221
0.00477188998794919
0.00477107534169574
0.0047707713730033
0.00476953782704369
0.00476953782704369
0.00476943668782697
0.00477046596865289
0.00477046596865289
0.00476832260860153
0.00476832260860153
0.00476832260860153
0.00476832260860153
0.00476832260860153
0.00476832260860153
0.00479246779544851
0.0112208414765937
0.0112176118619795
0.0111965937776099
0.0111965937776099
0.0111965937776099
0.0111965937776099
0.0111965937776099
0.0111965937776099
0.0113750243199359
0.0113736539228882
0.0113351693251165
0.0111957605166661
0.0111957605166661
0.0111957605166661
0.0111957605166661
0.0111957605166661
0.0111957605166661
0.0111951854049366
0.0111992772234855
0.0112026852022027
0.0112026852022027
0.0112026852022027
0.0112026852022027
0.0112026852022027
0.0112026852022027
0.0112026852022027
0.0112026852022027
0.0112026852022027
0.00478814180789461
0.00478814180789461
0.00478814180789461
0.00479207059028772
0.00479207059028772
0.00479207059028772
0.00479207059028772
0.00477183931542097
0.00477183931542097