0.28877455649187
0.288945030081408
0.288612910967642
0.288648270218596
0.288797516514014
0.288797516514014
0.28876124983462
0.288676389006378
0.288676389006378
0.288676389006378
0.288676389006378
0.288676389006378
0.289203431175043
0.288981138839109
0.288981138839109
0.288909431633969
0.288970388547452
0.288970388547452
0.288970388547452
0.289197537305711
0.289633251591426
0.289633251591426
0.289633251591426
0.289633251591426
0.289633251591426
0.289633251591426
0.289633251591426
0.289633251591426
0.289633251591426
0.290440027516893
0.290440027516893
0.287102975456161
0.289361629906417
0.289361629906417
0.290254284633236
0.290254284633236
0.290310648748958
0.2894736096162
0.290383203852357
0.290383203852357
0.290383203852357
0.290466135302334
0.290466135302334
0.290381274474092
0.290734428674555
0.29052249586223
0.290488720300216
0.290403859471975
0.290052173313443
0.290031913305942
0.290033172866811
0.290168439543874
0.289496679812025
0.289390306822241
0.290039039796912
0.290039039796912
0.290039039796912
0.290039039796912
0.285324179345752
0.279354293928704
0.27909846262771
0.279088265292882
0.279088265292882
0.279088265292882
0.285599090710412
0.289169281224036
0.289169281224036
0.295595399552461
0.294509198829365
0.294408406574508
0.291960716910833
0.291960716910833
0.291960716910833
0.292772763298287
0.292772763298287
0.292772763298287
0.292785514852512
0.292800417241581
0.292800417241581
0.292800417241581
0.292800417241581
0.292800417241581
0.292800417241581
0.292800417241581
0.292800417241581
0.292800417241581
0.292800417241581
0.292641719357695
0.292641719357695
0.292641719357695
0.285991321385099
0.292738377643186
0.292710090700439
0.29267748508881
0.29218510946424
0.29218510946424