0.00364654796512614
0.00364683209328204
0.00364778784571211
0.00364690807307687
0.00364648860231843
0.00364629173956526
0.00364566977473739
0.00364566977473739
0.00364566977473739
0.00364566977473739
0.00364566977473739
0.00364566977473739
0.00364648775937696
0.00364648775937696
0.00364621252924001
0.00364597871063087
0.00364566977473739
0.00364566977473739
0.00364566977473739
0.00364566977473739
0.00364566977473739
0.00364566977473739
0.00364566977473739
0.00364566977473739
0.00364566977473739
0.00364566977473739
0.00364566977473739
0.00364566977473739
0.00364566977473739
0.00364545993197886
0.00364545993197886
0.00364566977473739
0.00364614865660337
0.00364614865660337
0.0036459017916839
0.0036459017916839
0.00364597871063087
0.003645708644706
0.00364559036473025
0.00364559036473025
0.00364559036473025
0.00364607370985249
0.00364607370985249
0.00364596854800973
0.00364659377409222
0.00364638687980564
0.00364590271354801
0.0036456166739052
0.00364559034725668
0.0036455646611064
0.00364610942434559
0.00364610942434559
0.00364556507893572
0.00364556507893572
0.0036455387522872
0.0036455387522872
0.0036455387522872
0.0036455387522872
0.00364609905710169
0.00364579025675927
0.00364573900069087
0.00364522995194478
0.00364522995194478
0.00364522995194478
0.00364522995194478
0.00364522995194478
0.00364522995194478
0.00367705834608556
0.00366081009020344
0.00364674521124223
0.00364481332147289
0.00364481332147289
0.00364481332147289
0.00364481332147289
0.00364481332147289
0.00364481332147289
0.00364481332147289
0.00364481332147289
0.00364534823192053
0.00364534823192053
0.00364534823192053
0.00364534823192053
0.00364534823192053
0.00364534823192053
0.00364534823192053
0.00364534823192053
0.00364534823192053
0.00364626845654368
0.00364626845654368
0.00364626845654368
0.00364626845654368
0.00364625543404319
0.00364625543404319
0.00364643498991471
0.00364503189314763
0.00364503189314763