0.320812293685244
0.321057972019148
0.3209250324628
0.3209250324628
0.320846289938691
0.320846289938691
0.320846289938691
0.320846289938691
0.320846289938691
0.320846289938691
0.320846289938691
0.320846289938691
0.320871506830996
0.320871506830996
0.320871506830996
0.320871506830996
0.320846289938691
0.320846289938691
0.320846289938691
0.320747655003032
0.320776337885088
0.320776337885088
0.320776337885088
0.320776337885088
0.320776337885088
0.320776337885088
0.320776337885088
0.320776337885088
0.320776337885088
0.320764087563992
0.320764087563992
0.320776337885088
0.320801554777394
0.320801554777394
0.320801554777394
0.320801554777394
0.320801554777394
0.322439099631109
0.320770659804643
0.320770659804643
0.320770659804643
0.320767928794609
0.320767928794609
0.320767928794609
0.320834920478035
0.320834920478035
0.320796783703238
0.320796783703238
0.321117289962759
0.321117289962759
0.321141728841789
0.321141728841789
0.321141728841789
0.321141728841789
0.32111287393316
0.32111287393316
0.32111287393316
0.32111287393316
0.320376733888646
0.321049514885986
0.32105950661582
0.32105950661582
0.32105950661582
0.32105950661582
0.32108072182288
0.32108072182288
0.32108072182288
0.314437267243753
0.31542258906686
0.315494568919819
0.318609356507948
0.318609356507948
0.318609356507948
0.318609356507948
0.318609356507948
0.318637778517953
0.318630213586742
0.318615159779257
0.318779062255686
0.318779062255686
0.318779062255686
0.318779062255686
0.318779062255686
0.318779062255686
0.318779062255686
0.318779062255686
0.318779062255686
0.319078342746654
0.319078342746654
0.319078342746654
0.319078342746654
0.31907712270114
0.31907712270114
0.319094014135556
0.319009407361105
0.319009407361105