0.409954486678004
0.409938663356425
0.409921913074299
0.409921913074299
0.409994319323801
0.409932643472564
0.410011787126002
0.410011787126002
0.410011787126002
0.410011787126002
0.410011787126002
0.410011787126002
0.409948411856692
0.409948411856692
0.409957187456523
0.409995036843877
0.410011787126002
0.410011787126002
0.410011787126002
0.410073462977239
0.410073462977239
0.410073462977239
0.410073462977239
0.410073462977239
0.410073462977239
0.410073462977239
0.410073462977239
0.410073462977239
0.410073462977239
0.410049986818629
0.410049986818629
0.410073462977239
0.409984232770021
0.409984232770021
0.41002419402886
0.41002419402886
0.410056712695114
0.410024047763334
0.410068256496956
0.410068256496956
0.410068256496956
0.410025814774553
0.410025814774553
0.410025814774553
0.409884292019179
0.409900066225187
0.409974612495723
0.410020915162902
0.410068259340779
0.410072439761737
0.410005057974789
0.410005057974789
0.410037576641043
0.410037576641043
0.41008492081892
0.41008492081892
0.41008492081892
0.41008492081892
0.41004408456396
0.410023617008655
0.410017828276431
0.410064453263615
0.410064453263615
0.410064453263615
0.410064453263615
0.410064453263615
0.410064453263615
0.410392708552677
0.410272104068488
0.410134688872286
0.41003370705476
0.41003370705476
0.410016956772634
0.410016956772634
0.410016956772634
0.410016956772634
0.410016956772634
0.410016956772634
0.410090871603813
0.410090871603813
0.410090871603813
0.410090871603813
0.410090871603813
0.410090871603813
0.410090871603813
0.410090871603813
0.410090871603813
0.410044246616629
0.410044246616629
0.410044246616629
0.410044246616629
0.410042788096574
0.410042788096574
0.410064362173682
0.410091459724934
0.410091459724934