0.0589329470528761
0.0617067447704757
0.0587762251118486
0.0589186056118481
0.0589766409090247
0.0589479580269688
0.0589189305081526
0.0588622540175609
0.0587762251118486
0.0587762251118486
0.0587762251118486
0.0587762251118486
0.0587728144286102
0.0585535906223192
0.058125102918591
0.0584191024596649
0.0584191024596649
0.0584191024596649
0.0584191024596649
0.0584191024596649
0.0583904195776089
0.0583904195776089
0.0583904195776089
0.0583904195776089
0.0583904195776089
0.0583904195776089
0.0583904195776089
0.0583904195776089
0.0583904195776089
0.0583904195776089
0.0583904195776089
0.0585036442791806
0.0580115592082933
0.0583055587493672
0.0583055587493672
0.0583055587493672
0.0583055587493672
0.0607722866061822
0.0607722866061822
0.0607722866061822
0.0607722866061822
0.0608863157005822
0.0584411000053091
0.0583629113531754
0.0584350918096988
0.0584350918096988
0.0584754343134964
0.0584191024596649
0.0583904195776089
0.0583904195776089
0.0584191024596649
0.0593648913964139
0.0594212232502455
0.0584081309809188
0.0583904195776089
0.0583904195776089
0.0583904195776089
0.0583904195776089
0.0528829303690595
0.0529280459783809
0.0576537776758535
0.057590361260698
0.0578234096774029
0.0578234096774029
0.0582412573061545
0.0579892481778842
0.0579892481778842
0.0539284532672513
0.0559000125151925
0.0585204411316463
0.0614211780062984
0.0614353214776721
0.0614353214776721
0.0614353214776721
0.0614353214776721
0.0614353214776721
0.0614877309438529
0.0614789064195124
0.0614827403955692
0.0614827403955692
0.0614827403955692
0.0614827403955692
0.0614827403955692
0.0614827403955692
0.0614827403955692
0.0614827403955692
0.0614827403955692
0.0611033704712919
0.0611883852071794
0.0611600469618836
0.060628287073148
0.0610290659440318
0.061114131982468
0.0603321788096821
0.0606106085994192
0.0607188586806494