0.00437207690700802
0.000876913215263811
0.00439574305791236
0.00439227895316111
0.00449392098863989
0.00448862029112555
0.00448605423486846
0.00448605423486846
0.00448605423486846
0.00448605423486846
0.00448605423486846
0.00448605423486846
0.00449071594370479
0.00449071594370479
0.00448706257762035
0.00448605423486846
0.00448605423486846
0.00448605423486846
0.00448605423486846
0.00448605423486846
0.00448605423486846
0.00448605423486846
0.00448605423486846
0.00448605423486846
0.00448605423486846
0.00448605423486846
0.00448605423486846
0.00448605423486846
0.00448605423486846
0.00448605423486846
0.00448605423486846
0.00448605423486846
0.00448793052977675
0.00448793052977675
0.00448686592481156
0.00448686592481156
0.00448605423486846
0.000984448446019688
0.00165957478936044
0.00165957478936044
0.00202436068785761
0.00168539533400673
0.00435367357176789
0.0044555795022937
0.00448850753499067
0.00448769288873723
0.00448738892004478
0.00448615537408518
0.00448615537408518
0.00448605423486846
0.00448708351569438
0.00448708351569438
0.00448494015564302
0.00448494015564302
0.00448494015564302
0.00448494015564302
0.00448494015564302
0.00448494015564302
0.00450908534249
0.0109374590236351
0.0109342294090209
0.0109132113246514
0.0109132113246514
0.0109132113246514
0.0109132113246514
0.0109132113246514
0.0109132113246514
0.0110916418669774
0.0110902714699297
0.0110517868721579
0.0109123780637076
0.0109123780637076
0.0109123780637076
0.0109123780637076
0.0109123780637076
0.0109123780637076
0.0109118029519781
0.010915894770527
0.0109193027492442
0.0109193027492442
0.0109193027492442
0.0109193027492442
0.0109193027492442
0.0109193027492442
0.0109193027492442
0.0109193027492442
0.0109193027492442
0.0045047593549361
0.0045047593549361
0.0045047593549361
0.0045086881373292
0.0045086881373292
0.0045086881373292
0.0045086881373292
0.00448845686246246
0.00448845686246246