0.0445909966596545
0.0404589621591122
0.0435164459407109
0.0440333723003688
0.0442593984996176
0.0445541349876396
0.0446769226363506
0.0447617834645923
0.0447617834645923
0.0447617834645923
0.0447617834645923
0.0447617834645923
0.044783077249142
0.044783077249142
0.0447732290449144
0.0447705109035832
0.0447617834645923
0.0447617834645923
0.0447617834645923
0.0450747619212487
0.0451034448033047
0.0451034448033047
0.0451034448033047
0.0451034448033047
0.0451034448033047
0.0451034448033047
0.0451034448033047
0.0451034448033047
0.0451034448033047
0.0451005725805473
0.0451005725805473
0.045284247601337
0.0451161500681766
0.0451161500681766
0.0451132802634878
0.0451132802634878
0.0451121722422956
0.044318250907022
0.0451020060604805
0.0451020060604805
0.0451020060604805
0.0449181961823521
0.0449181961823521
0.0449992669318315
0.0444913641867137
0.0446878571259431
0.0448202227651909
0.044980347774446
0.0450663766801583
0.0450733231784245
0.0446677241157976
0.0446677241157976
0.0449005778175215
0.0449854386457632
0.0450714675514755
0.0450714675514755
0.0450714675514755
0.0450714675514755
0.0454469191492382
0.0454447792601814
0.0454758689830097
0.0454048948720227
0.0454048948720227
0.0454048948720227
0.0450693276624187
0.0450693276624187
0.0450693276624187
0.0485247785486659
0.0484993273861946
0.0484993273861946
0.0480959454058636
0.0480959454058636
0.0480959454058636
0.0480959454058636
0.0480959454058636
0.0480959454058636
0.0480940165696015
0.0480901782888628
0.0480927342729007
0.0480927342729007
0.0480927342729007
0.0480927342729007
0.0480927342729007
0.0480927342729007
0.0480927342729007
0.0480927342729007
0.0480927342729007
0.048216709758428
0.048216709758428
0.048216709758428
0.0487900640797816
0.0483529047513977
0.0483529047513977
0.0483592330373675
0.0480968913713961
0.0480968913713961