0.0859375
0.0859375
0.0859375
0.0859375
0.0859375
0.0859375
0.0859375
0.0859375
0.0859375
0.08984375
0.08984375
0.08984375
0.08984375
0.08984375
0.08984375
0.08984375
0.08984375
0.0859375
0.0859375
0.0859375
0.0859375
0.0859375
0.0859375
0.0859375
0.0859375
0.0859375
0.0859375
0.0859375
0.0859375
0.0859375
0.0859375
0.0859375
0.0859375
0.0859375
0.0859375
0.0859375
0.0859375
0.0859375
0.0859375
0.0859375
0.0859375
0.0859375
0.0859375
0.0859375
0.0859375
0.0859375
0.0859375
0.0859375
0.0859375
0.0859375
0.0859375
0.0859375
0.0859375
0.0859375
0.0859375
0.0859375
0.0859375
0.0859375
0.0859375
0.0859375
0.0859375
0.0859375
0.0859375
0.0859375
0.0859375
0.0859375
0.0859375
0.0859375
0.0859375
0.0859375
0.0859375
0.0859375
0.0859375
0.0859375
0.0890625
0.0890625
0.0890625
0.0890625
0.0890625
0.0890625
0.0890625
0.0890625
0.0890625
0.0890625
0.0890625
0.0890625
0.0890625
0.0890625
0.0890625
0.0890625
0.0890625
0.0859375
0.0859375
0.0859375
0.0859375
0.0859375