0.181371974036898
0.180780640682843
0.180757370709131
0.180735554202092
0.180519834870899
0.18050393578153
0.180560195780879
0.180561940988597
0.180561940988597
0.180561940988597
0.180561940988597
0.180561940988597
0.179243427943122
0.179243427943122
0.179235834570445
0.179243427943122
0.178709382219251
0.178709382219251
0.178709382219251
0.178709382219251
0.178291827513651
0.178291827513651
0.178291827513651
0.178205894888696
0.178205894888696
0.178205894888696
0.178205894888696
0.178205894888696
0.178205894888696
0.178388639917613
0.178388639917613
0.1745718158617
0.171037348371946
0.171695094266338
0.171695094266338
0.172237227557114
0.17276639503327
0.172157422168699
0.171740471712747
0.171740471712747
0.171740471712747
0.171235888659916
0.171235888659916
0.171207942715725
0.170916868488668
0.170916868488668
0.170896635499694
0.170913217268507
0.170913217268507
0.170915766547149
0.170788435440456
0.170168294869945
0.170166039150853
0.170161289971583
0.170160927684254
0.170160927684254
0.170160927684254
0.170160927684254
0.161055703507512
0.160712984939493
0.160605036565725
0.160699906738222
0.160715385363702
0.160715385363702
0.160709562936697
0.160709562936697
0.160709562936697
0.137903687302807
0.137885149570009
0.137884574503133
0.137887705613178
0.137887705613178
0.137887705613178
0.137887705613178
0.137887705613178
0.137887705613178
0.137849333037284
0.137796479057857
0.137763177396034
0.137763177396034
0.137763177396034
0.137763177396034
0.137763177396034
0.137763177396034
0.137763177396034
0.137763177396034
0.137763177396034
0.13765439071053
0.137625145841146
0.137625145841146
0.136930982784457
0.136089841497838
0.136089841497838
0.136071286707578
0.135492225249996
0.135484478548995
