0.0283950909251263
0.0284333384552067
0.0283789882539742
0.0283564831099413
0.0283507490719161
0.0283507490719161
0.0283507490719161
0.0283507490719161
0.0283507490719161
0.0283507490719161
0.0283507490719161
0.0283507490719161
0.0283200072790903
0.0283200072790903
0.0283200072790903
0.0283200072790903
0.0283718880665852
0.0283718880665852
0.0283718880665852
0.0283718880665852
0.028362807018783
0.028362807018783
0.028362807018783
0.028362807018783
0.028362807018783
0.028362807018783
0.028362807018783
0.028362807018783
0.028362807018783
0.0307895415306099
0.0307895415306099
0.0287828326711471
0.0286768174806692
0.0286768174806692
0.0286768174806692
0.0286768174806692
0.0286768174806692
0.0286768174806692
0.0286768174806692
0.0286768174806692
0.0286768174806692
0.0287277868063766
0.0287277868063766
0.0287096252410919
0.0286893545623765
0.0286893545623765
0.0286893545623765
0.0286893545623765
0.0286893545623765
0.0286903637369175
0.028687881982774
0.028687798471156
0.028687798471156
0.028687798471156
0.028687798471156
0.028687798471156
0.028687798471156
0.028687798471156
0.0284915933992213
0.0284845134980956
0.0284845134980956
0.0284845134980956
0.0284845134980956
0.0284845134980956
0.0284845134980956
0.0284835043235546
0.0284835043235546
0.0274487656778216
0.0274487656778216
0.0274487656778216
0.0274487656778216
0.0274497748523626
0.0274497748523626
0.0274497748523626
0.0274497748523626
0.0274497748523626
0.0274119423796546
0.0273631478213809
0.0273552544769025
0.0273552544769025
0.0273552544769025
0.0273552544769025
0.0273552544769025
0.0273552544769025
0.0273552544769025
0.0273552544769025
0.0273552544769025
0.0273536031516129
0.0273516922875509
0.0281431446025489
0.0281921856407846
0.0282151860389697
0.0282151860389697
0.0281869307716016
0.0299866913735167
0.0299866913735167