0.0213375642936446
0.0213636045209746
0.0213410781693712
0.0213410781693712
0.0213300921184269
0.0213300921184269
0.0213300921184269
0.0213300921184269
0.0213300921184269
0.0213300921184269
0.0213300921184269
0.0213300921184269
0.0226581097047524
0.0220612729396077
0.0220612729396077
0.0220612729396077
0.0220556508148356
0.0220556508148356
0.0220556508148356
0.0220556508148356
0.0220256336795229
0.0220256336795229
0.0220256336795229
0.0220256336795229
0.0220256336795229
0.0220256336795229
0.0220256336795229
0.0220256336795229
0.0220256336795229
0.0219717892668103
0.0219717892668103
0.0391325618371153
0.0260959959960319
0.0240505234152901
0.0234553738839703
0.0234553738839703
0.0234553738839703
0.0234810107353467
0.0234810107353467
0.0234810107353467
0.0234810107353467
0.023443618454224
0.023417668094379
0.023417668094379
0.0233946424765216
0.0233946424765216
0.0233946424765216
0.0233946424765216
0.0233946424765216
0.0233997091569491
0.0233993626098845
0.0233993626098845
0.0233993626098845
0.0233993626098845
0.0233993626098845
0.0233993626098845
0.0233993626098845
0.0233993626098845
0.0228169795258378
0.0227884893729059
0.0227884893729059
0.0227884893729059
0.0227884893729059
0.0227884893729059
0.0227884893729059
0.0227834226924784
0.0227834226924784
0.0207778467270366
0.0207829032866873
0.0207829032866873
0.0207829032866873
0.0207879699671148
0.0207879699671148
0.0207879699671148
0.0207879699671148
0.0207879699671148
0.0207879699671148
0.0207876384321385
0.0207480089603758
0.0207480089603758
0.0207480089603758
0.0207480089603758
0.0207480089603758
0.0207480089603758
0.0207480089603758
0.0207480089603758
0.0207480089603758
0.0206373735800912
0.0206277798605222
0.0206277798605222
0.0205617507855636
0.0204948901039532
0.0204948901039532
0.0204921826467775
0.0204921826467775
0.0204921826467775
