0.00262083062976818
0.0018984181819626
0.00251091439909046
0.00251640579000508
0.00256845958769237
0.00257080904826713
0.00259373565839336
0.00259381529629448
0.00259381529629448
0.00259381529629448
0.00259381529629448
0.00259381529629448
0.00257881545844541
0.00257881545844541
0.00257846895512895
0.00257881545844541
0.00257252967794051
0.00257252967794051
0.00257252967794051
0.00257252967794051
0.00257774203522946
0.00257774203522946
0.00257774203522946
0.00257382072900597
0.00257382072900597
0.00257382072900597
0.00257382072900597
0.00257382072900597
0.00257382072900597
0.00257969661973904
0.00257969661973904
0.0025654777236645
0.00251691497509712
0.00251524356935649
0.0025152057392113
0.00250539080087321
0.00250090809894015
0.00233556500964061
0.00241524730515797
0.00241524730515797
0.00241524730515797
0.00232111621703705
0.00239896729657202
0.00240393199679273
0.00246678433965356
0.00246678433965356
0.0024659642693255
0.00246672093413442
0.00246672093413442
0.00246677106835352
0.00246258246860849
0.00245746904821441
0.00245737199641514
0.00245720951227592
0.0024571929802596
0.0024571929802596
0.0024571929802596
0.0024571929802596
0.002326113156812
0.00232165376771104
0.00231663706617668
0.00232096621355269
0.00232167253935686
0.00232167253935686
0.00232153793260282
0.00232145470171284
0.00232145470171284
0.00195826128131389
0.00195750639190661
0.00195745456317329
0.00195718797506452
0.00195721958765047
0.00195721958765047
0.00195721958765047
0.00195721958765047
0.00195716817849678
0.00195916675266284
0.00196379073413241
0.00196313973664965
0.00196313973664965
0.00196313973664965
0.00196313973664965
0.00196313973664965
0.00196313973664965
0.00196313973664965
0.0019630885353777
0.00196303754072912
0.00194889598207487
0.00194830168387286
0.00194824076128061
0.00193674503107841
0.00192714665810548
0.00192714665810548
0.00192653526276497
0.00191410055489333
0.00191403997463134
