0.0265116494355303
0.0259115539156812
0.0261367772724143
0.0261297432623748
0.0261122688932483
0.0261064026060366
0.0261480336488015
0.0261486935056965
0.0261486935056965
0.0261486935056965
0.0261486935056965
0.0261486935056965
0.0260126043274758
0.0260126043274758
0.0260097332999966
0.0260126043274758
0.0259929625004574
0.0259929625004574
0.0259929625004574
0.0259929625004574
0.0259369134935519
0.0259369134935519
0.0259369134935519
0.0259164096993886
0.0259164096993886
0.0259164096993886
0.0259164096993886
0.0259164096993886
0.0259164096993886
0.0258803885975035
0.0258803885975035
0.0257157482364538
0.0251777344112085
0.0251728007132224
0.025172487263448
0.0251385959430364
0.0251015144081643
0.0251114020180386
0.0251008938802277
0.0251008938802277
0.0251008938802277
0.0249470506023439
0.024923983615815
0.0249307889895827
0.0248920678387794
0.0248920678387794
0.0248441960299032
0.0240364647243191
0.0240364647243191
0.0240362440736083
0.0239836411448983
0.0239357646748563
0.0239349176773355
0.0239349176773355
0.0239347806977716
0.0239347806977716
0.0239347806977716
0.0239347806977716
0.0224729440423534
0.0224220299061711
0.0223803134766764
0.0224161835549347
0.0224220359687408
0.0224220359687408
0.0224112938500018
0.0224112106191119
0.0224112106191119
0.0192461499363264
0.0192460874622635
0.0192460356335302
0.0192429490402074
0.0192429806527934
0.0192429806527934
0.0192429806527934
0.0192429806527934
0.0192429292436397
0.0192316212239567
0.0192172206791294
0.0192165696816466
0.0192165696816466
0.0192165696816466
0.0192165696816466
0.0192165696816466
0.0192165696816466
0.0192165696816466
0.0192165184803746
0.0192164674857261
0.0190706380041525
0.0190673749766029
0.0190673140540107
0.0189604187938791
0.0188754441320494
0.0188754441320494
0.0188721121620058
0.0186271516460574
0.0186270910657954
