0.229402486797664
0.229555598548183
0.229545787289163
0.229514328284229
0.229253754065226
0.229223296175467
0.229311248535322
0.229302333641134
0.229302333641134
0.229302333641134
0.229302333641134
0.229302333641134
0.229108600790112
0.229108600790112
0.229095245562287
0.229108600790112
0.229274489860197
0.229274489860197
0.229274489860197
0.229274489860197
0.229824261226992
0.229824261226992
0.229824261226992
0.229673122881407
0.229673122881407
0.229673122881407
0.229673122881407
0.229673122881407
0.229673122881407
0.228753921214719
0.228753921214719
0.227756112048813
0.226525828399421
0.226380085734625
0.226384419988403
0.226047500889832
0.225871623813644
0.225960752785354
0.225960752785354
0.225960752785354
0.225960752785354
0.226130204720704
0.226130204720704
0.226106569035841
0.225677031896488
0.225677031896488
0.22564991388666
0.22568000752706
0.22568000752706
0.225692024697431
0.225516500081734
0.228111787339647
0.228108464050763
0.228102479992036
0.22810453563018
0.22810453563018
0.22810453563018
0.22810453563018
0.23379316114232
0.233435831682758
0.233704012637239
0.233391593273139
0.233426183056807
0.233426183056807
0.233437668663729
0.233424518183112
0.233424518183112
0.260409151954606
0.260281771162639
0.26027864943059
0.260153432984312
0.2601598214671
0.2601598214671
0.2601598214671
0.2601598214671
0.260153086867967
0.260085914239561
0.260161236964801
0.260058379362526
0.260058379362526
0.260058379362526
0.260058379362526
0.260058379362526
0.260058379362526
0.260058379362526
0.2600516719959
0.260044991696936
0.260492304966467
0.260452769871543
0.26044478901196
0.260027706487286
0.259838546879659
0.259838546879659
0.259923232001253
0.258808042578078
0.258800106563758