0.104848345585236
0.104848345585236
0.104848345585236
0.104848345585236
0.104848345585236
0.10451959253528
0.10451959253528
0.10451959253528
0.104395651068478
0.104395651068478
0.104852426605536
0.105907315795267
0.105486529620326
0.10511969171928
0.105087951345297
0.105078840366324
0.104964862200686
0.104919599304681
0.104919599304681
0.104914284608991
0.104914284608991
0.104914284608991
0.104914284608991
0.104914284608991
0.103311124953684
0.104391629206163
0.104422302667184
0.104468787871749
0.104464970297096
0.104461590092234
0.104461590092234
0.104461590092234
0.104922960991107
0.104922960991107
0.104581522313401
0.104467938158859
0.104459063045519
0.104459063045519
0.104459063045519
0.104459063045519
0.104474384172377
0.104474384172377
0.10446921302093
0.10448247929301
0.10446921302093
0.104465817285614
0.104459063045519
0.104459063045519
0.104458168594172
0.104458168594172
0.115476153654885
0.105249930775692
0.105236676666227
0.105050987406747
0.104932683916853
0.104932683916853
0.104949204308344
0.104949204308344
0.104931844640461
0.104935755132628
0.104935755132628
0.104939224042523
0.104938804500069
0.104826251301096
0.104826251301096
0.104826251301096
0.104826251301096
0.104826251301096
0.104826251301096
0.104826251301096
0.104826251301096
0.104826251301096
0.104826251301096
0.104826251301096
0.104826251301096
0.104826251301096
0.104826251301096
0.104826251301096
0.104788694230386
0.0852597809225007
0.0860047357544953
0.0855770213200002
0.0854271515844676
0.0863090159454039
0.0862427705684116
0.0860490719840076
0.0860490719840076
0.0851175921988122
0.0851554346270972
0.0851554346270972
0.0851554346270972
0.089972635242273
0.0899871988424446
0.0899871988424446
0.0899871988424446
0.096741202291996