0.0119550787039537
0.0119550787039537
0.0119550787039537
0.0119550787039537
0.0119550787039537
0.0202888966532844
0.0202888966532844
0.0202888966532844
0.0215010312844034
0.0215010312844034
0.0213916194331696
0.0135992746298213
0.0120068521341011
0.0201757384388981
0.0119555387897735
0.0119570343916358
0.0119554520901132
0.0119550787039537
0.0119550787039537
0.0119550787039537
0.0119550787039537
0.0119550787039537
0.0119550787039537
0.0119550787039537
0.0202888966532844
0.0215010312844034
0.0215010312844034
0.0215010312844034
0.0215010312844034
0.0215010312844034
0.0215010312844034
0.0215010312844034
0.0217370235799491
0.0217370235799491
0.0215010312844034
0.0215010312844034
0.0215010312844034
0.0215010312844034
0.0215010312844034
0.0215010312844034
0.0215010312844034
0.0215010312844034
0.0215010312844034
0.0215010312844034
0.0215010312844034
0.0215010312844034
0.0215010312844034
0.0215010312844034
0.0215010312844034
0.0215010312844034
0.0217880716579302
0.0217312497980302
0.0217034483697319
0.0217034483697319
0.0217025942909887
0.0217025942909887
0.0217025942909887
0.0217025942909887
0.0217025942909887
0.0217060632008838
0.0217060632008838
0.0217025942909887
0.0217025942909887
0.0217025942909887
0.0217025942909887
0.0217025942909887
0.0217025942909887
0.0217025942909887
0.0217025942909887
0.0217025942909887
0.0217025942909887
0.0217025942909887
0.0217025942909887
0.0217025942909887
0.0217025942909887
0.0217025942909887
0.0217025942909887
0.0217025942909887
0.0217003973947216
0.0227751777325406
0.0227266196701333
0.0215721812058533
0.0215720112701679
0.0215719576363032
0.0215719576363032
0.0215711560326936
0.0215711560326936
0.0215711560326936
0.0215711027853345
0.0215711027853345
0.0215711027853345
0.0220260820219157
0.0220260820219157
0.0220260820219157
0.0220260820219157
0.0237177743458959