0.373047655454736
0.373047655454736
0.373047655454736
0.373047655454736
0.373047655454736
0.373047655454736
0.373047655454736
0.373047655454736
0.372567223904225
0.372567223904225
0.369972918192688
0.370957266111057
0.371109429989103
0.37091354973455
0.373684913374524
0.373666107659323
0.372928443552771
0.372746166884664
0.372593303662393
0.372511802673237
0.372511802673237
0.372511802673237
0.372511802673237
0.372511802673237
0.372501753738986
0.372078048449348
0.372091616428736
0.372055565852727
0.372043253445925
0.372032351640167
0.372032351640167
0.372032351640167
0.372673856407774
0.372673856407774
0.372531760628431
0.372165430053666
0.372136806119423
0.372136806119423
0.372136806119423
0.372136806119423
0.372178146054328
0.372178146054328
0.37223385030299
0.37226927882462
0.37222265515413
0.372189434400878
0.372136806119423
0.372136806119423
0.372141102485896
0.372141102485896
0.375766758800183
0.370757077736032
0.370484070104533
0.37123741383346
0.371286941186483
0.371286941186483
0.371340222601788
0.371340222601788
0.371284234359949
0.371285587464429
0.371285587464429
0.371285587464429
0.371284234359949
0.371284234359949
0.371284234359949
0.371284234359949
0.371284234359949
0.371284234359949
0.371284234359949
0.371284234359949
0.371284234359949
0.371284234359949
0.371284234359949
0.371284234359949
0.371284234359949
0.371284234359949
0.371284234359949
0.371284234359949
0.371170087327897
0.394823658537782
0.393587718477559
0.407536765540985
0.406751571639014
0.406347117166332
0.405948284141979
0.405925851029199
0.405925851029199
0.406629792052416
0.406628301909411
0.406628301909411
0.406628301909411
0.393433407694069
0.393433407694069
0.393433407694069
0.393433407694069
0.33237185981706