0.0454687145931528
0.0454687145931528
0.0454687145931528
0.0454687145931528
0.0454687145931528
0.0454687145931528
0.0454687145931528
0.0454687145931528
0.0454212438444383
0.0454212438444383
0.0456180931836104
0.0456926310272538
0.0457078663045292
0.0456922659832297
0.0455014145211983
0.0454994632384836
0.0454797302003397
0.0454792447261044
0.0454779498327172
0.0454687145931528
0.0454687145931528
0.0454687145931528
0.0454687145931528
0.0454687145931528
0.0454699739997145
0.045422503251
0.0454212438444383
0.0454212438444383
0.0454212438444383
0.0454212438444383
0.0454212438444383
0.0454212438444383
0.0454212438444383
0.0454212438444383
0.0454212438444383
0.0454212438444383
0.0454202793227916
0.0454202793227916
0.0454202793227916
0.0454202793227916
0.0454237672278736
0.0454237672278736
0.0454251968110312
0.0454281063258008
0.0454239282389225
0.0454214048554872
0.0454202793227916
0.0454202793227916
0.0454199600090442
0.0454199600090442
0.0459372410515321
0.0454044725875464
0.0453980611898346
0.0453968029219777
0.0453889646496142
0.0453889646496142
0.0453904097808822
0.0453904097808822
0.0453886443151132
0.0453888044458209
0.0453888044458209
0.0453888044458209
0.0453886443151132
0.0453886443151132
0.0453886443151132
0.0453886443151132
0.0453886443151132
0.0453886443151132
0.0453886443151132
0.0453886443151132
0.0453886443151132
0.0453886443151132
0.0453886443151132
0.0453886443151132
0.0453886443151132
0.0453886443151132
0.0453886443151132
0.0453886443151132
0.0453778828673669
0.0483412678527525
0.0482509059891773
0.0454665452656921
0.0454253866707411
0.0454158323045141
0.0454011596525127
0.0453988019948375
0.0453988019948375
0.0453988019948375
0.0453986453849578
0.0453986453849578
0.0453986453849578
0.0460775689322431
0.046078535220009
0.046078535220009
0.046078535220009
0.048411392774529