0.426504604030497
0.426504604030497
0.426504604030497
0.426504604030497
0.426504604030497
0.426504604030497
0.426504604030497
0.426504604030497
0.427112418687557
0.427112418687557
0.428888875580828
0.428194566366711
0.428031239418306
0.428278930612917
0.426297282862597
0.426321683652945
0.426397818811691
0.426445356686159
0.426476790036581
0.426504604030497
0.426504604030497
0.426504604030497
0.426504604030497
0.426504604030497
0.42649245943528
0.427102527803246
0.42706818903567
0.427080339212687
0.427098501834082
0.427112418687557
0.427112418687557
0.427112418687557
0.427038865705686
0.427038865705686
0.427038865705686
0.427084381835275
0.430744954775845
0.430744954775845
0.430744954775845
0.430744954775845
0.427136138491848
0.427136138491848
0.42700293578196
0.42695536904917
0.42700293578196
0.427046905440271
0.427112418687557
0.427112418687557
0.427106462596122
0.427106462596122
0.431977088717777
0.426805628367668
0.426865393412286
0.426881367122729
0.426905163079957
0.426905163079957
0.426841476863078
0.426841476863078
0.426905163079957
0.426905163079957
0.426905163079957
0.426905163079957
0.426905163079957
0.426891287440376
0.426891287440376
0.426891287440376
0.426891287440376
0.426891287440376
0.426891287440376
0.426891287440376
0.426891287440376
0.426891287440376
0.426891287440376
0.426891287440376
0.426891287440376
0.426891287440376
0.426891287440376
0.426891287440376
0.430352153443659
0.39458696438303
0.396760645668907
0.372355236492598
0.372079385732063
0.372122650078793
0.372122650078793
0.372099775298142
0.372099775298142
0.372099775298142
0.372101957656816
0.372101957656816
0.372101957656816
0.377653662769969
0.377671253976692
0.377671253976692
0.377671253976692
0.397626195005753