0.0153704260671465
0.0153704260671465
0.0153704260671465
0.0153704260671465
0.0153704260671465
0.0153704260671465
0.0153704260671465
0.0153704260671465
0.0153454240142007
0.0153454240142007
0.015418513416789
0.015494823680962
0.0155007525195655
0.0154873705380925
0.0154333876685703
0.0154333876685703
0.0154021659110862
0.0153771602695838
0.0153704260671465
0.0153704260671465
0.0153704260671465
0.0153704260671465
0.0153704260671465
0.0153704260671465
0.0153728991795633
0.0153478892200875
0.0153495554203622
0.0153484734551405
0.0153468560857263
0.0153454240142007
0.0153454240142007
0.0153454240142007
0.0155408903110515
0.0155408903110515
0.0153962349933977
0.0153481134622747
0.0153443533951729
0.0153443533951729
0.0153443533951729
0.0153443533951729
0.0153500032630692
0.0153500032630692
0.0153538396585309
0.0153538396585309
0.0153538396585309
0.0153524010073092
0.0153443533951729
0.0153443533951729
0.0153443533951729
0.0153443533951729
0.0483753316055157
0.0183624014432172
0.0167280470948475
0.016489229603417
0.015810603328676
0.015810603328676
0.0158176024258345
0.0158176024258345
0.0158102477573799
0.0158104255024654
0.0158104255024654
0.0158104255024654
0.0158102477573799
0.0158102477573799
0.0158102477573799
0.0158102477573799
0.0158102477573799
0.0158102477573799
0.0158102477573799
0.0158102477573799
0.0158102477573799
0.0158102477573799
0.0158102477573799
0.0158102477573799
0.0158102477573799
0.0158102477573799
0.0158102477573799
0.0158102477573799
0.0160921287881943
0.0377402503946244
0.0145423663211057
0.0138849459088664
0.0145573374602401
0.0146246375821027
0.014570830523196
0.0141250006003455
0.0141250006003455
0.0141250006003455
0.0141250006003455
0.0141250006003455
0.0141250006003455
0.0143364381721181
0.0143364381721181
0.0143364381721181
0.0143364381721181
0.0204346974419754