0.760964912280702
0.760964912280702
0.760964912280702
0.760964912280702
0.760964912280702
0.760964912280702
0.760964912280702
0.760964912280702
0.760964912280702
0.760964912280702
0.760964912280702
0.760964912280702
0.760964912280702
0.760964912280702
0.760964912280702
0.760964912280702
0.760964912280702
0.760964912280702
0.760964912280702
0.760964912280702
0.760964912280702
0.760964912280702
0.760964912280702
0.760964912280702
0.760964912280702
0.760964912280702
0.760964912280702
0.760964912280702
0.760964912280702
0.616135784492898
0.616135784492898
0.616135784492898
0.616135784492898
0.616135784492898
0.616135784492898
0.616135784492898
0.616135784492898
0.776944156888146
0.776944156888146
0.776944156888146
0.776944156888146
0.776944156888146
0.776944156888146
0.776944156888146
0.783523104256567
0.783523104256567
0.783523104256567
0.783523104256567
0.783523104256567
0.783523104256567
0.783523104256567
0.783523104256567
0.783523104256567
0.783523104256567
0.783523104256567
0.783523104256567
0.783523104256567
0.783523104256567
0.783523104256567
0.783523104256567
0.783523104256567
0.783523104256567
0.783523104256567
0.783523104256567
0.783523104256567
0.783523104256567
0.783523104256567
0.783523104256567
0.783523104256567
0.783523104256567
0.783523104256567
0.783523104256567
0.783523104256567
0.783523104256567
0.783523104256567
0.783523104256567
0.783523104256567
0.783523104256567
0.783523104256567
0.783523104256567
0.783523104256567
0.783523104256567
0.783523104256567
0.783523104256567
0.783523104256567
0.783523104256567
0.783523104256567
0.783523104256567
0.783523104256567
0.783523104256567
0.783523104256567
0.783523104256567
0.783523104256567
0.783523104256567
0.783523104256567
0.783523104256567