0.0855263157894737
0.0855263157894737
0.0855263157894737
0.0855263157894737
0.0855263157894737
0.0855263157894737
0.0855263157894737
0.0855263157894737
0.0855263157894737
0.0855263157894737
0.0855263157894737
0.0855263157894737
0.0855263157894737
0.0855263157894737
0.0855263157894737
0.0855263157894737
0.0855263157894737
0.0855263157894737
0.0855263157894737
0.0855263157894737
0.0855263157894737
0.0855263157894737
0.0855263157894737
0.0855263157894737
0.0855263157894737
0.0855263157894737
0.0855263157894737
0.0855263157894737
0.0855263157894737
0.00185926773455378
0.00185926773455378
0.00185926773455378
0.00185926773455378
0.00185926773455378
0.00185926773455378
0.00185926773455378
0.00185926773455378
0.00166242218449349
0.00166242218449349
0.00166242218449349
0.00166242218449349
0.00166242218449349
0.00166242218449349
0.00166242218449349
0.000565930956423316
0.000565930956423316
0.000565930956423316
0.000565930956423316
0.000565930956423316
0.000565930956423316
0.000565930956423316
0.000565930956423316
0.000565930956423316
0.000565930956423316
0.000565930956423316
0.000565930956423316
0.000565930956423316
0.000565930956423316
0.000565930956423316
0.000565930956423316
0.000565930956423316
0.000565930956423316
0.000565930956423316
0.000565930956423316
0.000565930956423316
0.000565930956423316
0.000565930956423316
0.000565930956423316
0.000565930956423316
0.000565930956423316
0.000565930956423316
0.000565930956423316
0.000565930956423316
0.000565930956423316
0.000565930956423316
0.000565930956423316
0.000565930956423316
0.000565930956423316
0.000565930956423316
0.000565930956423316
0.000565930956423316
0.000565930956423316
0.000565930956423316
0.000565930956423316
0.000565930956423316
0.000565930956423316
0.000565930956423316
0.000565930956423316
0.000565930956423316
0.000565930956423316
0.000565930956423316
0.000565930956423316
0.000565930956423316
0.000565930956423316
0.000565930956423316
0.000565930956423316