0.150219298245614
0.150219298245614
0.150219298245614
0.150219298245614
0.150219298245614
0.150219298245614
0.150219298245614
0.150219298245614
0.150219298245614
0.150219298245614
0.150219298245614
0.150219298245614
0.150219298245614
0.150219298245614
0.150219298245614
0.150219298245614
0.150219298245614
0.150219298245614
0.150219298245614
0.150219298245614
0.150219298245614
0.150219298245614
0.150219298245614
0.150219298245614
0.150219298245614
0.150219298245614
0.150219298245614
0.150219298245614
0.150219298245614
0.00361365369946606
0.00361365369946606
0.00361365369946606
0.00361365369946606
0.00361365369946606
0.00361365369946606
0.00361365369946606
0.00361365369946606
0.00280658694421889
0.00280658694421889
0.00280658694421889
0.00280658694421889
0.00280658694421889
0.00280658694421889
0.00280658694421889
0.00166242218449349
0.00166242218449349
0.00166242218449349
0.00166242218449349
0.00166242218449349
0.00166242218449349
0.00166242218449349
0.00166242218449349
0.00166242218449349
0.00166242218449349
0.00166242218449349
0.00166242218449349
0.00166242218449349
0.00166242218449349
0.00166242218449349
0.00166242218449349
0.00166242218449349
0.00166242218449349
0.00166242218449349
0.00166242218449349
0.00166242218449349
0.00166242218449349
0.00166242218449349
0.00166242218449349
0.00166242218449349
0.00166242218449349
0.00166242218449349
0.00166242218449349
0.00166242218449349
0.00166242218449349
0.00166242218449349
0.00166242218449349
0.00166242218449349
0.00166242218449349
0.00166242218449349
0.00166242218449349
0.00166242218449349
0.00166242218449349
0.00166242218449349
0.00166242218449349
0.00166242218449349
0.00166242218449349
0.00166242218449349
0.00166242218449349
0.00166242218449349
0.00166242218449349
0.00166242218449349
0.00166242218449349
0.00166242218449349
0.00166242218449349
0.00166242218449349
0.00166242218449349