0.037280701754386
0.037280701754386
0.037280701754386
0.037280701754386
0.037280701754386
0.037280701754386
0.037280701754386
0.037280701754386
0.037280701754386
0.037280701754386
0.037280701754386
0.037280701754386
0.037280701754386
0.037280701754386
0.037280701754386
0.037280701754386
0.037280701754386
0.037280701754386
0.037280701754386
0.037280701754386
0.037280701754386
0.037280701754386
0.037280701754386
0.037280701754386
0.037280701754386
0.037280701754386
0.037280701754386
0.037280701754386
0.037280701754386
0.040077246255736
0.040077246255736
0.040077246255736
0.040077246255736
0.040077246255736
0.040077246255736
0.040077246255736
0.040077246255736
0.032563845399876
0.032563845399876
0.0382029431442369
0.038829509560277
0.038829509560277
0.038829509560277
0.038829509560277
0.038829509560277
0.038829509560277
0.038829509560277
0.038829509560277
0.038829509560277
0.038829509560277
0.038829509560277
0.038829509560277
0.038829509560277
0.038829509560277
0.038829509560277
0.038829509560277
0.038829509560277
0.038829509560277
0.038829509560277
0.038829509560277
0.038829509560277
0.038829509560277
0.038829509560277
0.038829509560277
0.038829509560277
0.038829509560277
0.038829509560277
0.038829509560277
0.038829509560277
0.038829509560277
0.038829509560277
0.038829509560277
0.038829509560277
0.038829509560277
0.038829509560277
0.038829509560277
0.038829509560277
0.038829509560277
0.038829509560277
0.038829509560277
0.038829509560277
0.038829509560277
0.038829509560277
0.038829509560277
0.038829509560277
0.038829509560277
0.0395813892595251
0.0395813892595251
0.0395813892595251
0.0395813892595251
0.0395813892595251
0.0395813892595251
0.0395813892595251
0.0395813892595251
0.0395813892595251
0.0395813892595251