0.0193936851727903
0.0193936851727903
0.0193726133374916
0.0193724926896642
0.019371661999705
0.0193330289831019
0.0193330289831019
0.0193330289831019
0.0193330289831019
0.0193550857793522
0.0193550857793522
0.0193550857793522
0.0193550857793522
0.0193550857793522
0.0193220005849767
0.0193220005849767
0.0193220005849767
0.0193220005849767
0.0193220005849767
0.0193440573812271
0.0193440573812271
0.019193335940183
0.0191947016248037
0.0190168815701803
0.0190168815701803
0.0190168815701803
0.0190168815701803
0.0190168815701803
0.0190168815701803
0.0190168815701803
0.0190940803570565
0.0190720235608061
0.0190720235608061
0.0190720235608061
0.0189948247739299
0.0186790892387281
0.0186790892387281
0.0186790892387281
0.0186790892387281
0.0189948247739299
0.0189948247739299
0.0187232504700976
0.0186901176368533
0.0186901176368533
0.0186901176368533
0.0186901176368533
0.0189948247739299
0.0189948247739299
0.0189948247739299
0.0189948247739299
0.0189948247739299
0.0192811617282936
0.0191906144544239
0.019174036243464
0.019174036243464
0.0193504906134667
0.0181034774712923
0.0181034774712923
0.0181034774712923
0.0181034774712923
0.0182578750450447
0.0182578750450447
0.0182578750450447
0.0182799318412951
0.0188403319224399
0.0188403319224399
0.0188403319224399
0.018840901538412
0.018840901538412
0.0188182751261896
0.0193504906134667
0.0193504906134667
0.0193504906134667
0.0193504906134667
0.0193504906134667
0.0193504906134667
0.0193504906134667
0.0193504906134667
0.0189341447134721
0.0188899834821026
0.0188899597140032
0.0188899597140032
0.0187962183299393
0.0187962183299393
0.0187962183299393
0.0187962183299393
0.0193615190115919
0.0193615190115919
0.0193615190115919
0.0193615190115919
0.0191850646415892
0.0191850646415892
0.0191850646415892
0.0191850646415892
0.0191850646415892
0.0191850646415892
