0.0014336917562724
0.0014336917562724
0.00143372340160418
0.00143370757893829
0.0014336917562724
0.0014336917562724
0.0014336917562724
0.0014336917562724
0.0014336917562724
0.0014336917562724
0.0014336917562724
0.0014336917562724
0.0014336917562724
0.0014336917562724
0.0014336917562724
0.0014336917562724
0.0014336917562724
0.0014336917562724
0.0014336917562724
0.0014336917562724
0.0014336917562724
0.0014336917562724
0.0014336917562724
0.0014336917562724
0.0014336917562724
0.0014336917562724
0.0014336917562724
0.0014336917562724
0.0014336917562724
0.0014336917562724
0.0014336917562724
0.0014336917562724
0.0014336917562724
0.0014336917562724
0.0014336917562724
0.0014336917562724
0.0014336917562724
0.0014336917562724
0.0014336917562724
0.0014336917562724
0.0014336917562724
0.0014336917562724
0.0014336917562724
0.0014336917562724
0.0014336917562724
0.0014336917562724
0.0014336917562724
0.0014336917562724
0.0014336917562724
0.0014336917562724
0.0014336917562724
0.00143381837166339
0.0014336917562724
0.0014336917562724
0.0014336917562724
0.0014336917562724
0.0014336917562724
0.0014336917562724
0.0014336917562724
0.0014336917562724
0.0014336917562724
0.0014336917562724
0.0014336917562724
0.0014336917562724
0.0014336917562724
0.0014336917562724
0.0014336917562724
0.0014336917562724
0.0014336917562724
0.0014336917562724
0.0014336917562724
0.0014336917562724
0.0014336917562724
0.0014336917562724
0.0014336917562724
0.0014336917562724
0.0014336917562724
0.0014336917562724
0.0014336917562724
0.0014336917562724
0.0014336917562724
0.0014336917562724
0.0014336917562724
0.0014336917562724
0.0014336917562724
0.0014336917562724
0.0014336917562724
0.0014336917562724
0.0014336917562724
0.0014336917562724
0.0014336917562724
0.0014336917562724
0.0014336917562724
0.0014336917562724
0.0014336917562724
0.0014336917562724
