0.000716845878136201
0.000716845878136201
0.000716853789469146
0.000716845878136201
0.000716845878136201
0.000716845878136201
0.000716845878136201
0.000716845878136201
0.000716845878136201
0.000716845878136201
0.000716845878136201
0.000716845878136201
0.000716845878136201
0.000716845878136201
0.000716845878136201
0.000716845878136201
0.000716845878136201
0.000716845878136201
0.000716845878136201
0.000716845878136201
0.000716845878136201
0.000716845878136201
0.000716845878136201
0.000716845878136201
0.000716845878136201
0.000716845878136201
0.000716845878136201
0.000716845878136201
0.000716845878136201
0.000716845878136201
0.000716845878136201
0.000716845878136201
0.000716845878136201
0.000716845878136201
0.000716845878136201
0.000716845878136201
0.000716845878136201
0.000716845878136201
0.000716845878136201
0.000716845878136201
0.000716845878136201
0.000716845878136201
0.000716845878136201
0.000716845878136201
0.000716845878136201
0.000716845878136201
0.000716845878136201
0.000716845878136201
0.000716845878136201
0.000716845878136201
0.000716845878136201
0.000716877531983947
0.000716845878136201
0.000716845878136201
0.000716845878136201
0.000716845878136201
0.000716845878136201
0.000716845878136201
0.000716845878136201
0.000716845878136201
0.000716845878136201
0.000716845878136201
0.000716845878136201
0.000716845878136201
0.000716845878136201
0.000716845878136201
0.000716845878136201
0.000716845878136201
0.000716845878136201
0.000716845878136201
0.000716845878136201
0.000716845878136201
0.000716845878136201
0.000716845878136201
0.000716845878136201
0.000716845878136201
0.000716845878136201
0.000716845878136201
0.000716845878136201
0.000716845878136201
0.000716845878136201
0.000716845878136201
0.000716845878136201
0.000716845878136201
0.000716845878136201
0.000716845878136201
0.000716845878136201
0.000716845878136201
0.000716845878136201
0.000716845878136201
0.000716845878136201
0.000716845878136201
0.000716845878136201
0.000716845878136201
0.000716845878136201
0.000716845878136201