0.00388600557397946
0.00388600557397946
0.0038861875346372
0.00388614797797247
0.00388606095331008
0.00388600557397946
0.00388600557397946
0.00388600557397946
0.00388600557397946
0.00456982180794188
0.00456982180794188
0.00456982180794188
0.00456982180794188
0.00456982180794188
0.00388600557397946
0.00388600557397946
0.00388600557397946
0.00388600557397946
0.00388600557397946
0.00388600557397946
0.00388600557397946
0.00388600557397946
0.0038860847441024
0.00388600557397946
0.00388600557397946
0.00388600557397946
0.00388600557397946
0.00388600557397946
0.00388600557397946
0.00388600557397946
0.00388600557397946
0.00388600557397946
0.00388600557397946
0.00388600557397946
0.00388600557397946
0.00388600557397946
0.00388600557397946
0.00388600557397946
0.00388600557397946
0.00388600557397946
0.00388600557397946
0.00388600557397946
0.00388600557397946
0.00388600557397946
0.00388600557397946
0.00388600557397946
0.00388600557397946
0.00388600557397946
0.00388600557397946
0.00388600557397946
0.00388600557397946
0.00388633796918668
0.00388606493026647
0.00388600557397946
0.00388600557397946
0.00388600557397946
0.00388600557397946
0.00388600557397946
0.00388600557397946
0.00388600557397946
0.00388600557397946
0.00388600557397946
0.00388600557397946
0.00388600557397946
0.00388600557397946
0.00388600557397946
0.00388600557397946
0.00388604513064419
0.00388604513064419
0.00388600557397946
0.00388600557397946
0.00388600557397946
0.00388600557397946
0.00388600557397946
0.00388600557397946
0.00388600557397946
0.00388600557397946
0.00388600557397946
0.00388600557397946
0.00388600557397946
0.00388600557397946
0.00388600557397946
0.00388600557397946
0.00388600557397946
0.00388600557397946
0.00388600557397946
0.00388600557397946
0.00388600557397946
0.00388600557397946
0.00388600557397946
0.00388600557397946
0.00388600557397946
0.00388600557397946
0.00388600557397946
0.00388600557397946
0.00388600557397946