0.00508185399545001
0.00508185399545001
0.00508206760143952
0.00508203595610774
0.00508192915311299
0.00508185399545001
0.00508185399545001
0.00508185399545001
0.00508185399545001
0.00508185399545001
0.00508185399545001
0.00508185399545001
0.00507082559732484
0.00507082559732484
0.00507082559732484
0.00507082559732484
0.00507082559732484
0.00507082559732484
0.00507082559732484
0.00507082559732484
0.00507082559732484
0.00507082559732484
0.00507095226952154
0.00507082559732484
0.00507082559732484
0.00507082559732484
0.00507082559732484
0.00507082559732484
0.00507082559732484
0.00507082559732484
0.00507082559732484
0.00507082559732484
0.00507082559732484
0.00507082559732484
0.00507082559732484
0.00507082559732484
0.00507082559732484
0.00507082559732484
0.00507082559732484
0.00507082559732484
0.00507082559732484
0.00507082559732484
0.00507082559732484
0.00507082559732484
0.00507082559732484
0.00507082559732484
0.00507082559732484
0.00507082559732484
0.00507082559732484
0.00507082559732484
0.00507082559732484
0.0054189324137118
0.00581808289560787
0.00512045338888811
0.00513699598607587
0.00513699598607587
0.00513699598607587
0.0050873681945126
0.0050873681945126
0.0050873681945126
0.0050873681945126
0.0050873681945126
0.0050873681945126
0.0050873681945126
0.0050873681945126
0.0050873681945126
0.0050873681945126
0.00508745126350852
0.00508745126350852
0.0050873681945126
0.0050873681945126
0.0050873681945126
0.0050873681945126
0.0050873681945126
0.0050873681945126
0.0050873681945126
0.0050873681945126
0.0050873681945126
0.00508752268715875
0.00508752268715875
0.0050873681945126
0.0050873681945126
0.0050873681945126
0.0050873681945126
0.0050873681945126
0.0050873681945126
0.0050873681945126
0.0050873681945126
0.0050873681945126
0.0050873681945126
0.0050873681945126
0.0050873681945126
0.0050873681945126
0.0050873681945126
0.0050873681945126
0.0050873681945126
