0.0276580459770115
0.0276580459770115
0.0276580459770115
0.0276580459770115
0.0298132183908046
0.0276580459770115
0.0276580459770115
0.0294729280096794
0.0294729280096794
0.0294729280096794
0.0276580459770115
0.0276580459770115
0.0276580459770115
0.0276580459770115
0.0276580459770115
0.0276580459770115
0.0276580459770115
0.0276580459770115
0.0276580459770115
0.0276580459770115
0.0292254440961337
0.0276580459770115
0.0276580459770115
0.0276580459770115
0.0276580459770115
0.0276580459770115
0.0276580459770115
0.0276580459770115
0.0276580459770115
0.0276580459770115
0.0276580459770115
0.0276580459770115
0.0276580459770115
0.0276580459770115
0.0276580459770115
0.0276580459770115
0.0276580459770115
0.0276580459770115
0.0276580459770115
0.0276580459770115
0.0276580459770115
0.0276580459770115
0.0276580459770115
0.0276580459770115
0.0276580459770115
0.0276580459770115
0.0276580459770115
0.0276580459770115
0.0276580459770115
0.0288895730706076
0.0276580459770115
0.0276580459770115
0.0276580459770115
0.0276580459770115
0.0276580459770115
0.0276580459770115
0.0276580459770115
0.0287703930292918
0.0287703930292918
0.0287703930292918
0.0276580459770115
0.0276580459770115
0.0276580459770115
0.0276580459770115
0.0276580459770115
0.0276580459770115
0.0276580459770115
0.0276580459770115
0.0276580459770115
0.0276580459770115
0.0276580459770115
0.0276580459770115
0.0276580459770115
0.0276580459770115
0.0276580459770115
0.0276580459770115
0.0276580459770115
0.0276580459770115
0.0276580459770115
0.0276580459770115
0.0285201149425287
0.0276580459770115
0.0276580459770115
0.0276580459770115
0.0276580459770115
0.0276580459770115
0.0276580459770115
0.0276580459770115
0.0276580459770115
0.0276580459770115
0.0276580459770115
0.0276580459770115
0.0276580459770115
0.0276580459770115
0.0276580459770115
0.0276580459770115
