0.0405701754385965
0.0405701754385965
0.0405701754385965
0.0405701754385965
0.0405701754385965
0.0405701754385965
0.0405701754385965
0.0405701754385965
0.0405701754385965
0.0405701754385965
0.0405701754385965
0.0405701754385965
0.0405701754385965
0.0405701754385965
0.0405701754385965
0.0405701754385965
0.0405701754385965
0.0405701754385965
0.0405701754385965
0.0405701754385965
0.0405701754385965
0.0405701754385965
0.0405701754385965
0.0405701754385965
0.0405701754385965
0.0405701754385965
0.0405701754385965
0.0405701754385965
0.0405701754385965
0.0405701754385965
0.0405701754385965
0.0405701754385965
0.0405701754385965
0.0405701754385965
0.0405701754385965
0.0405701754385965
0.0405701754385965
0.0405701754385965
0.0405701754385965
0.0405701754385965
0.0405701754385965
0.0405701754385965
0.0405701754385965
0.0405701754385965
0.0405701754385965
0.0405701754385965
0.0405701754385965
0.0405701754385965
0.0405701754385965
0.0405701754385965
0.0405701754385965
0.0405701754385965
0.0405701754385965
0.0405701754385965
0.0405701754385965
0.0405701754385965
0.0405701754385965
0.0405701754385965
0.0405701754385965
0.0405701754385965
0.0405701754385965
0.0405701754385965
0.0405701754385965
0.0405701754385965
0.0405701754385965
0.0405701754385965
0.0405701754385965
0.0405701754385965
0.0405701754385965
0.0405701754385965
0.0405701754385965
0.0405701754385965
0.0405701754385965
0.0405701754385965
0.0405701754385965
0.0405701754385965
0.0405701754385965
0.0449561403508772
0.0405701754385965
0.0405701754385965
0.0405701754385965
0.0405701754385965
0.0405701754385965
0.0405701754385965
0.0405701754385965
0.0405701754385965
0.0405701754385965
0.0405701754385965
0.0405701754385965
0.0405701754385965
0.0405701754385965
0.0405701754385965
0.0405701754385965
0.0405701754385965
0.0405701754385965
0.0405701754385965