0.023350279563819
0.023350279563819
0.023350279563819
0.023350279563819
0.023350279563819
0.023350279563819
0.023350279563819
0.023350279563819
0.023350279563819
0.023350279563819
0.023350279563819
0.023350279563819
0.023350279563819
0.023350279563819
0.0234841213223575
0.0233341152165509
0.0233341152165509
0.0233341152165509
0.0233341152165509
0.0233341152165509
0.0233341152165509
0.0233341152165509
0.0233341152165509
0.0233341152165509
0.0233341152165509
0.0233341152165509
0.0233341152165509
0.0233341152165509
0.0233341152165509
0.0233341152165509
0.0233341152165509
0.0233341152165509
0.0233341152165509
0.0233341152165509
0.0233341152165509
0.0233341152165509
0.0233341152165509
0.0233341152165509
0.0233341152165509
0.0233341152165509
0.0233341152165509
0.0233341152165509
0.0233341152165509
0.0233341152165509
0.0233341152165509
0.0233341152165509
0.0233341152165509
0.0233341152165509
0.0233341152165509
0.0233341152165509
0.0233341152165509
0.0233341152165509
0.0233341152165509
0.0233341152165509
0.0233341152165509
0.0233341152165509
0.0233341152165509
0.0233341152165509
0.0233341152165509
0.0233341152165509
0.0233341152165509
0.0233341152165509
0.0233341152165509
0.0233341152165509
0.0233341152165509
0.0233341152165509
0.0233341152165509
0.0233341152165509
0.0233341152165509
0.0233341152165509
0.0233341152165509
0.0233341152165509
0.0233341152165509
0.0233341152165509
0.0233341152165509
0.0233341152165509
0.0233341152165509
0.0233341152165509
0.0233341152165509
0.0233341152165509
0.0233341152165509
0.0233341152165509
0.0233341152165509
0.0233341152165509
0.0233341152165509
0.0233341152165509
0.0233341152165509
0.0233341152165509
0.0233341152165509
0.0233341152165509
0.0233341152165509
0.0233341152165509
0.0233341152165509
0.0233341152165509
0.0233341152165509
0.0233341152165509