0.052743558548493
0.052743558548493
0.052743558548493
0.052743558548493
0.052743558548493
0.052743558548493
0.0527953294364285
0.0527953294364285
0.0585677834412302
0.0643920083339674
0.0643920083339674
0.0585677834412303
0.0585677834412303
0.0585677834412303
0.0586980628715948
0.0585599180447388
0.0585599180447388
0.0585599180447388
0.0585599180447388
0.0585599180447388
0.0585599180447388
0.0585599180447388
0.0585599180447388
0.0585599180447388
0.0585599180447388
0.0585599180447388
0.0585599180447388
0.0585599180447388
0.0585599180447388
0.0585599180447388
0.0585599180447388
0.0585599180447388
0.0585599180447388
0.0585599180447388
0.0585599180447388
0.0585599180447388
0.0585599180447388
0.0585599180447388
0.0585599180447388
0.0585599180447388
0.0585599180447388
0.0585599180447388
0.0585599180447388
0.0585599180447388
0.0585599180447388
0.0527356931520016
0.0527356931520016
0.0527356931520016
0.0527356931520016
0.0527356931520016
0.0527356931520016
0.0527356931520016
0.0527356931520016
0.0527356931520016
0.0527356931520016
0.0527356931520016
0.0527356931520016
0.0527356931520016
0.0527356931520016
0.0527356931520016
0.0527356931520016
0.0527356931520016
0.0527356931520016
0.0527356931520016
0.0527356931520016
0.0527356931520016
0.0527356931520016
0.0527356931520016
0.0527356931520016
0.0527356931520016
0.0527356931520016
0.0527356931520016
0.0527356931520016
0.0527356931520016
0.0527356931520016
0.0527356931520016
0.0527252975592539
0.0527252975592539
0.0527252975592539
0.0527252975592539
0.0527252975592539
0.0527252975592539
0.0527252975592539
0.0527252975592539
0.0527252975592539
0.0527252975592539
0.0527252975592539
0.0527252975592539
0.0527252975592539
0.0527252975592539
0.0527252975592539
0.0527252975592539
0.0527252975592539
0.0527252975592539
0.0527252975592539
0.0527252975592539