0.000542290055481782
0.000542290055481782
0.000542290055481782
0.000542290055481782
0.000542284892620167
0.00054228231122623
0.00054228231122623
0.00054228231122623
0.00054228231122623
0.00054228231122623
0.00054228231122623
0.00054228231122623
0.00054228231122623
0.00054228231122623
0.00054228231122623
0.00054228231122623
0.00054228231122623
0.00054228231122623
0.00054228231122623
0.00054228231122623
0.000542283601920126
0.000542283601920126
0.000542283601920126
0.000542283601920126
0.000542283601920126
0.000542283601920126
0.000542283601920126
0.000542283601920126
0.000542283601920126
0.000542283601920126
0.000542283601920126
0.000542283601920126
0.000542290055481782
0.000542290055481782
0.000542290055481782
0.000542290055481782
0.000542290055481782
0.000542290055481782
0.000542290055481782
0.000542290055481782
0.000542290055481782
0.000542290055481782
0.000542290055481782
0.000542290055481782
0.000542290055481782
0.000542290055481782
0.000542290055481782
0.000542290055481782
0.000542290055481782
0.000542286828681751
0.000542286828681751
0.000542286828681751
0.000542286828681751
0.000542286828681751
0.000542286828681751
0.000542286828681751
0.000542286828681751
0.000542286828681751
0.000542286828681751
0.000542286828681751
0.000542286828681751
0.000542286828681751
0.000542286828681751
0.000542286828681751
0.000542286828681751
0.000542286828681751
0.000542286828681751
0.000542286828681751
0.000542286828681751
0.000542286828681751
0.000542286828681751
0.000542286828681751
0.000542271340576211
0.000542271340576211
0.000542271340576211
0.000542271340576211
0.000542290658422437
0.000542269404625233
0.000542269404625233
0.000542269404625233
0.000542268113998929
0.000542266823378769
0.000542266823378769
0.000542266823378769
0.000542266823378769
0.000542266823378769
0.000542266823378769
0.000542266823378769
0.000542266823378769
0.000542266823378769
0.000542266823378769
0.000542266823378769
0.000542266823378769
0.000542266823378769
0.000542266823378769
0.000542266823378769