7.86304211197235e-05
7.86304211197235e-05
7.86304211197235e-05
7.86304211197235e-05
7.86296721087256e-05
7.86292976085778e-05
7.86292976085778e-05
7.86292976085778e-05
7.86292976085778e-05
7.86292976085778e-05
7.86292976085778e-05
7.86292976085778e-05
7.86292976085778e-05
7.86292976085778e-05
7.86292976085778e-05
7.86292976085778e-05
7.86292976085778e-05
7.86292976085778e-05
7.86292976085778e-05
7.86292976085778e-05
7.86294848582058e-05
7.86294848582058e-05
7.86294848582058e-05
7.86294848582058e-05
7.86294848582058e-05
7.86294848582058e-05
7.86294848582058e-05
7.86294848582058e-05
7.86294848582058e-05
7.86294848582058e-05
7.86294848582058e-05
7.86294848582058e-05
7.86304211197235e-05
7.86304211197235e-05
7.86304211197235e-05
7.86304211197235e-05
7.86304211197235e-05
7.86304211197235e-05
7.86304211197235e-05
7.86304211197235e-05
7.86304211197235e-05
7.86304211197235e-05
7.86304211197235e-05
7.86304211197235e-05
7.86304211197235e-05
7.86304211197235e-05
7.86304211197235e-05
7.86304211197235e-05
7.86304211197235e-05
7.86301861454669e-05
7.86301861454669e-05
7.86301861454669e-05
7.86301861454669e-05
7.86301861454669e-05
7.86301861454669e-05
7.86301861454669e-05
7.86301861454669e-05
7.86301861454669e-05
7.86301861454669e-05
7.86301861454669e-05
7.86301861454669e-05
7.86301861454669e-05
7.86301861454669e-05
7.86301861454669e-05
7.86301861454669e-05
7.86301861454669e-05
7.86301861454669e-05
7.86727026461208e-05
7.83325706408896e-05
7.83325706408896e-05
7.83325706408896e-05
7.83325706408896e-05
7.83317018579427e-05
7.8331078310808e-05
7.8331078310808e-05
7.8331078310808e-05
7.83308917735459e-05
7.83308917735459e-05
7.83308917735459e-05
7.83308917735459e-05
7.8330800673078e-05
7.83306141371381e-05
7.83306141371381e-05
7.83306141371381e-05
7.83306141371381e-05
7.83306141371381e-05
7.83306141371381e-05
7.83306141371381e-05
7.83306141371381e-05
7.83306141371381e-05
7.83306141371381e-05
7.83306141371381e-05
7.83306141371381e-05
7.83306141371381e-05
7.83306141371381e-05
7.83306141371381e-05