0.0380851480099218
0.0380851480099218
0.0380851480099218
0.0380851480099218
0.0380852678899831
0.0380853278291576
0.0380853278291576
0.0380853278291576
0.0380853278291576
0.0380853278291576
0.0380853278291576
0.0380853278291576
0.0380853278291576
0.0380853278291576
0.0380853278291576
0.0380853278291576
0.0380853278291576
0.0380853278291576
0.0380853278291576
0.0380853278291576
0.0380852978062468
0.0380852978062468
0.0380852978062468
0.0380852978062468
0.0380852978062468
0.0380852978062468
0.0380852978062468
0.0380852978062468
0.0380852978062468
0.0380852978062468
0.0380852978062468
0.0380852978062468
0.0380851479565257
0.0380851479565257
0.0380851479565257
0.0380851479565257
0.0380851479565257
0.0380851479565257
0.0380851479565257
0.0380851479565257
0.0380851479565257
0.0380851479565257
0.0380851479565257
0.0380851479565257
0.0380851479565257
0.0380851479565257
0.0380851479565257
0.0380851479565257
0.038085147954906
0.0380851172052778
0.0380851172052778
0.0380851172052778
0.0380851172052778
0.0380844795708708
0.0380844795708708
0.0380843945382744
0.0380843945382744
0.0380843945382744
0.0380843945382744
0.0380843945382744
0.0380843945382744
0.0380843945382744
0.0380843945382744
0.0380843945382744
0.0380843945382744
0.0380843945382744
0.0380844370470831
0.038084433140964
0.0380840930105784
0.0380840930105784
0.0380840930105784
0.0380840930105784
0.0380839468524958
0.0380839468524958
0.0380839468524958
0.0380839468524958
0.0380839284014809
0.0380839284014809
0.0380839284014809
0.0380839284014809
0.0380839583734692
0.0380839883453147
0.0380839883453147
0.0380839883453147
0.0380839883453147
0.0380839883453147
0.0380839883453147
0.0380839883453147
0.0380839883453147
0.0380839883453147
0.0380839883453147
0.0380839883453147
0.0380839883453147
0.0380839883453147
0.0380839883453147
0.0380839883453147