0.0881603271332021
0.0881603271332021
0.0881603271332021
0.0881603271332021
0.0881603527563233
0.0881603655677009
0.0881603655677009
0.0881603655677009
0.0881603655677009
0.0881603655677009
0.0881603655677009
0.0881603655677009
0.0881603655674996
0.0881603655674996
0.0881603655674996
0.088160365567399
0.088160365567399
0.088160365567399
0.088160365567399
0.0881603655671977
0.0881603591615242
0.0881603591615242
0.0881603591615242
0.0881603591615242
0.0881603591615242
0.0881603591615242
0.0881603591615242
0.0881603591614235
0.0881603591614235
0.0881603591614235
0.0881603591614235
0.0881603591614235
0.0881603271322964
0.0881603271322964
0.0881603271322964
0.0881603271322964
0.0881603271320951
0.0881603271320951
0.0881603271318938
0.0881603271318938
0.0881603271318938
0.0881603271318938
0.0881603271318938
0.0881603271318938
0.0881603271316926
0.0881603271316926
0.0881603271316926
0.0881603271316926
0.0881603271316926
0.0881603335376193
0.0881603335376193
0.0881603335376193
0.0881603335376193
0.0881670641417186
0.0881603335376193
0.0881603335376193
0.0881603335376193
0.0881603335376193
0.0881603335376193
0.0881603335376193
0.0881603335376193
0.0881603335376193
0.0881603335376193
0.0881603335376193
0.0881603335376193
0.088160333537418
0.0881603335373174
0.0881603334715653
0.0881603334715653
0.0880954881638892
0.0880954881638892
0.0880954881638892
0.0880955651136826
0.0880955651136826
0.0880955651136826
0.0880955651136826
0.0880955747321
0.0880955747321
0.0880955747321
0.0880955747321
0.0880955811372688
0.0880955907553074
0.0880955907553074
0.0880955907552068
0.0880955907552068
0.0880955907548043
0.0880955907548043
0.0880955907546031
0.0880955907546031
0.0880970363640853
0.0880953850949345
0.0880953850948339
0.0880955907545025
0.0880955907543013
0.0880955907543013
0.0880955907541001