6.37722915343996e-07
6.37722915343996e-07
6.37722915343996e-07
6.37722915343996e-07
6.37716234805648e-07
6.37713501938909e-07
6.37713501938909e-07
6.37713501938909e-07
6.37712287265619e-07
6.37712287265619e-07
6.37712287265619e-07
6.37712287265619e-07
6.37712287265619e-07
6.37712287265619e-07
6.37712287265619e-07
6.37712287265619e-07
6.37712287265619e-07
6.37712287265619e-07
6.37712287265619e-07
6.37712287265619e-07
6.37713653690132e-07
6.37713653690132e-07
6.37713653690132e-07
6.37713653690132e-07
6.37713653690132e-07
6.37713653690132e-07
6.37713653690132e-07
6.37713653690132e-07
6.37713653690132e-07
6.37713653690132e-07
6.37713653690132e-07
6.37713653690132e-07
6.3772048590487e-07
6.3772048590487e-07
6.3772048590487e-07
6.3772048590487e-07
6.3772048590487e-07
6.3772048590487e-07
6.3772048590487e-07
6.3772048590487e-07
6.3772048590487e-07
6.3772048590487e-07
6.3772048590487e-07
6.3772048590487e-07
6.3772048590487e-07
6.3772048590487e-07
6.3772048590487e-07
6.3772048590487e-07
6.3772048590487e-07
6.37719119449632e-07
6.37719119449632e-07
6.37719119449632e-07
6.37719119449632e-07
6.37719119449632e-07
6.37719119449632e-07
6.37719119449632e-07
6.37719119449632e-07
6.37719119449632e-07
6.37719119449632e-07
6.37719119449632e-07
6.37719119449632e-07
6.37719119449632e-07
6.37719119449632e-07
6.37719119449632e-07
6.37719119449632e-07
6.37719119449632e-07
6.37719119449632e-07
6.37709403844325e-07
6.37709403844325e-07
6.37709403844325e-07
6.37709403844325e-07
6.37709403844325e-07
6.37705760752482e-07
6.37703331348061e-07
6.37703331348061e-07
6.37703331348061e-07
6.37702572300664e-07
6.37702572300664e-07
6.37702572300664e-07
6.37702572300664e-07
6.37700750442513e-07
6.37699080432439e-07
6.37699080432439e-07
6.37699080432439e-07
6.37699080432439e-07
6.37699080432439e-07
6.37699080432439e-07
6.37699080432439e-07
6.37699080432439e-07
6.37699080432439e-07
6.3686678686845e-07
6.36811387430929e-07
6.36811387430929e-07
6.36811387430929e-07
6.36811387430929e-07
6.36811387430929e-07