0.0176121517199786
0.0176121517199786
0.0176121517199786
0.0176121517199786
0.0176120525267648
0.0176120090011391
0.0176120090011391
0.0176120090011391
0.0176120090011391
0.0176120090011391
0.0176120090011391
0.0176120090011391
0.0176120090011391
0.0176120090011391
0.0176120090011391
0.0176120090011391
0.0176120090011391
0.0176120090011391
0.0176120090011391
0.0176120090011391
0.0176120307639002
0.0176120307639002
0.0176120307639002
0.0176120307639002
0.0176120307639002
0.0176120307639002
0.0176120307639002
0.0176120307639002
0.0176120307639002
0.0176120307639002
0.0176120307639002
0.0176120307639002
0.0176121395792595
0.0176121395792595
0.0176121395792595
0.0176121395792595
0.0176121395792595
0.0176121395792595
0.0176121395792595
0.0176121395792595
0.0176121395792595
0.0176121395792595
0.0176121365441159
0.0176121365441159
0.0176121365441159
0.0176121365441159
0.0176121365441159
0.0176121365441159
0.0176121365441159
0.0176121204604721
0.0176121204604721
0.0176121204604721
0.0175704970045365
0.0176095525730538
0.017777263479422
0.0353935089909764
0.0353935089909764
0.0353935059558616
0.0353935059558616
0.0353935059558616
0.0353935059558616
0.0353935059558616
0.0353935059558616
0.0353935059558616
0.0353935059558616
0.0353935028400905
0.0353936303875679
0.0353935681559479
0.0353935681559479
0.0353935681559479
0.0353935681559479
0.0353935681559479
0.0353933339239904
0.0353933339239904
0.0353933339239904
0.0353933339239904
0.0353933075938499
0.0353933075938499
0.0353933075535216
0.0353933075535216
0.0353932813776349
0.0353932566005395
0.0353932566005395
0.0353932565602131
0.0353932565602131
0.0353932565602131
0.0353932565602131
0.0353932565602131
0.0353932565602131
0.0353959335150452
0.0353934075525245
0.0353932130145804
0.0353932079348041
0.0353932079348041
0.0353932079348041
0.0353932078944781