2.80493749645301e-06
2.80493749645301e-06
2.80493749645301e-06
2.80493749645301e-06
2.80491079429282e-06
2.80489744340336e-06
2.80489744340336e-06
2.80489744340336e-06
2.80489744340336e-06
2.80489744340336e-06
2.80489744340336e-06
2.80489744340336e-06
2.80489744340336e-06
2.80489744340336e-06
2.80489744340336e-06
2.80489744340336e-06
2.80489744340336e-06
2.80489744340336e-06
2.80489744340336e-06
2.80489744340336e-06
2.8049041188322e-06
2.8049041188322e-06
2.8049041188322e-06
2.8049041188322e-06
2.8049041188322e-06
2.8049041188322e-06
2.8049041188322e-06
2.8049041188322e-06
2.8049041188322e-06
2.8049041188322e-06
2.8049041188322e-06
2.8049041188322e-06
2.80493749645301e-06
2.80493749645301e-06
2.80493749645301e-06
2.80493749645301e-06
2.80493749645301e-06
2.80493749645301e-06
2.80493749645301e-06
2.80493749645301e-06
2.80493749645301e-06
2.80493749645301e-06
2.80493749645301e-06
2.80493749645301e-06
2.80493749645301e-06
2.80493749645301e-06
2.80493749645301e-06
2.80493749645301e-06
2.80493749645301e-06
2.80493415593445e-06
2.80493415593445e-06
2.80493415593445e-06
2.80493415593445e-06
2.80493415593445e-06
2.80493415593445e-06
1.40189631540866e-06
1.40189631540866e-06
1.40189631540866e-06
1.40189631540866e-06
1.40189631540866e-06
1.40189631540866e-06
1.40189631540866e-06
1.40189631540866e-06
1.40189631540866e-06
1.40189631540866e-06
1.40189631540866e-06
1.44441281606256e-06
1.35941460888112e-06
1.35941460888112e-06
1.35941460888112e-06
1.35941460888112e-06
1.35941460888112e-06
1.3593887372604e-06
1.3593887372604e-06
1.3593887372604e-06
1.3593887372604e-06
1.35938550337705e-06
1.35938550337705e-06
1.35938550337705e-06
1.35938550337705e-06
1.35938226950909e-06
1.35937903565651e-06
1.35937903565651e-06
1.35937903565651e-06
1.35937903565651e-06
1.35937903565651e-06
1.35937903565651e-06
1.35937903565651e-06
1.35937903565651e-06
1.35937903565651e-06
1.35937903565651e-06
1.35937903565651e-06
1.35937903565651e-06
1.35937903565651e-06
1.35937903565651e-06
1.35937903565651e-06