0.0150068828900135
0.0140964629915334
0.0140964629915334
0.0140964629915334
0.0140686044323464
0.0152050651399039
0.0152050651399039
0.0152050651399039
0.0152050651399039
0.0152050651399039
0.0152050651399039
0.0152050651399039
0.0152050651399039
0.0152050651399039
0.0152050651399039
0.0152050651399039
0.0152050651399039
0.0152050651399039
0.0152050651399039
0.0152050651399039
0.0152050651399039
0.0152050651399039
0.0152050651399039
0.0151925960812695
0.0172473985203093
0.0202206633114377
0.0217852491334062
0.0151789262535214
0.0203913579469017
0.019334003338622
0.0157033112410754
0.0157899426796391
0.0158465421815635
0.0158465421815635
0.0157031277712836
0.015674261749195
0.0157605366179346
0.015703754468952
0.0157461459142803
0.0156885679812182
0.0156597795989063
0.0156597795989063
0.0156597795989063
0.0156597795989063
0.0156597795989063
0.0156597795989063
0.0156597795989063
0.0156597795989063
0.0156597795989063
0.0135992394898558
0.0135992394898558
0.01292519176154
0.01292519176154
0.01292519176154
0.01292519176154
0.01292519176154
0.01292519176154
0.01292519176154
0.01292519176154
0.01292519176154
0.01292519176154
0.01292519176154
0.01292519176154
0.01292353120708
0.01292353120708
0.01292353120708
0.01292353120708
0.01292353120708
0.01292353120708
0.01292353120708
0.01292353120708
0.01292353120708
0.01292353120708
0.01292353120708
0.01292353120708
0.01292353120708
0.01292353120708
0.01292353120708
0.01292353120708
0.01292353120708
0.01292353120708
0.01292353120708
0.01292353120708
0.01292353120708
0.01292353120708
0.01292353120708
0.01292353120708
0.01292353120708
0.01292353120708
0.01292353120708
0.01292353120708
0.0124074352411723
0.0124496804909546
0.0124496804909546
0.0124496804909546
0.0124496804909546