0.00450299132243098
0.00449693198551293
0.00449670470957565
0.00449670470957565
0.000969445324171319
0.00193567234080314
0.00193567234080314
0.00449636336946169
0.00449636336946169
0.00449636336946169
0.00449636336946169
0.00449636336946169
0.00449636336946169
0.00449636336946169
0.00449636336946169
0.00449636336946169
0.00449636336946169
0.00449636336946169
0.00449636336946169
0.00449636336946169
0.00449636336946169
0.00449636336946169
0.00449636336946169
0.00449636336946169
0.00389024014834685
0.00440887727572974
0.00436608159050881
0.00468738692277657
0.00435274743938779
0.00433771182564676
0.00462609229038993
0.00424108025422039
0.00424108025422039
0.0043393049340807
0.00448708954342529
0.0044896679876767
0.0044885528933449
0.00438755669003897
0.00438740123393438
0.00438740123393438
0.00447304753122777
0.00448724223445098
0.00448587417538128
0.00448587417538128
0.00448587417538128
0.00448587417538128
0.00448587417538128
0.00448587417538128
0.00448587417538128
0.00457036998385223
0.00457036998385223
0.00449982819285514
0.00448587417538128
0.00448587417538128
0.00448587417538128
0.00448587417538128
0.00448587417538128
0.00448587417538128
0.00448587417538128
0.00448587417538128
0.00448587417538128
0.00448587417538128
0.00448587417538128
0.00448587417538128
0.00448587417538128
0.00448587417538128
0.00448587417538128
0.00448587417538128
0.00448587417538128
0.00448587417538128
0.00448587417538128
0.00448587417538128
0.00448587417538128
0.00448587417538128
0.00448587417538128
0.00448587417538128
0.00448587417538128
0.00448587417538128
0.00448587417538128
0.00448587417538128
0.00448587417538128
0.00448587417538128
0.00448587417538128
0.00448587417538128
0.00448587417538128
0.00448587417538128
0.00448476009615584
0.00448476009615584
0.00448476009615584
0.00448476009615584
0.00448476009615584
0.00455564894429185
0.00455645367716345
0.00454285254268341
0.00452019493716498
0.00436895884243466