0.00291848057273479
0.0029041391317068
0.0029041391317068
0.0029041391317068
0.0029041391317068
0.0029041391317068
0.0029041391317068
0.0029041391317068
0.0029041391317068
0.0029041391317068
0.0029041391317068
0.0029041391317068
0.0029041391317068
0.0029041391317068
0.0029041391317068
0.0029041391317068
0.0029041391317068
0.0029041391317068
0.0029041391317068
0.0029041391317068
0.0029041391317068
0.0029041391317068
0.0029041391317068
0.0029041391317068
0.00299508633420022
0.0029772973347265
0.00297412154345191
0.00290929371455781
0.00297412154345191
0.00297412154345191
0.00290284842916626
0.00290284842916626
0.00290284842916626
0.00290284842916626
0.00290284842916626
0.00290284842916626
0.00290594570392449
0.00290594570392449
0.00290205329710023
0.00289998464983642
0.002898956022342
0.002898956022342
0.002898956022342
0.002898956022342
0.002898956022342
0.002898956022342
0.002898956022342
0.002898956022342
0.002898956022342
0.002898956022342
0.002898956022342
0.002898956022342
0.002898956022342
0.002898956022342
0.002898956022342
0.002898956022342
0.002898956022342
0.002898956022342
0.002898956022342
0.002898956022342
0.002898956022342
0.002898956022342
0.002898956022342
0.002898956022342
0.002898956022342
0.002898956022342
0.002898956022342
0.002898956022342
0.002898956022342
0.002898956022342
0.002898956022342
0.002898956022342
0.002898956022342
0.002898956022342
0.002898956022342
0.002898956022342
0.002898956022342
0.002898956022342
0.002898956022342
0.002898956022342
0.002898956022342
0.002898956022342
0.002898956022342
0.002898956022342
0.002898956022342
0.002898956022342
0.002898956022342
0.002898956022342
0.002898956022342
0.002898956022342
0.002898956022342
0.00289853029086737
0.00289853029086737
0.00289853029086737
0.00289853029086737
0.00289853029086737