0.0827186439470823
0.0826409028052673
0.0826381030292283
0.0826381030292283
0.0848844987524622
0.0848894941702265
0.0848894941702265
0.082635692175741
0.0826338232978073
0.0826328940037213
0.0826328940037213
0.0825755282396093
0.0825755282396093
0.0825755282396093
0.0825755282396093
0.0825755282396093
0.0825755282396093
0.0825755282396093
0.0825755282396093
0.0825755282396093
0.0825755282396093
0.0825755282396093
0.0825755282396093
0.0825643951515429
0.0846202182527279
0.0848118967873707
0.0837456125744948
0.0837180455773118
0.080510650147856
0.0804137714751456
0.0810264751918301
0.0830454025758109
0.0826168543959142
0.0825841160224525
0.0825117741456239
0.0825472899845578
0.0825706608316771
0.0826036636340013
0.0840121698448893
0.0841222544266606
0.0818221750570935
0.0823181996785658
0.0822967292047865
0.0822967292047865
0.0822967292047865
0.0822967292047865
0.0820480931511379
0.0818248578220904
0.0818014351892898
0.0823951308663016
0.08289092211756
0.0824700974567537
0.0822977956757722
0.0822977956757722
0.0822977956757722
0.0822977956757722
0.0822977956757722
0.0822977956757722
0.0822977956757722
0.0822977956757722
0.0822977956757722
0.0822977956757722
0.0822977956757722
0.0823090215944023
0.0823090215944023
0.0822898868774996
0.0822898868774996
0.0822898868774996
0.0822898868774996
0.0822898868774996
0.0822898868774996
0.0822898868774996
0.0822898868774996
0.0822877602748025
0.0822898868774996
0.0822898868774996
0.0822898868774996
0.0822898868774996
0.0822898868774996
0.0822898868774996
0.0822898868774996
0.0822898868774996
0.0822879293839567
0.0822879293839567
0.0822879293839567
0.0822879293839567
0.0822908526446662
0.0822908526446662
0.0822908526446662
0.0822864085127883
0.0822864085127883
0.0771757511534624
0.0771884352763434
0.0772965612477263
0.0783758873405882
0.0800340014321252