0.0126789625643933
0.0120804650054954
0.0118262013817301
0.0118262013817301
0.0120108417387533
0.0117409959167282
0.0167957697017681
0.0167957697017681
0.0167957697017681
0.0142066323189581
0.0142066323189581
0.0142066323189581
0.0142066323189581
0.0142066323189581
0.0142066323189581
0.0142066323189581
0.0142066323189581
0.0142066323189581
0.0142066323189581
0.0142066323189581
0.0142066323189581
0.0142066323189581
0.0142066323189581
0.0142066323189581
0.0201463368840993
0.0158822798509114
0.0156229086912181
0.0237531321080772
0.014185178519438
0.0154626101949021
0.018453554747487
0.0147420524123479
0.0145718963919109
0.0146005792739669
0.0146866279201349
0.0147007713915085
0.0145765621583736
0.0146614614112602
0.0149402037076838
0.0149931796424207
0.0146753271528784
0.0146753271528784
0.0146753271528784
0.0146753271528784
0.0146753271528784
0.0146753271528784
0.0146753271528784
0.0146753271528784
0.0146753271528784
0.0272493764334481
0.0272493764334481
0.0245205262066697
0.0209165478772978
0.0209165478772978
0.0209165478772978
0.0209165478772978
0.0209165478772978
0.0209165478772978
0.0209165478772978
0.0209165478772978
0.0209165478772978
0.0209165478772978
0.0209165478772978
0.0217382165891725
0.0217382165891725
0.0213079733583326
0.0213079733583326
0.0213079733583326
0.0213079733583326
0.0213079733583326
0.0213079733583326
0.0213079733583326
0.0213079733583326
0.0216655248457468
0.0213079733583326
0.0213079733583326
0.0213079733583326
0.0213079733583326
0.0213079733583326
0.0213079733583326
0.0213079733583326
0.0213079733583326
0.0213079733583326
0.0213079733583326
0.0213079733583326
0.0213079733583326
0.0212219247121647
0.0212219247121647
0.0212219247121647
0.0212219247121647
0.0212219247121647
0.0233863776333937
0.0233432594604891
0.0233149661150839
0.0212357541205063
0.0211066811512543