0.318940459234602
0.319256221879983
0.319265062584558
0.319150331056334
0.319191662551673
0.319170305732306
0.319170305732306
0.319159267768039
0.319142739464612
0.319134520814078
0.319134520814078
0.319134520814078
0.319134520814078
0.319134520814078
0.318472596151838
0.318472596151838
0.318472596151838
0.318472596151838
0.318357864623614
0.318472596151838
0.318472596151838
0.318472596151838
0.318472596151838
0.318372398359241
0.297026325963422
0.299038836430716
0.312115731361487
0.311024708116239
0.30769327541739
0.313749651215276
0.316597848009243
0.319662251220927
0.320760510536215
0.320864586672464
0.320850585403626
0.320851825643379
0.320904614180195
0.320875023205753
0.320544970940458
0.320525093361942
0.321933067604355
0.320512400051135
0.320483584928959
0.320483584928959
0.320483584928959
0.320483584928959
0.321559823846895
0.321822715400994
0.322026803983418
0.311487878506514
0.316902010706361
0.318977651113338
0.319542264073329
0.319542264073329
0.319542264073329
0.319542264073329
0.319542264073329
0.319542264073329
0.319542264073329
0.319542264073329
0.319538728205486
0.319538728205486
0.319538728205486
0.31947578731556
0.31947578731556
0.319450570423254
0.319450570423254
0.319450570423254
0.319450570423254
0.319450570423254
0.319450570423254
0.319450570423254
0.319454106291097
0.320200162480042
0.320116030953337
0.320116030953337
0.320116030953337
0.320116030953337
0.320116030953337
0.319454106291097
0.319454106291097
0.319454106291097
0.319414673098807
0.319414673098807
0.319414673098807
0.319414673098807
0.321892289546631
0.321892289546631
0.321892289546631
0.320363180437444
0.320363180437444
0.320353352460047
0.320353352460047
0.320336571743613
0.320336571743613
0.320348351362974