0.0680206099162206
0.0679906363027477
0.0679906363027477
0.0679906363027477
0.0679889896694729
0.06799932690522
0.06799932690522
0.0679963856451539
0.0679904741589241
0.0679875346896873
0.0679875346896873
0.0679875346896873
0.0679875346896873
0.0679875346896873
0.0679875346896873
0.0679875346896873
0.0679875346896873
0.0679875346896873
0.0679875346896873
0.0679875346896873
0.0679875346896873
0.0679875346896873
0.0679875346896873
0.0679064680104468
0.0689774807626742
0.0688299011651463
0.0686413751170553
0.0684077692063106
0.0685304942927131
0.0682097083854007
0.0678791730860748
0.0678743925121425
0.0678708481536357
0.0678692057499899
0.0678668995950368
0.0678688400538202
0.0679349048357125
0.0679375872163375
0.0679918008273933
0.0678727388469194
0.068001492139351
0.0679770656584265
0.0679682269070575
0.0679682269070575
0.0679682269070575
0.0679682269070575
0.0679682269070575
0.0679710613435086
0.0679796269624337
0.0680890949656537
0.0680519891299118
0.0679710613435086
0.0679710613435086
0.0679710613435086
0.0679710613435086
0.0679710613435086
0.0679710613435086
0.0679710613435086
0.0679710613435086
0.0679710613435086
0.0679710613435086
0.0679710613435086
0.0679710613435086
0.0679915065122776
0.0679915065122776
0.0679615976560896
0.0679615976560896
0.0679615976560896
0.0679615976560896
0.0679615976560896
0.0679615976560896
0.0679615976560896
0.0679615976560896
0.0679615976560896
0.0679615976560896
0.0679615976560896
0.0679615976560896
0.0679615976560896
0.0679615976560896
0.0679615976560896
0.0679615976560896
0.0679615976560896
0.0679501102597724
0.0679501102597724
0.0679501102597724
0.0679501102597724
0.0679552826600022
0.0679552826600022
0.0679552826600022
0.0679465665693957
0.0679465665693957
0.0679408262526249
0.067942116379927
0.0679411398604408
0.0679398497331387
0.0679415632211435