0.0181013089479675
0.0177755391400705
0.0177748079044462
0.0177748079044462
0.0177800980342931
0.0177790311540833
0.0177360068309993
0.0172549476190654
0.0172514086799996
0.0172496489529004
0.0172496489529004
0.0172496489529004
0.0172496489529004
0.0172496489529004
0.0172496489529004
0.0172496489529004
0.0172496489529004
0.0172496489529004
0.0172496489529004
0.0172496489529004
0.0172496489529004
0.0172496489529004
0.0172496489529004
0.0172446390632705
0.0194135678221286
0.0188781899378116
0.018721501438211
0.0179363646015406
0.0188109064424749
0.0182824329412165
0.0181285062403697
0.0176639947579219
0.0174543297701481
0.0175058740902598
0.017436919827511
0.017441186514057
0.0174411092574177
0.0174463632147373
0.0183240862682607
0.0183240862682607
0.0183194196689337
0.0183186780056678
0.0183089454194174
0.0183089454194174
0.0183089454194174
0.0183089454194174
0.0183089454194174
0.0183089454194174
0.0183089454194174
0.0186479624207301
0.0186479624207301
0.0183538774894694
0.018308779722851
0.018308779722851
0.018308779722851
0.018308779722851
0.018308779722851
0.018308779722851
0.018308779722851
0.018308779722851
0.018308779722851
0.018308779722851
0.018308779722851
0.0184081628524856
0.0184081628524856
0.0184081628524856
0.0184081628524856
0.0184081628524856
0.0184081628524856
0.0184081628524856
0.0184081628524856
0.0184081628524856
0.0184081628524856
0.0185294054605721
0.0184081628524856
0.0184081628524856
0.0184081628524856
0.0184081628524856
0.0184081628524856
0.0184081628524856
0.0184081628524856
0.0184081628524856
0.0184081628524856
0.0184081628524856
0.0184081628524856
0.0184081628524856
0.018411697120005
0.018411697120005
0.018411697120005
0.0184081628524856
0.0184081628524856
0.018190954295008
0.018190954295008
0.0181410834685812
0.0180609562688761
0.0179916917321472