0.402335380570904
0.400766826612929
0.400775614615838
0.400775614615838
0.402522816274606
0.401087529158478
0.401087529158478
0.400805365045223
0.400779399570953
0.400766488314821
0.400766488314821
0.400766488314821
0.400766488314821
0.400766488314821
0.400104563652582
0.400104563652582
0.400104563652582
0.400090420181208
0.399975688652984
0.400090420181208
0.400090420181208
0.400090420181208
0.400090420181208
0.399841150339402
0.377971222961331
0.375153283651668
0.388808885426856
0.389864621562144
0.383429849826097
0.390464437474099
0.396414027924318
0.401465877698736
0.403274044469998
0.402823738238786
0.402671782836806
0.402729373345971
0.403035258699986
0.403112984683202
0.402924225162045
0.402848543192006
0.403862402509727
0.402462115146435
0.402381340096332
0.402381340096332
0.402381340096332
0.402381340096332
0.403384417002614
0.403701467810056
0.404133628218988
0.391941798151523
0.398294510184044
0.400726477142545
0.40128785438834
0.40128785438834
0.40128785438834
0.40128785438834
0.40128785438834
0.40128785438834
0.40128785438834
0.40128785438834
0.401284318520497
0.401284318520497
0.401284318520497
0.401272812672638
0.401272812672638
0.401233848133073
0.401233848133073
0.401233848133073
0.401233848133073
0.401233848133073
0.401233848133073
0.401233848133073
0.401237384000916
0.401626236572641
0.401899308663155
0.401899308663155
0.401899308663155
0.401899308663155
0.401899308663155
0.401237384000916
0.401237384000916
0.401237384000916
0.401237384000916
0.401237384000916
0.401237384000916
0.401237384000916
0.404078579426815
0.404078579426815
0.404078579426815
0.402334903388197
0.402334903388197
0.403398826688868
0.403612308846355
0.403395442820665
0.403285661728129
0.402411518840877