0.0778634653989816
0.0758056761839202
0.0758056761839202
0.0758056761839202
0.0776371599783214
0.0712541160115758
0.0739680199537938
0.0711028771576971
0.0711028771576971
0.0711028771576971
0.0711028771576971
0.0711028771576971
0.0711028771576971
0.0711028771576971
0.0711028771576971
0.0711028771576971
0.0711028771576971
0.0711028771576971
0.0711028771576971
0.0711028771576971
0.0711028771576971
0.0711028771576971
0.0711028771576971
0.0710743764522472
0.0619828656993192
0.0689326542758027
0.0684075458161075
0.0763034268099444
0.0725704332270607
0.0709959238813175
0.069929445176334
0.0704873783208445
0.0704569841960349
0.06993026320259
0.0697853689289918
0.069801339331704
0.0700543071252981
0.0701124175186202
0.0697139442410681
0.0696657646711898
0.0693602974319281
0.0693788977739696
0.0693788977739696
0.0693788977739696
0.0693788977739696
0.0693788977739696
0.0693788977739696
0.0693516211766146
0.069211944223261
0.0698429927288076
0.0691902575176747
0.0689276354859344
0.0688357029220059
0.0688003442435719
0.0688003442435719
0.0688003442435719
0.0688003442435719
0.0688003442435719
0.0688003442435719
0.0688003442435719
0.0688003442435719
0.0688003442435719
0.0688003442435719
0.0685991744330191
0.0685991744330191
0.0687100051848069
0.0687100051848069
0.0687100051848069
0.0687100051848069
0.0687100051848069
0.0687100051848069
0.0687100051848069
0.0687100051848069
0.0686157028260107
0.0687100051848069
0.0687100051848069
0.0687100051848069
0.0687100051848069
0.0687100051848069
0.0687100051848069
0.0687100051848069
0.0687100051848069
0.0687065023016249
0.0687065023016249
0.0687065023016249
0.0687065023016249
0.0687912099948254
0.0687912099948254
0.0687629102438632
0.0688471214802527
0.0688471214802527
0.0706318063011052
0.0709173853082627
0.0709152264996856
0.0707438185281692
0.0707168833202806