0.271185682926827
0.271503433516185
0.271503433516185
0.271503433516185
0.275350717326123
0.272059607436596
0.274118150299408
0.275575505558779
0.27548872283479
0.275487767177751
0.275487767177751
0.275545132941863
0.275545132941863
0.275545132941863
0.275545132941863
0.275545132941863
0.275545132941863
0.275545132941863
0.275545132941863
0.275545132941863
0.275545132941863
0.275545132941863
0.275545132941863
0.275172619815162
0.286332055960688
0.28211274745555
0.278309598678835
0.269943468898665
0.27896765781516
0.276657207364588
0.275948729704075
0.275473968091585
0.275430022907228
0.275214861214763
0.275042805305411
0.275050500344367
0.275094414703908
0.275151718165268
0.273880470975867
0.273622443214583
0.282916779625469
0.276809540845572
0.276808252094274
0.276808252094274
0.276808252094274
0.276808252094274
0.281138071371382
0.283078518153117
0.28317942515582
0.281896204188972
0.282745274194326
0.282349624937061
0.282393156338728
0.282516969428614
0.282516969428614
0.282516969428614
0.282516969428614
0.282516969428614
0.282516969428614
0.282516969428614
0.282516969428614
0.282516969428614
0.282516969428614
0.282428403545617
0.282428403545617
0.28242143317952
0.28242143317952
0.282364859294025
0.282364859294025
0.282364859294025
0.282364859294025
0.282364859294025
0.282364859294025
0.282620133662529
0.282364859294025
0.282364859294025
0.282364859294025
0.282364859294025
0.282364859294025
0.282364859294025
0.282364859294025
0.282364859294025
0.282334157553195
0.282334157553195
0.282334157553195
0.282334157553195
0.282418678328185
0.282418678328185
0.282333817499943
0.275962644438397
0.275962644438397
0.278151351166552
0.277613382934
0.277665523934985
0.277580624682098
0.277581733388575