0.00339848903505196
0.00339848903505196
0.00339848903505196
0.00339848903505196
0.0034068646888255
0.00340682945201831
0.00340682945201831
0.00340682945201831
0.00340683586005327
0.00340683586005327
0.00340683586005327
0.00340680705602252
0.00340680705602252
0.00340588796306153
0.00340587836721012
0.00340583750018721
0.00340583750018721
0.00340583750018721
0.00340583750018721
0.00339087952395696
0.00339088912255361
0.00339088912255361
0.00340585028718101
0.00340584709878386
0.00340586129289637
0.00340587262126103
0.00340587262126103
0.00340583750018721
0.00340538585647371
0.00340538585647371
0.00340539989537005
0.00340537626062229
0.00340550448852636
0.00340545340855576
0.00340545340855576
0.00340545340855576
0.00340554006599422
0.00340589444475853
0.00340589444475853
0.00340589444475853
0.00341681415146189
0.00340591364030213
0.00340549816239036
0.00340499953756034
0.00340501547241417
0.00340501547241417
0.00340458568212716
0.00339527795373412
0.00339440694366493
0.00339440694366493
0.00339440694366493
0.00339397841604549
0.00339397841604549
0.00339398441762607
0.00339398441762607
0.00339398441762607
0.00339356037946101
0.00339312163393063
0.00339313122703808
0.00339313122703808
0.00339230527745197
0.00339230527745197
0.00339230527745197
0.00339229952323281
0.00339229952323281
0.00339229952323281
0.00339239560543538
0.00339239560543538
0.00339238598483098
0.00339239560543538
0.00339239560543538
0.00339239560543538
0.00339198913491706
0.00339198913491706
0.00339198913491706
0.00339198913491706
0.00339198913491706
0.00339198913491706
0.00339195066902696
0.00339189331639597
0.00339193819472404
0.00339193819472404
0.00339185170837288
0.00339185170837288
0.00339185170837288
0.00339187722429125
0.00339185808571334
0.00339185170837288
0.00339185170837288
0.00339185170837288
0.00339185170837288
0.00339185170837288
0.00339185170837288
0.00339185170837288
0.00339185170837288
0.00339184211252146
