0.000262476347987172
0.000262476347987172
0.000262476347987172
0.000262476347987172
0.000262476347987172
0.000262476347987172
0.000262476347987172
0.000262476347987172
0.000262476347987172
0.000262476347987172
0.000262476347987172
0.000262476347987172
0.000262476347987172
0.000262476347987172
0.000262476347987172
0.000262476347987172
0.000262476347987172
0.000262476347987172
0.000262476347987172
0.000262476347987172
0.000262476347987172
0.000262476347987172
0.000335164211694945
0.00353515875292844
0.000262476347987172
0.00354797793194237
0.00356310769969532
0.00109159874607537
0.00105984988410003
0.000304361125755849
0.000262476347987172
0.000262476347987172
0.00350503281589798
0.000262476347987172
0.000262476347987172
0.000262476347987172
0.000262478899360719
0.000262500901185287
0.000262500901185287
0.000262500901185287
0.00148577031686139
0.00347786376720409
0.00349219858665712
0.000286676441809074
0.00353476696688611
0.00353476696688611
0.000286676441809074
0.000286676441809074
0.000286676441809074
0.000286676441809074
0.000286676441809074
0.000286676441809074
0.000279230259094643
0.000279230259094643
0.000279230259094643
0.000279230259094643
0.000279230259094643
0.000279230259094643
0.000279230259094643
0.000279230259094643
0.000279230259094643
0.000279230259094643
0.000279230259094643
0.000279230259094643
0.000279230259094643
0.000279230259094643
0.000279230259094643
0.000279230259094643
0.000279230259094643
0.000279230259094643
0.000279230259094643
0.000279230259094643
0.000279230259094643
0.000279230259094643
0.000279230259094643
0.000279230259094643
0.000279230259094643
0.000279230259094643
0.000279230259094643
0.000279230259094643
0.000279230259094643
0.000279230259094643
0.000279230259094643
0.000279230259094643
0.000279230259094643
0.000279230259094643
0.000279230259094643
0.000279230259094643
0.000279230259094643
0.000279230259094643
0.000279230259094643
0.000279230259094643
0.000279230259094643
0.000279230259094643
0.000279230259094643
0.000279230259094643
