0.000163816029789634
0.000163816029789634
0.000163816029789634
0.000163816029789634
0.000163816029789634
0.000163816029789634
0.000163816029789634
0.000163816029789634
0.000163816029789634
0.000163816029789634
0.000163816029789634
0.000163816029789634
0.000163816029789634
0.000163816029789634
0.000163816029789634
0.000163816029789634
0.000163816029789634
0.000163816029789634
0.000163816029789634
0.000163816029789634
0.000163816029789634
0.000163816029789634
0.000163816189209492
0.000163816029789634
0.000163816029789634
0.000163816508131136
0.000163816508131136
0.000163816029789634
0.000163809673133623
0.000163809673133623
0.00016380998993538
0.000163809673133623
0.000163809992000646
0.000163809673133623
0.000163809673133623
0.000163809673133623
0.000163812649186392
0.000163831769179547
0.000163831769179547
0.000163831769179547
0.000164304212824696
0.000163831769179547
0.000163810313041076
0.000163799597880741
0.000163800076222243
0.000163800076222243
0.00016378962934442
0.000161928083665812
0.000161908466278984
0.000161908466278984
0.000161908466278984
0.00016189881402926
0.00016189881402926
0.000161899114108289
0.000162870391493455
0.000162870391493455
0.000162860838167566
0.000162851385369934
0.000162851385369934
0.000162851385369934
0.000162832775078468
0.000162832775078468
0.000162832775078468
0.00016283248736751
0.00016283248736751
0.00016283248736751
0.00016283248736751
0.00016283248736751
0.00016283248736751
0.00016283248736751
0.00016283248736751
0.00016283248736751
0.00016282332978706
0.00016282332978706
0.00016282332978706
0.00016282332978706
0.00016282332978706
0.00016282332978706
0.00016282332978706
0.000162820782777409
0.000162820782777409
0.000162820782777409
0.000162820782777409
0.000162820782777409
0.000162820782777409
0.00016282253691483
0.000162821101644432
0.000162820782777409
0.000162820782777409
0.000162820782777409
0.000162820782777409
0.000162820782777409
0.000162820782777409
0.000162820782777409
0.000162820782777409
0.000160958918231779
