0.000171262212394865
0.000171262212394865
0.000171262212394865
0.000171262212394865
0.000171262212394865
0.000171262212394865
0.000171262212394865
0.000171262212394865
0.000171262212394865
0.000171262212394865
0.000171262212394865
0.000171262212394865
0.000171262212394865
0.000171262212394865
0.000171262212394865
0.000171262212394865
0.000171262212394865
0.000171262212394865
0.000171262212394865
0.000171262212394865
0.000171262212394865
0.000171262212394865
0.000171262371814722
0.000171262212394865
0.000171262212394865
0.000171262531261887
0.000171262531261887
0.000171262212394865
0.000171262202431923
0.000171262202431923
0.000171262202431923
0.000171262202431923
0.000171262212394865
0.000171262202431923
0.000171262202431923
0.000171262202431923
0.000171265826181678
0.000171287977463162
0.000171287977463162
0.000171287977463162
0.000171848903401383
0.000171287977463162
0.00017126285012891
0.000171262202431923
0.000171262212394865
0.000171262212394865
0.000171262202431923
0.000171262202431923
0.000171262202431923
0.000171262202431923
0.000171262202431923
0.000171262202431923
0.000171262202431923
0.000171262202431923
0.000171262202431923
0.000171262202431923
0.000171262202431923
0.000171262202431923
0.000171262202431923
0.000171262202431923
0.000171262202431923
0.000171262202431923
0.000171262202431923
0.000171262202431923
0.000171262202431923
0.000171262202431923
0.000171262202431923
0.000171262202431923
0.000171262202431923
0.000171262202431923
0.000171262202431923
0.000171262202431923
0.000171262202431923
0.000171262202431923
0.000171262202431923
0.000171262202431923
0.000171262202431923
0.000171262202431923
0.000171262202431923
0.000171262202431923
0.000171262202431923
0.000171262202431923
0.000171262202431923
0.000171262202431923
0.000171262202431923
0.00017126285012891
0.000171262212394865
0.000171262202431923
0.000171262202431923
0.000171262202431923
0.000171262202431923
0.000171262202431923
0.000171262202431923
0.000171262202431923
0.000171262202431923
0.000171262202431923
