0.00240592583154647
0.00240592583154647
0.00240592583154647
0.00240592583154647
0.00240592583154647
0.00240592583154647
0.00240592583154647
0.00240592583154647
0.00240592583154647
0.00240592583154647
0.00240592583154647
0.00240592583154647
0.00240592583154647
0.00240546658880804
0.00240546658880804
0.00240543815424882
0.00240543815424882
0.00240543815424882
0.00240543815424882
0.00240543815424882
0.00240543815424882
0.00240543815424882
0.00240543815424882
0.00240543815424882
0.00240544524708528
0.00240545219161126
0.00240545219161126
0.00240543815424882
0.00240527888196187
0.00240527888196187
0.00240528241243993
0.00240527888196187
0.00240534233541522
0.00240531424143138
0.00240531424143138
0.00240531424143138
0.00240535768259593
0.00240564541664816
0.00240564541664816
0.00240564541664816
0.00241332573039955
0.00240564541664816
0.0024053143908755
0.00240521203264111
0.00240522607000356
0.00240522607000356
0.00240521203264111
0.00239776584992668
0.00239776584992668
0.00239776584992668
0.00239776584992668
0.00239776584992668
0.00239776584992668
0.00239776584992668
0.00239776584992668
0.00239776584992668
0.00239776584992668
0.00239776584992668
0.00239776584992668
0.00239776584992668
0.00239776584992668
0.00239776584992668
0.00239776584992668
0.00239776584992668
0.00239776584992668
0.00239776584992668
0.00239776584992668
0.00239776584992668
0.00239776584992668
0.00239776584992668
0.00239776584992668
0.00239776584992668
0.00239776584992668
0.00239776584992668
0.00239776584992668
0.00239776584992668
0.00239776584992668
0.00239776584992668
0.00239776584992668
0.00239772764478192
0.00239772764478192
0.00239772764478192
0.00239772764478192
0.00239772764478192
0.00239772764478192
0.00239773832044389
0.00239772764478192
0.00239772764478192
0.00239772764478192
0.00239772764478192
0.00239772764478192
0.00239772764478192
0.00239772764478192
0.00239772764478192
0.00239772764478192
0.00239772764478192
