0.000856312656309436
0.000856312656309436
0.000856312656309436
0.000856312656309436
0.000856312656309436
0.000856312656309436
0.000856312656309436
0.000856312656309436
0.000856312656309436
0.000856312656309436
0.000856312656309436
0.000856312656309436
0.000856312656309436
0.000856312656309436
0.000856312656309436
0.000856312656309436
0.000856312656309436
0.000856312656309436
0.000856312656309436
0.000856312656309436
0.000856312656309436
0.000856312656309436
0.000856313453408725
0.000856312656309436
0.000856312656309436
0.000856315048016946
0.000856315048016946
0.000856312656309436
0.000856311061974323
0.000856311061974323
0.000856311061974323
0.000856311061974323
0.000856312656309436
0.000856311061974323
0.000856311061974323
0.000856311061974323
0.000856330725243506
0.000856441481650925
0.000856441481650925
0.000856441481650925
0.000859294196686698
0.000856441481650925
0.000856315844979663
0.000856311061974323
0.000856312656309436
0.000856312656309436
0.000856311061974323
0.000856311061974323
0.000856311061974323
0.000856311061974323
0.000856311061974323
0.000856311061974323
0.000856311061974323
0.000856311061974323
0.000856311061974323
0.000856311061974323
0.000856311061974323
0.000856311061974323
0.000856311061974323
0.000856311061974323
0.000856311061974323
0.000856311061974323
0.000856311061974323
0.000856311061974323
0.000856311061974323
0.000856311061974323
0.000856311061974323
0.000856311061974323
0.000856311061974323
0.000856311061974323
0.000856311061974323
0.000856311061974323
0.000856311061974323
0.000856311061974323
0.000856311061974323
0.000856311061974323
0.000856311061974323
0.000856311061974323
0.000856311061974323
0.000856311061974323
0.000856311061974323
0.000856311061974323
0.000856311061974323
0.000856311061974323
0.000856311061974323
0.00085631664235206
0.000856312656309436
0.000856311061974323
0.000856311061974323
0.000856311061974323
0.000856311061974323
0.000856311061974323
0.000856311061974323
0.000856311061974323
0.000856311061974323
0.000856311061974323
