0.00715963259668018
0.00715963259668018
0.00715963259668018
0.00715963259668018
0.00715963259668018
0.00715956333221757
0.00715956333221757
0.00715956333221757
0.00715957518708224
0.00715957518708224
0.00715957518708224
0.00715951782535259
0.00715951782535259
0.00715780610241846
0.00715778699246803
0.00715775285491947
0.00715775285491947
0.00715775285491947
0.00715775285491947
0.00715775285491947
0.00715777197018135
0.00715777197018135
0.00715777786871608
0.00715777197018135
0.00715779840711723
0.00715781918676411
0.00715781918676411
0.00715775285491947
0.00715691165431961
0.00715691165431961
0.0071569378022462
0.00715689254436918
0.00715711883670115
0.00715702433875554
0.00715702433875554
0.00715702433875554
0.00715713114935339
0.0071579746866311
0.0071579746866311
0.0071579746866311
0.00717862549188643
0.00715801291433572
0.00715711496071023
0.00715617905612203
0.00715620717867425
0.00715620717867425
0.0071554120840075
0.00711631962475674
0.00711469759707854
0.00711469759707854
0.00711469759707854
0.00711389957202223
0.00711389957202223
0.00711391187526242
0.00711391187526242
0.00711391187526242
0.00711312219567021
0.0071123026444849
0.00711232174912629
0.00711232174912629
0.00711078358159167
0.00711078358159167
0.00711078358159167
0.00711077178544238
0.00711077178544238
0.00711077178544238
0.00711096312425198
0.00711096312425198
0.00711094396641146
0.00711096312425198
0.00711096312425198
0.00711096312425198
0.00711020616031677
0.00711020616031677
0.0071548870862876
0.00712510235542987
0.00712510235542987
0.00711765617271544
0.00711757957332847
0.00711747347096114
0.00711756193335836
0.00711756193335836
0.00711738970449918
0.00711738970449918
0.00711738970449918
0.0071174289385839
0.00711738970449918
0.00711738970449918
0.00711738970449918
0.00711738970449918
0.00711738970449918
0.00711738970449918
0.00711738970449918
0.00711738970449918
0.00711738970449918
0.00711174001705402
