0.000171262212394865
0.000171262212394865
0.000171262212394865
0.000171262212394865
0.000171262212394865
0.000171262212394865
0.000171262212394865
0.000171262212394865
0.000171262212394865
0.000171262212394865
0.000171262212394865
0.000171262212394865
0.000171262212394865
0.000171262212394865
0.000171262212394865
0.000171262212394865
0.000171262212394865
0.000171262212394865
0.000171262212394865
0.000171262212394865
0.000171262212394865
0.000171262212394865
0.000171262371814722
0.000171262212394865
0.000171262212394865
0.000171262531261887
0.000171262531261887
0.000171262212394865
0.000171262212394865
0.000171262212394865
0.000171262212394865
0.000171262212394865
0.000171262531261887
0.000171262212394865
0.000171262212394865
0.000171262212394865
0.000171266145048701
0.000171288296330185
0.000171288296330185
0.000171288296330185
0.000171855645743793
0.000171288296330185
0.000171263168995933
0.000171262212394865
0.000171262531261887
0.000171262531261887
0.000171262212394865
0.000171262212394865
0.000171262212394865
0.000171262212394865
0.000171262212394865
0.000171262212394865
0.000171262212394865
0.000171262212394865
0.000171262212394865
0.000171262212394865
0.000171262212394865
0.000171262212394865
0.000171262212394865
0.000171262212394865
0.000171262212394865
0.000171262212394865
0.000171262212394865
0.000171262212394865
0.000171262212394865
0.000171262212394865
0.000171262212394865
0.000171262212394865
0.000171262212394865
0.000171262212394865
0.000171262212394865
0.000171262212394865
0.000171262212394865
0.000171262212394865
0.000171262212394865
0.000171262212394865
0.000171262212394865
0.000171262212394865
0.000171262212394865
0.000171262212394865
0.000171262212394865
0.000171262212394865
0.000171262212394865
0.000171262212394865
0.000171262212394865
0.000171263328470412
0.000171262531261887
0.000171262212394865
0.000171262212394865
0.000171262212394865
0.000171262212394865
0.000171262212394865
0.000171262212394865
0.000171262212394865
0.000171262212394865
0.000171262212394865
