0.0167701506114654
0.0167608428830723
0.0167608428830723
0.0167608428830723
0.0167608428830723
0.0167541871999838
0.016696479283947
0.0167597718370196
0.016696479283947
0.0167560487456624
0.0167560487456624
0.0167549782504649
0.0167549782504649
0.0169476415639501
0.0168889575933743
0.0172434783181624
0.0172732630490202
0.0174082251107192
0.0173989173823262
0.0152491676985412
0.0150934832168973
0.0150937664946555
0.017063310554285
0.0171539670324182
0.0169205488147172
0.0174053356768516
0.0179003341754886
0.0177010847893741
0.0176977327422839
0.017008331561031
0.0169380955305569
0.0170934416257183
0.0172502718893015
0.0169959032854082
0.0169959032854082
0.0170033494681226
0.0168343645176542
0.0167926445331559
0.0171488828300676
0.0172131248129784
0.0173628807081853
0.0177891459609643
0.0175548111464331
0.0174020845656457
0.0176339763925277
0.017677381168619
0.0174401776604711
0.0169886020417492
0.0169698292540786
0.0170591911001158
0.0170610526457944
0.0170597262205688
0.0170690339489618
0.0170495027232879
0.017058810451681
0.0169927227137316
0.0169681361242799
0.0170248493617193
0.0170331295699657
0.0170955033914668
0.016984965271138
0.0170901502554434
0.0169710036785485
0.0170308226796878
0.0170391996352416
0.017068061246724
0.0170619934156881
0.0170480318230985
0.0170619477450127
0.0171398061943579
0.0171416677400365
0.0172152064478055
0.0171245498663322
0.0171245498663322
0.0171273438616306
0.0171128602663553
0.0171128602663553
0.0171128602663553
0.0170270439838323
0.0171164058298695
0.0171054140836408
0.0171240295404269
0.0171422421396966
0.0170724265232848
0.0171599268236434
0.0171535721732332
0.0171869441174509
0.0171846450963713
0.0172740069424085
0.0171999538854177
0.0171999538854177
0.0171105920393805
0.0170994218086258
0.0170994218086258
0.0171012833543044
0.0171012367158822
