7.07444832694684e-05
7.07444832694684e-05
7.07444832694684e-05
7.07444832694684e-05
7.07444832694684e-05
7.07435241237496e-05
7.07435241237496e-05
7.07435241237496e-05
7.07435241237496e-05
7.07435241237496e-05
7.07435241237496e-05
7.07425654713338e-05
7.07425654713338e-05
7.07425654713338e-05
7.07422460300858e-05
7.07425654713338e-05
7.07425654713338e-05
7.07425654713338e-05
7.07425654713338e-05
7.07425654713338e-05
7.07428849673511e-05
7.07428849673511e-05
7.07428849673511e-05
7.07428849673511e-05
7.07428849673511e-05
7.07428849673511e-05
7.07428849673511e-05
7.07425654713338e-05
7.07425654713338e-05
7.07425654713338e-05
7.07425654713338e-05
7.07422460300858e-05
7.07422460300858e-05
7.07422460300858e-05
7.07422460300858e-05
7.07422460300858e-05
7.07419266435928e-05
7.07527692160607e-05
7.07527692160607e-05
7.07527692160607e-05
7.09867391670833e-05
7.07534082628785e-05
7.07428849673511e-05
7.07416073118408e-05
7.07412880348158e-05
7.07412880348158e-05
7.07425654713338e-05
7.07425654713338e-05
7.07425654713338e-05
7.07425654713338e-05
7.07425654713338e-05
7.07425654713338e-05
7.07425654713338e-05
7.07425654713338e-05
7.07425654713338e-05
7.07425654713338e-05
7.07425654713338e-05
7.07419266435928e-05
7.07422460300858e-05
7.07422460300858e-05
7.07422460300858e-05
7.07422460300858e-05
7.07422460300858e-05
7.07422460300858e-05
7.07422460300858e-05
7.07422460300858e-05
7.07454429088712e-05
7.07454429088712e-05
7.0745122974193e-05
7.07454429088712e-05
7.07454429088712e-05
7.07454429088712e-05
7.07454429088712e-05
7.07454429088712e-05
7.07454429088712e-05
7.07454429088712e-05
7.07454429088712e-05
7.07454429088712e-05
7.07441634993938e-05
7.07441634993938e-05
7.07454429088712e-05
7.07454429088712e-05
7.07425654713338e-05
7.07425654713338e-05
7.07425654713338e-05
7.07425654713338e-05
7.07425654713338e-05
7.07425654713338e-05
7.07425654713338e-05
7.07425654713338e-05
7.07425654713338e-05
7.07425654713338e-05
7.07425654713338e-05
7.07425654713338e-05
7.07425654713338e-05
7.07422460300858e-05
