0.000685050125047549
0.000685050125047549
0.000685050125047549
0.000685050125047549
0.000685050125047549
0.000685050125047549
0.000685050125047549
0.000685050125047549
0.000685050125047549
0.000685050125047549
0.000685050125047549
0.000685050125047549
0.000685050125047549
0.000685050125047549
0.000685050125047549
0.000685050125047549
0.000685050125047549
0.000685050125047549
0.000685050125047549
0.000685050125047549
0.000685050125047549
0.000685050125047549
0.00068505076272698
0.000685050125047549
0.000685050125047549
0.000685052038413557
0.000685052038413557
0.000685050125047549
0.000685048849579458
0.000685048849579458
0.000685048849579458
0.000685048849579458
0.000685050125047549
0.000685048849579458
0.000685048849579458
0.000685048849579458
0.000685064580194805
0.00068515318532074
0.00068515318532074
0.00068515318532074
0.000687435357349358
0.00068515318532074
0.000685052675983731
0.000685048849579458
0.000685050125047549
0.000685050125047549
0.000685048849579458
0.000685048849579458
0.000685048849579458
0.000685048849579458
0.000685048849579458
0.000685048849579458
0.000685048849579458
0.000685048849579458
0.000685048849579458
0.000685048849579458
0.000685048849579458
0.000685048849579458
0.000685048849579458
0.000685048849579458
0.000685048849579458
0.000685048849579458
0.000685048849579458
0.000685048849579458
0.000685048849579458
0.000685048849579458
0.000685048849579458
0.000685048849579458
0.000685048849579458
0.000685048849579458
0.000685048849579458
0.000685048849579458
0.000685048849579458
0.000685048849579458
0.000685048849579458
0.000685048849579458
0.000685048849579458
0.000685048849579458
0.000685048849579458
0.000685048849579458
0.000685048849579458
0.000685048849579458
0.000685048849579458
0.000685048849579458
0.000685048849579458
0.000685053313881648
0.000685050125047549
0.000685048849579458
0.000685048849579458
0.000685048849579458
0.000685048849579458
0.000685048849579458
0.000685048849579458
0.000685048849579458
0.000685048849579458
0.000685048849579458
