1.48923654288629e-05
1.48923654288629e-05
1.48923654288629e-05
1.48923654288629e-05
1.48923654288629e-05
1.48923654288629e-05
1.48923654288629e-05
1.48923654288629e-05
1.48923654288629e-05
1.48923654288629e-05
1.48923654288629e-05
1.48923654288629e-05
1.48923654288629e-05
1.48923654288629e-05
1.48923654288629e-05
1.48923654288629e-05
1.48923654288629e-05
1.48923654288629e-05
1.48923654288629e-05
1.48923654288629e-05
1.48923654288629e-05
1.48923654288629e-05
1.48923654288629e-05
1.48923654288629e-05
1.48923654288629e-05
1.48923654288629e-05
1.48923654288629e-05
1.48923654288629e-05
1.48923654288629e-05
1.48923654288629e-05
1.48923654288629e-05
1.48923654288629e-05
1.48923654288629e-05
1.48923654288629e-05
1.48923654288629e-05
1.48923654288629e-05
1.48923654288629e-05
1.48942785763846e-05
1.48942785763846e-05
1.48942785763846e-05
1.48949163650446e-05
1.48942785763846e-05
1.48923654288629e-05
1.48923654288629e-05
1.48923654288629e-05
1.76846839467747e-05
1.76846839467747e-05
1.76846839467747e-05
1.76846839467747e-05
1.76846839467747e-05
1.76846839467747e-05
1.76846839467747e-05
1.76846839467747e-05
1.76846839467747e-05
1.76846839467747e-05
1.76846839467747e-05
1.76846839467747e-05
1.76846839467747e-05
1.76846839467747e-05
1.76846839467747e-05
1.76846839467747e-05
1.76846839467747e-05
1.76846839467747e-05
1.76846839467747e-05
1.76846839467747e-05
1.76846839467747e-05
1.76846839467747e-05
1.76846839467747e-05
1.76846839467747e-05
1.76846839467747e-05
1.76846839467747e-05
1.76846839467747e-05
1.76846839467747e-05
1.76846839467747e-05
1.76846839467747e-05
1.76846839467747e-05
1.76846839467747e-05
1.76846839467747e-05
1.76846839467747e-05
1.76846839467747e-05
1.76846839467747e-05
1.76846839467747e-05
1.76846839467747e-05
1.76846839467747e-05
1.76846839467747e-05
1.76846839467747e-05
1.76846839467747e-05
1.76846839467747e-05
1.76846839467747e-05
1.76846839467747e-05
1.76846839467747e-05
1.76846839467747e-05
1.76846839467747e-05
1.76846839467747e-05
1.76846839467747e-05
1.67590156029048e-05
