0.0120194567054887
0.0120194567054887
0.0120194567054887
0.0120194567054887
0.0120194567054887
0.0120211788684494
0.0120286250511638
0.0120286250511638
0.0120286538873211
0.0120286538873211
0.0120286538873211
0.0120369347709308
0.0120369347709308
0.0116322023428649
0.0116321643505617
0.0120195951759139
0.0120289029043069
0.0127538505139331
0.0125472189436076
0.0128160440860825
0.0123190746122984
0.0122959045050353
0.0120211228303155
0.0120241357838379
0.0120234189019336
0.0120614247617019
0.0124048811352588
0.0123298477276793
0.0123837012785894
0.0122158541029177
0.0120500505094758
0.0125178712403669
0.0127274372429376
0.0125243930876411
0.0125243930876411
0.0124499312604968
0.0120743489118879
0.0120609005479725
0.0124034860168956
0.0124397911792718
0.012427555366078
0.0123885113640122
0.012064772300997
0.0116651540415079
0.0116809941810243
0.0120683183295948
0.0120579571100029
0.0119650677979605
0.0119535821170078
0.0119535821170078
0.0119517205713292
0.0119498268985536
0.0120357694532364
0.0119952462787567
0.012014093224158
0.0120489642543281
0.0120040955639701
0.0119992246002281
0.0121669900636795
0.0120425892554533
0.0119981505135331
0.0119972195015231
0.0119934954534829
0.0119152736054043
0.0119124812868863
0.012045125006474
0.0119891849971909
0.0119845299371406
0.0119891505094439
0.0119891849971909
0.0119891849971909
0.012068299492678
0.0120635365803831
0.0120523673063114
0.0120560942273529
0.0120952202706311
0.012084017412532
0.0120728481384604
0.012007556152046
0.0120186861765047
0.0120001760678225
0.0119182543374168
0.0119673328270903
0.0113615217669813
0.0113131215295228
0.0119451138714554
0.0119506490667278
0.0119505789159828
0.0119505789159828
0.0120548254739849
0.0120548254739849
0.0119896713752336
0.0119896713752336
0.0119896713752336
0.0119896713752336
0.0119840484307815
