0.0272348955212029
0.0272348955212029
0.0272348955212029
0.0272348955212029
0.0272088338817024
0.0272082165009347
0.0272082165009347
0.0272082165009347
0.0272083453024373
0.0272083453024373
0.0272083453024373
0.0272190456120021
0.0272190456120021
0.0272696049280777
0.0272694407187934
0.0271893309938724
0.0274146942685911
0.0286487292471444
0.0283249930267556
0.0295071444814685
0.0283855720093289
0.0283781785294532
0.0273262083291808
0.0275131586842066
0.0273470993763926
0.0278329933558582
0.0295261286566685
0.0293788226479364
0.0293714251272853
0.0276308110055214
0.0273302259283186
0.0285156993089443
0.0287505503203587
0.0283164448460882
0.0283164448460882
0.028048325396052
0.027189814845705
0.0272076152199871
0.0292728483800596
0.0290313459988081
0.0287600565041026
0.028843432752984
0.027069449127368
0.0269923066244631
0.0272430679763238
0.0263759956753322
0.0261763680633266
0.0261780224861667
0.0261703819535995
0.0261703819535995
0.0261713129656096
0.0261695938291453
0.0261928643459816
0.0267622332123456
0.0267580190030644
0.0267375182845271
0.0267498025873303
0.0267372568241385
0.026923578552372
0.02675114703719
0.0270041196274713
0.0270436473048439
0.0267376166581574
0.0268056341492258
0.0267964054861543
0.0265616689650711
0.0268480524429017
0.026563325347311
0.0269084766232163
0.0269398938407269
0.0268480524429017
0.026563325347311
0.0265616945815063
0.0265616945815063
0.0265691834227795
0.0265505679659934
0.0265505679659934
0.0265505679659934
0.0265499048015554
0.0265494960431469
0.0265502903419415
0.0265577441840244
0.0265850632368204
0.0265971512083599
0.026558081672196
0.0265395504202311
0.0265413181868779
0.0265506259152709
0.0265506259152709
0.0262974557029803
0.0263923945325893
0.0263923945325893
0.0263923945325893
0.0263923945325893
0.0263923945325893
0.0264062012687472
