0.000662708986553112
0.000662708986553112
0.000662708986553112
0.000662708986553112
0.000662708986553112
0.000662708986553112
0.000662708986553112
0.000662708986553112
0.000662708986553112
0.000662708986553112
0.000662708986553112
0.000662708986553112
0.000662708986553112
0.000662708986553112
0.000662708986553112
0.000662708986553112
0.000662708986553112
0.000662708986553112
0.000662708986553112
0.000662708986553112
0.000662708986553112
0.000662708986553112
0.000662709026404877
0.000662708986553112
0.000662708986553112
0.000662709026404877
0.000662709026404877
0.000662708986553112
0.000662684835397159
0.000662684835397159
0.000662686102604186
0.000662684835397159
0.000662684835397159
0.000662684835397159
0.000662684835397159
0.000662684835397159
0.000662698054928089
0.000662773259432621
0.000662773259432621
0.000662773259432621
0.000664729662920684
0.000662773259432621
0.000662684883942555
0.000662639435133196
0.000662639435133196
0.000662639435133196
0.000662559016982844
0.000655112834268413
0.000654954587665662
0.000654954587665662
0.000654954587665662
0.000654876731562607
0.000654876731562607
0.000659660492748766
0.000658763041419386
0.000658763041419386
0.000658685999507951
0.000658609771547611
0.000658609771547611
0.000658609771547611
0.000658459706422282
0.000658459706422282
0.000658459706422282
0.000658458555578449
0.000658458555578449
0.000658458555578449
0.000658458555578449
0.000658458555578449
0.000658458555578449
0.000658458555578449
0.000658458555578449
0.000658458555578449
0.000658384705438428
0.000658384705438428
0.000658384705438428
0.000658384705438428
0.000658384705438428
0.000658384705438428
0.000658384705438428
0.000658374517399824
0.000658374517399824
0.000658374517399824
0.000658374517399824
0.000658374517399824
0.000658374517399824
0.000658374557251589
0.000658374517399824
0.000658374517399824
0.000658374517399824
0.000658374517399824
0.000658374517399824
0.000658374517399824
0.000658374517399824
0.000658374517399824
0.000658374517399824
0.000658374517399824
