0.000685048849579458
0.000685048849579458
0.000685048849579458
0.000685048849579458
0.000685048849579458
0.000685048849579458
0.000685048849579458
0.000685048849579458
0.000685048849579458
0.000685048849579458
0.000685048849579458
0.000685048849579458
0.000685048849579458
0.000685048849579458
0.000685048849579458
0.000685048849579458
0.000685048849579458
0.000685048849579458
0.000685048849579458
0.000685048849579458
0.000685048849579458
0.000685048849579458
0.000685049487258889
0.000685048849579458
0.000685048849579458
0.000685050125047549
0.000685050125047549
0.000685048849579458
0.000685048809727693
0.000685048809727693
0.000685048809727693
0.000685048809727693
0.000685048849579458
0.000685048809727693
0.000685048809727693
0.000685048809727693
0.000685063304726714
0.000685146170300855
0.000685146170300855
0.000685146170300855
0.000687264300485669
0.000685146170300855
0.00068505140051564
0.000685048809727693
0.000685048849579458
0.000685048849579458
0.000685048809727693
0.000685048809727693
0.000685048809727693
0.000685048809727693
0.000685048809727693
0.000685048809727693
0.000685048809727693
0.000685048809727693
0.000685048809727693
0.000685048809727693
0.000685048809727693
0.000685048809727693
0.000685048809727693
0.000685048809727693
0.000685048809727693
0.000685048809727693
0.000685048809727693
0.000685048809727693
0.000685048809727693
0.000685048809727693
0.000685048809727693
0.000685048809727693
0.000685048809727693
0.000685048809727693
0.000685048809727693
0.000685048809727693
0.000685048809727693
0.000685048809727693
0.000685048809727693
0.000685048809727693
0.000685048809727693
0.000685048809727693
0.000685048809727693
0.000685048809727693
0.000685048809727693
0.000685048809727693
0.000685048809727693
0.000685048809727693
0.000685048809727693
0.00068505140051564
0.000685048849579458
0.000685048809727693
0.000685048809727693
0.000685048809727693
0.000685048809727693
0.000685048809727693
0.000685048809727693
0.000685048809727693
0.000685048809727693
0.000685048809727693
