0.000171262531261887
0.000171262531261887
0.000171262531261887
0.000171262531261887
0.000171262531261887
0.000171262531261887
0.000171262531261887
0.000171262531261887
0.000171262531261887
0.000171262531261887
0.000171262531261887
0.000171262531261887
0.000171262531261887
0.000171262531261887
0.000171262531261887
0.000171262531261887
0.000171262531261887
0.000171262531261887
0.000171262531261887
0.000171262531261887
0.000171262531261887
0.000171262531261887
0.000171262690681745
0.000171262531261887
0.000171262531261887
0.000171263009603389
0.000171263009603389
0.000171262531261887
0.000171262212394865
0.000171262212394865
0.000171262212394865
0.000171262212394865
0.000171262531261887
0.000171262212394865
0.000171262212394865
0.000171262212394865
0.000171266145048701
0.000171288296330185
0.000171288296330185
0.000171288296330185
0.00017185883933734
0.000171288296330185
0.000171263168995933
0.000171262212394865
0.000171262531261887
0.000171262531261887
0.000171262212394865
0.000171262212394865
0.000171262212394865
0.000171262212394865
0.000171262212394865
0.000171262212394865
0.000171262212394865
0.000171262212394865
0.000171262212394865
0.000171262212394865
0.000171262212394865
0.000171262212394865
0.000171262212394865
0.000171262212394865
0.000171262212394865
0.000171262212394865
0.000171262212394865
0.000171262212394865
0.000171262212394865
0.000171262212394865
0.000171262212394865
0.000171262212394865
0.000171262212394865
0.000171262212394865
0.000171262212394865
0.000171262212394865
0.000171262212394865
0.000171262212394865
0.000171262212394865
0.000171262212394865
0.000171262212394865
0.000171262212394865
0.000171262212394865
0.000171262212394865
0.000171262212394865
0.000171262212394865
0.000171262212394865
0.000171262212394865
0.000171262212394865
0.000171263328470412
0.000171262531261887
0.000171262212394865
0.000171262212394865
0.000171262212394865
0.000171262212394865
0.000171262212394865
0.000171262212394865
0.000171262212394865
0.000171262212394865
0.000171262212394865
