5.58473270412398e-05
5.58473270412398e-05
5.58473270412398e-05
5.58473270412398e-05
5.58473270412398e-05
5.58473270412398e-05
5.58473270412398e-05
5.58473270412398e-05
5.58473270412398e-05
5.58473270412398e-05
5.58473270412398e-05
5.58473270412398e-05
5.58473270412398e-05
5.58473270412398e-05
5.58473270412398e-05
5.58473270412398e-05
5.58473270412398e-05
5.58473270412398e-05
4.84011443268084e-05
4.84011443268084e-05
4.84011443268084e-05
4.84011443268084e-05
5.58473270412398e-05
5.58473270412398e-05
5.58473270412398e-05
5.58473270412398e-05
5.58473270412398e-05
5.58473270412398e-05
5.58473270412398e-05
5.58473270412398e-05
5.58473270412398e-05
5.58473270412398e-05
5.58473270412398e-05
5.58473270412398e-05
5.58473270412398e-05
5.58473270412398e-05
5.58473270412398e-05
5.5855617911644e-05
5.5855617911644e-05
5.5855617911644e-05
5.5855617911644e-05
5.5855617911644e-05
5.58473270412398e-05
5.58435032568949e-05
5.58435032568949e-05
5.58435032568949e-05
5.5802959251828e-05
5.5802959251828e-05
5.57231821963883e-05
5.57231821963883e-05
5.57231821963883e-05
5.56839350922297e-05
5.56839350922297e-05
5.56839350922297e-05
5.56839350922297e-05
5.56839350922297e-05
5.56451064843501e-05
4.81605070001073e-05
5.56066897145388e-05
5.56066897145388e-05
5.55310657550743e-05
5.55310657550743e-05
5.55310657550743e-05
5.55310657550743e-05
5.55310657550743e-05
5.55310657550743e-05
5.55310657550743e-05
5.55310657550743e-05
5.55310657550743e-05
5.55310657550743e-05
5.55310657550743e-05
5.55310657550743e-05
5.54938459368517e-05
5.54938459368517e-05
5.54938459368517e-05
5.54938459368517e-05
5.54938459368517e-05
5.54938459368517e-05
5.54938459368517e-05
5.54938459368517e-05
5.54938459368517e-05
5.54938459368517e-05
3.68774324677691e-05
3.68774324677691e-05
3.68774324677691e-05
3.68774324677691e-05
8.15583584385928e-05
8.15583584385928e-05
8.15583584385928e-05
8.15583584385928e-05
8.15583584385928e-05
8.15583584385928e-05
0.000107620954622107
0.000107620954622107
0.000107620954622107
0.000107620635180859
