0.0354757661305697
0.0354757661305697
0.0354757661305697
0.0341807059901319
0.0347986200945767
0.0359566804854963
0.0360866921508485
0.0360250731177284
0.0360101375042248
0.0361992463407355
0.0367553706622164
0.0367822531762803
0.0366892801423789
0.0367013072542533
0.0366874915812358
0.0366873597509872
0.0366978418211138
0.0366986513130217
0.0366986513130217
0.0366986513130217
0.0368073634317585
0.0368054739472767
0.0368054739472767
0.0368162318519919
0.0368162318519919
0.0368162318519919
0.0368143404710461
0.0370846590793653
0.0373653428610254
0.0373653428610254
0.0373653428610254
0.0383903052475442
0.0383997825636819
0.0377947305060296
0.0376105701504928
0.0375792871612839
0.0375792871612839
0.0376522772043343
0.0376542262329507
0.0375562443215899
0.0376022901015461
0.0381712042432907
0.0377411312877912
0.0377411312877912
0.0377374234850375
0.0377374234850375
0.037735942142411
0.037735942142411
0.0377358621003648
0.0377341313754375
0.0376137739816826
0.0376137739816826
0.037859896860428
0.0377855535110007
0.0377855535110007
0.0378302188269117
0.0378311709587486
0.0378311709587486
0.0379469711563555
0.0383343512760654
0.0383343512760654
0.0383343512760654
0.038341088197544
0.038341088197544
0.038341088197544
0.038341088197544
0.038341088197544
0.038341088197544
0.0383397782232381
0.0383397782232381
0.0383388257355679
0.0383388257355679
0.0383388257355679
0.0383375165324021
0.0371736188323631
0.0371736188323631
0.0371736188323631
0.0371736188323631
0.0371736188323631
0.0371810475690393
0.0371810475690393
0.0371810475690393
0.0371805713073543
0.0372267785467183
0.0372267785467183
0.0372267785467183
0.0372267785467183
0.037199119109217
0.037199119109217
0.0373267630557335
0.0373267630557335
0.0370563789462013
0.0370563789462013
0.0370563789462013
0.0367504841804782
0.0366853934026537