0
0
0
0
0
0
0
0
0
0
0
0
0
0
0
0
0
0
0
0
0
0
0
0
0
0
0
0
0
0
0
0
0
0
0
0
0
0
0
0
0
0
0
0
0
0
0
0
1.16780858453852e-05
1.16757826492905e-05
1.16483093050536e-05
1.16434026945342e-05
9.56271028101834e-06
9.54800974116321e-06
9.54800974116321e-06
9.54463383130487e-06
9.54273801206276e-06
9.54273801206276e-06
9.54273801206276e-06
8.53066639509102e-06
8.53066639509102e-06
8.52682848949444e-06
8.52682848949444e-06
8.52682848949444e-06
8.52535756549046e-06
8.52535756549046e-06
8.52535756549046e-06
8.52535756549046e-06
8.52535756549046e-06
8.52535756549046e-06
8.52359624743087e-06
8.52066986941292e-06
8.52066986941292e-06
8.52066986941292e-06
8.51804586291863e-06
8.51804586291863e-06
8.51804586291863e-06
8.51804586291863e-06
8.51804586291863e-06
8.5197299687882e-06
8.5197299687882e-06
8.5197299687882e-06
8.5197299687882e-06
8.5171666506174e-06
8.5171666506174e-06
8.5171666506174e-06
8.5171666506174e-06
8.50752498833741e-06
8.50752498833741e-06
8.50668952529438e-06
8.50610878986358e-06
8.3303537469632e-06
8.3303537469632e-06
8.3303537469632e-06
7.76247117137948e-06
7.76199643279413e-06
