0.158169972831962
0.158169972831962
0.15817339248832
0.166393246939112
0.171329297712648
0.181853210906323
0.186929432719955
0.187196781751456
0.187202124749244
0.190966390945163
0.196725284649975
0.196856794657797
0.196927012155998
0.196916187917554
0.196915051952691
0.196911811290518
0.196860260159413
0.196849463860813
0.196848203686577
0.196837790974811
0.196898377630409
0.196857326920799
0.196849425187683
0.196841848561968
0.196346345633852
0.196351321287713
0.196361556085864
0.196163094558158
0.190445763175751
0.190395627766982
0.191589528405362
0.187227327610529
0.187030552164636
0.185167004922493
0.183855025298307
0.183711212221087
0.183765871824971
0.183542359815124
0.183543204257832
0.183557711628889
0.183543879850419
0.181501533093753
0.178972050343518
0.178972050343518
0.178987234290692
0.178994206960943
0.179000377288766
0.17899812292691
0.178972159580879
0.178987416211666
0.179189193543999
0.179203792155767
0.181071318965051
0.179678101840593
0.179288719883747
0.179225929479856
0.179201977289294
0.17920126784831
0.179199509295707
0.177035667149756
0.177035667149756
0.177052569581227
0.177049862393343
0.177049862393343
0.17705078878128
0.17705078878128
0.17705078878128
0.17705078878128
0.177055475638205
0.177122888915023
0.177116554295083
0.177136386358911
0.177136386358911
0.177149282290098
0.18587092789298
0.18587092789298
0.18587092789298
0.18587092789298
0.18587092789298
0.186017682775674
0.186017682775674
0.186017934027306
0.186020428228467
0.185890070642299
0.185890070642299
0.18585889579059
0.18585889579059
0.18588473439886
0.185886239137993
0.185907498013997
0.185477762002089
0.167313144520533
0.167313144520533
0.167313144520533
0.162944792553127
0.162559120237132