0
0
0
0
0
0
0
0
0
0
0
0
0
0
0
0
0
0
0
0
0
0
0
0
0
0
0
0
0
0
0
0
0
0
0
0
0
0
0
0
0
0
0
0
0
0
0
0
0.000151033925174727
0.000151029943772723
0.000150888801491358
0.000150888851676881
0.000150831469206579
0.000150429092861499
0.000150429092861499
0.000150429092861499
0.000150435617588032
0.000150435617588032
0.000150297962370646
0.000148074544154453
0.000148074544154453
0.000148074544154453
0.000149084544391939
0.000149084544391939
0.000149084544391939
0.000149084544391939
0.000149084544391939
0.000149084544391939
0.000149084544391939
0.000149180574700797
0.000149173128164231
0.000149173128164231
0.000149173128164231
0.00014917113398985
0.00014917113398985
0.00014917113398985
0.00014917113398985
0.00014917113398985
0.00014917113398985
0.000149253089877446
0.000149253089877446
0.000149253527598058
0.000149252616007985
0.000149177025890637
0.000149177025890637
0.000149132617269969
0.000149132617269969
0.000149070629938032
0.000149070629938032
0.000148496460043032
0.000148496460043032
0.000146994706665367
0.000146994706665367
0.000146994706665367
0.000141454292809008
0.000141213803169141
