0.0247328687157922
0.0247328687157922
0.0242180050933589
0.0285304275907151
0.02685715616013
0.0251971717218952
0.0237231266313201
0.023644599504675
0.0236455728416433
0.0234317500866392
0.0230710170171331
0.0233653363483392
0.0229894830326351
0.0229604550325333
0.0229621005558122
0.0229630260482726
0.0229595980867306
0.0229595665203902
0.0229595622486131
0.0229595269512851
0.0229579614698648
0.0229574646182154
0.0229574378326794
0.022957065421682
0.0229570515355685
0.0229570452525407
0.022956958820288
0.0229201712960255
0.0235800178845507
0.0235749422958794
0.0224662287118005
0.0220089138041111
0.0220174065945462
0.0217759239464947
0.0215470485545475
0.021558854882696
0.0215643098209191
0.0215130581166761
0.0215142146417319
0.0215148057953274
0.0214843557075587
0.0211178787429882
0.0208404000148679
0.0208404000148679
0.0208403192927993
0.0208402958612902
0.0208402850772355
0.0208402776493546
0.0208369518271063
0.0208380452246567
0.0208369703955182
0.0203548934213145
0.0213471104914947
0.0206068427319988
0.0206068427319988
0.0206067991593889
0.0206091555343674
0.0206091531968353
0.0205804877053023
0.0203654488926097
0.0203654488926097
0.0203654216386819
0.0203654216386819
0.0203654216386819
0.0203654111935547
0.0203654111935547
0.0203654031871374
0.0203654031871374
0.020365384736478
0.0204602626816299
0.020459549443866
0.0204595311424532
0.0204595293109803
0.020459378936558
0.0110113625604223
0.0110113625604223
0.0110113570986883
0.0110113516564276
0.0110113516564276
0.0109883843465623
0.0109883843465623
0.0109858009195087
0.0109855456155146
0.010979032575755
0.010979032575755
0.0109790283260531
0.0109790204650031
0.0109853814172899
0.0109746926201483
0.0105345424720584
0.0105345395683812
0.00982834527161254
0.00982834527161254
0.00982834355153345
0.00940186349511488
0.0101899619583574