0.025858024133295
0.0253366169546354
0.0253366169546354
0.0209516385045029
0.0258175399476468
0.0257079883721077
0.0259492118850974
0.0259450888036552
0.0259450888036552
0.02601537231232
0.0263518126476653
0.0263668165726708
0.0263685590087376
0.0280522472595879
0.0280522472595879
0.0280522472595879
0.0280460419794452
0.0280460419794452
0.0265451693790962
0.0265451693790962
0.0265704737308253
0.0265704737308253
0.0265704737308253
0.0265704737308253
0.0265704737308253
0.0265704737308253
0.0265704737308253
0.0265292900514227
0.0274401099599975
0.0274353946402973
0.0270358671388707
0.0267963987648069
0.0268045262120756
0.026977994631633
0.0267796655743303
0.0268102432330295
0.0268102432330295
0.0268213117913382
0.0268045899001428
0.0268166934108254
0.0268057804011537
0.0265455384589897
0.026479954940394
0.026479954940394
0.026479954940394
0.026479954940394
0.0264797140750056
0.0264797140750056
0.0264901352019981
0.0271175000780485
0.0271201105554736
0.0305635328938068
0.0315571210049674
0.0310373343673042
0.0303874693082927
0.0303874688991723
0.0303846472860418
0.0303846472860418
0.0302950448071688
0.0301524245807162
0.0301524245807162
0.0301524245807162
0.0301524245807162
0.0301524245807162
0.0301524245807162
0.029524080365901
0.029524080365901
0.029524080365901
0.0295240802938281
0.0295338753853316
0.0295401839562735
0.0295401839562735
0.0295401839562735
0.0295399511470363
0.0295399511470363
0.0295399511470363
0.0295399511470363
0.0295399511470363
0.0295399511470363
0.0295162022601725
0.0295162022601725
0.0295162022601725
0.0295150418652288
0.0295180297638365
0.0295180297638365
0.0295135000845283
0.0295135000845283
0.0295102509488609
0.0295134990112403
0.0358587210533777
0.0358587210533777
0.0395790993564883
0.040230838813457
0.0394844860882223
0.0396087149778652
0.0329260725765533