0.00676049620509877
0.00707898162996717
0.00839018813498286
0.00855387083128754
0.00808192564227927
0.0076949398300065
0.00751682400151545
0.00746048146175363
0.00745983561808785
0.00733430514937031
0.00714370361296406
0.00712037188608395
0.00709280269969007
0.00708156285483979
0.00708101417650429
0.00707912080578189
0.00707634453669547
0.00707636024161175
0.00707636024161175
0.00707636024161175
0.00707360016987692
0.00707349353255805
0.00707349353255805
0.00707329923614578
0.00707329923614578
0.00707329923614578
0.00707246313248358
0.00705441977537436
0.00703592265684134
0.00703351344490114
0.00703244927263101
0.00690487642605044
0.00689582856701465
0.00680025567274653
0.00673122940371286
0.00672880321933738
0.00672307196388542
0.00671794360703164
0.00671826560585904
0.00671853572562689
0.0067183035201277
0.00672665171552016
0.00662088014186681
0.00662088014186681
0.00662075481714806
0.006620338662626
0.006620338662626
0.006620338662626
0.00661932668753721
0.0066188670017
0.00661180206164036
0.00661122930586402
0.00660993730822459
0.00660156742286327
0.00660156742286327
0.0066011932264453
0.00660111864751598
0.00660111864751598
0.00658792240557764
0.00643404828382884
0.00643404828382884
0.00643363379002441
0.00643363379002441
0.00643363379002441
0.00643347493023198
0.00643347493023198
0.00643347493023198
0.00643347493023198
0.00643346714636006
0.00643346714636006
0.00643276062497865
0.00643244457615271
0.00643244457615271
0.00643234155662109
0.00643205816391971
0.00643205816391971
0.00643205816391971
0.00643205816391971
0.00643205816391971
0.00643551706222279
0.00643551706222279
0.00643556433604891
0.00643548688913977
0.00643387458430295
0.00643387458430295
0.00643387458430295
0.00643387458430295
0.00643248582904865
0.00643248582904865
0.0
0.0
0.0
0.0
0.0
0.0
0.0051750741054347