0.275362892645712
0.275362892645712
0.275362892645712
0.275362892645712
0.275384583266959
0.275374645178492
0.275370928133912
0.275375885371823
0.27539456064738
0.275399281874194
0.275399281874194
0.27524029035796
0.27524029035796
0.275734903377035
0.275242584422771
0.275242584422771
0.27524029035796
0.275243766798426
0.275357953515717
0.274890873831498
0.274890976538011
0.274880029990444
0.274711796684113
0.274711796684113
0.274711796684113
0.277672565283212
0.27485118867238
0.274856452914293
0.274858659750426
0.274858659750426
0.274866613678119
0.274663740702245
0.274097868667453
0.27409702944987
0.274097868667453
0.274115399633688
0.274115399633688
0.274525299875944
0.274570414250572
0.274580208529158
0.274577974225226
0.274590444442741
0.274583942858296
0.274578230080587
0.274604868436518
0.274650943217935
0.274642252946021
0.274099426383484
0.274099426383484
0.274099426383484
0.273966379087596
0.273966379087596
0.273966379087596
0.274042645707634
0.274042645707634
0.274046542138879
0.274077668757066
0.274092469863439
0.274081316403572
0.274075313255463
0.274073009006521
0.274073009006521
0.274073009006521
0.274073009006521
0.274073009006521
0.274073009006521
0.274068979270318
0.274072419167507
0.274101774476722
0.274097115148736
0.274097115148736
0.274099613369827
0.274099613369827
0.274104801759126
0.274104801759126
0.274104801759126
0.274098283270019
0.274096300114776
0.273800588369567
0.273800588369567
0.273793619674786
0.273793619674786
0.273769383611922
0.273771141123554
0.273773661755912
0.273772815785007
0.273772088645095
0.273772088645095
0.273772088645095
0.287193050750196
0.287179215941409
0.295001408574618
0.273765324709975
0.273765324709975
0.174244837842305
0.272480510007213
