2.71668998492237e-06
2.71668998492237e-06
2.71668998492237e-06
2.71668998492237e-06
2.71668998492237e-06
2.71668998492237e-06
2.71668998492237e-06
2.71668998492237e-06
2.70865442174291e-06
2.70865442174291e-06
2.70865442174291e-06
2.69536693377753e-06
2.69536693377753e-06
2.69536693377753e-06
2.69536693377753e-06
2.69536693377753e-06
2.69536693377753e-06
2.69536693377753e-06
2.64987002387533e-06
2.62769272812314e-06
2.62769272812314e-06
2.62769272812314e-06
2.62769272812314e-06
2.62769272812314e-06
2.62769272812314e-06
2.62769272812314e-06
2.62769272812314e-06
2.62769272812314e-06
2.62769272812314e-06
2.62769272812314e-06
2.62769272812314e-06
2.62769272812314e-06
2.62769272812314e-06
2.62769272812314e-06
2.62769272812314e-06
2.62769272812314e-06
2.62769272812314e-06
2.62769272812314e-06
2.60341411727339e-06
2.60094934651148e-06
2.59848923835682e-06
2.59297097428291e-06
2.59848923835682e-06
2.59848923835682e-06
2.57716017565924e-06
2.54965452181229e-06
2.54965452181229e-06
2.55617841102838e-06
2.55617841102838e-06
2.55617841102838e-06
2.55617841102838e-06
2.55617841102838e-06
2.55617841102838e-06
2.53553553045939e-06
2.53553553045939e-06
2.53553553045939e-06
2.51522338956534e-06
2.51522338956534e-06
2.50890661849566e-06
2.51522338956534e-06
2.51522338956534e-06
2.51522338956534e-06
2.51522338956534e-06
2.51522338956534e-06
2.51522338956534e-06
2.51522338956534e-06
2.51522338956534e-06
2.51407252093594e-06
2.4805893880386e-06
2.4805893880386e-06
2.4805893880386e-06
2.4805893880386e-06
2.4805893880386e-06
2.4805893880386e-06
2.4805893880386e-06
2.4805893880386e-06
2.4805893880386e-06
2.4805893880386e-06
2.4805893880386e-06
2.4805893880386e-06
2.4805893880386e-06
2.4805893880386e-06
2.4805893880386e-06
2.47444516753231e-06
2.47110658624038e-06
2.47110658624038e-06
2.47110658624038e-06
2.47110658624038e-06
2.47110658624038e-06
2.47110658624038e-06
2.47110658624038e-06
2.47110658624038e-06
2.47110658624038e-06
2.47110658624038e-06
2.47110658624038e-06
2.47110658624038e-06
