0.00541375377286615
0.0054139283069398
0.00541389497900232
0.0054137576387482
0.00576079685403407
0.00576078443090523
0.00576077979408746
0.005760785979152
0.00574393289457909
0.0057280952408031
0.0057280952408031
0.00570274556950545
0.00535943559982655
0.00535538415814283
0.00535538685993049
0.00535538685993049
0.00535538415814283
0.00535384611412455
0.00523888216373655
0.00523172248510658
0.00523166199953504
0.00523165093739514
0.00522957594345082
0.00522957594345082
0.00522941814911898
0.00522819899111315
0.00522938276814974
0.00522929068020753
0.00522883169390803
0.00522867216488769
0.00522866476399514
0.00523523792143157
0.00523542557455014
0.00527957125687404
0.00523456538509675
0.00523450812053373
0.00523066539994443
0.0052306585144667
0.00517664446622589
0.00517244213180792
0.00516833492726546
0.00515934399042237
0.00516893939605701
0.00516659024496991
0.00512820445764058
0.00507991690388635
0.00508798130709193
0.00509108721398286
0.00509108945706898
0.00509107603737632
0.00509094174945398
0.00509087160491662
0.00509065265494164
0.00503319493588592
0.00503317327141202
0.00503314120493281
0.0050005815607714
0.0049961126693237
0.0049846800724435
0.00499555680723466
0.00499550588674207
0.00499424383001417
0.004992085364774
0.004992085364774
0.00498994727624759
0.00498993920727628
0.00498992191337713
0.0049865157553019
0.00492529742511389
0.00492508716455352
0.00492508716455352
0.00492370958245333
0.00492370329458306
0.00492351493252397
0.00492351493252397
0.00492351493252397
0.00492351799220471
0.00492351801448697
0.00492319575632155
0.00492317504364032
0.00492316868088773
0.00492304723378961
0.00492180206108623
0.00524324413903542
0.00524302300300011
0.00524253261789781
0.00524266307576695
0.00524309492385655
0.00524309889175466
0.000916896143021707
0.00126741784677934
0.0012656350740686
0.00492894937922151
0.00492894937922151
0.00893731690861391
0.00492750550216257
