0.0946343010635999
0.0946343010635999
0.0946343024068336
0.0946342837216348
0.100306732410153
0.100276767823401
0.100961228431494
0.101591560008744
0.101672743879768
0.101123946396561
0.101096933095211
0.10036123223467
0.0947218341074761
0.0942271888491618
0.0947136488748753
0.0947136488748753
0.0947218018682367
0.0947292521760161
0.0939770217536279
0.093680579771609
0.093680579771609
0.0936805841354472
0.0925468264632801
0.0925468264632801
0.0925478170169766
0.096180089788759
0.0920474407964875
0.0920474188516661
0.0917930570422889
0.091802583258
0.0918011510934125
0.0918235926330957
0.0918685710134181
0.0923320606900768
0.0923169798174365
0.0923571950892719
0.0923109145743096
0.0923109145743096
0.0919768196717591
0.0919901322587922
0.0920437681347548
0.0928138595479086
0.0928659638078778
0.0928863543513976
0.092519620075573
0.0921194207467128
0.0921292199906138
0.0921876264763174
0.092219327706696
0.0921864092005957
0.0926778200920343
0.0926869029632287
0.092658944886978
0.0924736550091849
0.0924736550091849
0.0924625787531214
0.0921849225756024
0.0921442460339495
0.0920528714847899
0.0921434537932895
0.0921441962098964
0.0921441873618135
0.0927926633251138
0.0927926633251138
0.092792631836362
0.0927926237673907
0.0928073335678501
0.0927886267609789
0.0926337601986087
0.0926391955202252
0.0918346770573797
0.0918133518937279
0.0918133456058576
0.0917838183137884
0.0917838183137884
0.0917838183137884
0.0917838236996282
0.0917790068572085
0.0904456372271817
0.0904514003513779
0.0904356127554876
0.0904124914354522
0.0904144929951573
0.0915926344346335
0.091557176915941
0.0915482776251754
0.0949666244225373
0.094965406055515
0.094965406055515
0.0914463100984223
0.0909395374596367
0.0829846693281425
0.0930198706035713
0.0925584424835398
0.101931016733187
0.0925564802388353
