0.451002200382329
0.451001416321567
0.451106144964346
0.451216422706944
0.453517906208363
0.453487423956319
0.453476046344324
0.453459904026762
0.453867026362403
0.454509081394732
0.454509081394732
0.452446977122648
0.45015332010777
0.449613284036125
0.450099862120366
0.450099862120366
0.4501078970552
0.449321026958787
0.442741499252757
0.442508892065067
0.442612631387548
0.442661021131444
0.441862991371871
0.441862991371871
0.441745750412898
0.438226469509257
0.441014506082176
0.440874452617742
0.440403250502875
0.44056183125664
0.440565756322748
0.441203115802855
0.442063980648903
0.439377658509767
0.439654074843852
0.439453026510553
0.438948907602405
0.43855283279837
0.436230233894591
0.436474746042208
0.436682261638287
0.437176146336643
0.437680879498012
0.437421402821637
0.435108765706177
0.431930199583562
0.432493446760566
0.433307576894507
0.433287909517787
0.433254977591994
0.433738512430441
0.433675279024287
0.433556018876274
0.431273299167915
0.431224213311147
0.430938450449752
0.429178047696495
0.428773482609193
0.42823266678279
0.428845408801236
0.428820865796625
0.428883832245789
0.428866656891804
0.428866656891804
0.42882576287505
0.42882576287505
0.428837363018309
0.428788696694917
0.428312119794913
0.428095435515732
0.427290917052886
0.427087653526443
0.427087653526443
0.426905317281602
0.426905317281602
0.426905317281602
0.426917540241501
0.426912607691821
0.42616007858463
0.426142269223101
0.426126082405118
0.425996594724152
0.426002009055472
0.424149775199707
0.424100823277789
0.424139684836
0.424135486106181
0.4241335799929
0.424144642492834
0.385854936499431
0.385811519113373
0.378750931544829
0.421953146374521
0.422869258106421
0.459432317007151
0.423947045822838
