5.87801523822242e-05
5.87801523822242e-05
5.87801523822242e-05
5.87801523822242e-05
5.87801523822242e-05
5.8775174626919e-05
5.87733128465132e-05
5.87757958106561e-05
5.85492418362931e-05
5.83685333979422e-05
5.83685333979422e-05
5.7883941536426e-05
5.7883941536426e-05
5.7883941536426e-05
5.78850780560253e-05
5.78850780560253e-05
5.7883941536426e-05
5.78300011836272e-05
5.60651726280046e-05
5.60135870808982e-05
5.59991118803044e-05
5.59991118803044e-05
5.59178789945821e-05
5.59178789945821e-05
5.59178789945821e-05
5.59851856040785e-05
5.59851856040785e-05
5.59851856040785e-05
5.59862511937133e-05
5.59862511937133e-05
5.598758450159e-05
5.60683427819415e-05
5.68099006597799e-05
5.6806167828671e-05
5.68099006597799e-05
5.68187636356318e-05
5.68015239597166e-05
5.68015239597166e-05
5.61531965406151e-05
5.60852260589131e-05
5.60141804092881e-05
5.58886431212185e-05
5.60038726778776e-05
5.60007328553803e-05
5.54468538632396e-05
5.47588662033155e-05
5.48358346277587e-05
5.48944362887982e-05
5.48944362887982e-05
5.48944362887982e-05
5.48291049380065e-05
5.48291049380065e-05
5.48291049380065e-05
5.42045856975916e-05
5.42075700827542e-05
5.41836898214791e-05
5.36723592426739e-05
5.36478357114279e-05
5.35170343023346e-05
5.36478357114279e-05
5.36478357114279e-05
5.36478357114279e-05
5.36478357114279e-05
5.36478357114279e-05
5.36355672135358e-05
5.36355672135358e-05
5.36336218907248e-05
5.3601995788432e-05
5.28365259166974e-05
5.28343829571211e-05
5.28343829571211e-05
5.28343829571211e-05
5.28343829571211e-05
5.28355405862481e-05
5.28355405862481e-05
5.28355405862481e-05
5.28355405862481e-05
5.28345971251425e-05
5.26939159904095e-05
5.26939159904095e-05
5.26906007217222e-05
5.26906007217222e-05
5.26831218418172e-05
5.24428256425521e-05
5.24480066362194e-05
5.24401750772909e-05
5.24401750772909e-05
5.24401750772909e-05
5.24401750772909e-05
8.74813607103889e-05
8.25447870933764e-05
8.25447870933764e-05
5.19428896674759e-05
5.19428896674759e-05
5.72372011620148e-05
5.19424912767896e-05
