0.993003204812522
0.993003204812522
0.993003204812522
0.993003204812522
0.993003204812522
0.993003204812522
0.993003204812522
0.993003204812522
0.993003204812522
0.993003204812522
0.993003204812522
0.993003204812522
0.993003204812522
0.993003962451417
0.993003962451417
0.993003962451417
0.993003962451417
0.993003962451417
0.993003962451417
0.993003962451417
0.993003962451417
0.993003962451417
0.993003962451417
0.993003962451417
0.993003962451417
0.993003962451417
0.993003962451417
0.993003962451417
0.993003962451417
0.993003962451417
0.993003962451417
0.993003962451417
0.993003962451417
0.993003962451417
0.993003962451417
0.993003962451417
0.993003962451417
0.993003962451417
0.993003962451417
0.993003962451417
0.993003962451417
0.993003962451417
0.993003962451417
0.993003962451417
0.993003962451417
0.993003962451417
0.993003962451417
0.993003962451417
0.993003962451417
0.993003962451417
0.993003962451417
0.993003962451417
0.993003962451417
0.993003962451417
0.993003962451417
0.993003962451417
0.993003962451417
0.993003962451417
0.993003962451417
0.993003962451417
0.993003962451417
0.993003962451417
0.993003962451417
0.993003962451417
0.993003962451417
0.993003962451417
0.993003962451417
0.993003962451417
0.993003962451417
0.993003962451417
0.993003962451417
0.993003962451417
0.993003962451417
0.993003962451417
0.993003962451417
0.993003962451417
0.993003962451417
0.993003962451417
0.993003962451417
0.993003962451417
0.993003962451417
0.993003962451417
0.993003962451417
0.993003962451417
0.993003962451417
0.993003962451417
0.993003962451417
0.993003962451417
0.993003962451417
0.993003962451417
0.993003962451417
0.993003962451417
0.993003962451417
0.993003962451417
0.993003962451417
0.993003962451417