0.00699603754858359
0.00699603754858359
0.00699603754858359
0.00699603754858359
0.00699603754858359
0.00699603754858359
0.00699603754858359
0.00699603754858359
0.00699603754858359
0.00699603754858359
0.00699603754858359
0.00699603754858359
0.00699603754858359
0.00699527990968944
0.00699527990968944
0.00699527990968944
0.00699527990968944
0.00699527990968944
0.00699527990968944
0.00699527990968944
0.00699527990968944
0.00699527990968944
0.00699527990968944
0.00699527990968944
0.00699527990968944
0.00699527990968944
0.00699527990968944
0.00699452227079529
0.00699452227079529
0.00699452227079529
0.00699452227079529
0.00699452227079529
0.00699452227079529
0.00699452227079529
0.00699452227079529
0.00699452227079529
0.00699452227079529
0.00699452227079529
0.00699452227079529
0.00699452227079529
0.00699452227079529
0.00699452227079529
0.00699452227079529
0.00699452227079529
0.00699452227079529
0.00699452227079529
0.00699452227079529
0.00699452227079529
0.00699452227079529
0.00699452227079529
0.00699452227079529
0.00699452227079529
0.00699452227079529
0.00699452227079529
0.00699452227079529
0.00699452227079529
0.00699452227079529
0.00699452227079529
0.00699452227079529
0.00699452227079529
0.00699452227079529
0.00699452227079529
0.00699452227079529
0.00699452227079529
0.00699452227079529
0.00699452227079529
0.00699452227079529
0.00699452227079529
0.00699452227079529
0.00699452227079529
0.00699452227079529
0.00699452227079529
0.00699452227079529
0.00699452227079529
0.00699452227079529
0.00699452227079529
0.00699452227079529
0.00699452227079529
0.00699452227079529
0.00699452227079529
0.00699452227079529
0.00699452227079529
0.00699452227079529
0.00699452227079529
0.00699452227079529
0.00699452227079529
0.00699452227079529
0.00699452227079529
0.00699452227079529
0.00699452227079529
0.00699452227079529
0.00699452227079529
0.00699452227079529
0.00699452227079529
0.00699452227079529
0.00699452227079529