0.0594427244582043
0.0594427244582043
0.0594427244582043
0.0594427244582043
0.0594427244582043
0.0594427244582043
0.0594427244582043
0.0594427244582043
0.0594427244582043
0.0594427244582043
0.0594427244582043
0.0594427244582043
0.0594427244582043
0.0594427244582043
0.0594427244582043
0.0594427244582043
0.0594427244582043
0.0594427244582043
0.0594427244582043
0.0594427244582043
0.0594427244582043
0.0594427244582043
0.0587203302373581
0.0587203302373581
0.0587203302373581
0.0587203302373581
0.0587203302373581
0.0587203302373581
0.0587203302373581
0.0587203302373581
0.0587203302373581
0.0587203302373581
0.0587203302373581
0.0587203302373581
0.0587203302373581
0.0587203302373581
0.0587203302373581
0.0587203302373581
0.0587203302373581
0.0587203302373581
0.0587203302373581
0.0587203302373581
0.0587203302373581
0.0587203302373581
0.0587203302373581
0.0587203302373581
0.0587203302373581
0.0587203302373581
0.0587203302373581
0.0587203302373581
0.0587203302373581
0.0587203302373581
0.0587203302373581
0.0587203302373581
0.0587203302373581
0.0587203302373581
0.0587203302373581
0.0587203302373581
0.0587203302373581
0.0587203302373581
0.0587203302373581
0.0587203302373581
0.0587203302373581
0.0587203302373581
0.0587203302373581
0.0587203302373581
0.0587203302373581
0.0587203302373581
0.0587203302373581
0.0587203302373581
0.0587203302373581
0.0587203302373581
0.0587203302373581
0.0587203302373581
0.0587203302373581
0.0587203302373581
0.0587203302373581
0.0587203302373581
0.0587203302373581
0.0587203302373581
0.0587203302373581
0.0587203302373581
0.0587203302373581
0.0587203302373581
0.0587203302373581
0.0587203302373581
0.0587203302373581
0.0587203302373581
0.0587203302373581
0.0587203302373581
0.0587203302373581
0.0587203302373581
0.0587203302373581
0.0587203302373581
0.0587203302373581
0.0587203302373581