0.0525446133509584
0.0525446133509584
0.0525446133509584
0.0525446133509584
0.0525446133509584
0.0525446133509584
0.0525446133509584
0.0525446133509584
0.0525446133509584
0.0525446133509584
0.0525446133509584
0.0525446133509584
0.0525446133509584
0.0525446133509584
0.0525446133509584
0.0525446133509584
0.0525446133509584
0.0525446133509584
0.0525446133509584
0.0525446133509584
0.0525446133509584
0.0525446133509584
0.0525446133509584
0.0525446133509584
0.0525446133509584
0.0525446133509584
0.0525446133509584
0.0525446133509584
0.0525446133509584
0.0525446133509584
0.0525446133509584
0.0525446133509584
0.0525446133509584
0.0525446133509584
0.0525446133509584
0.0525446133509584
0.0525446133509584
0.0525446133509584
0.0525446133509584
0.0525446133509584
0.0525446133509584
0.0525446133509584
0.0525446133509584
0.0525446133509584
0.0525446133509584
0.0525446133509584
0.05261070720423
0.05261070720423
0.0525446133509584
0.0525446133509584
0.0525446133509584
0.0525446133509584
0.0525446133509584
0.0525446133509584
0.0525446133509584
0.0525446133509584
0.0525446133509584
0.0525446133509584
0.0525446133509584
0.0525446133509584
0.0525446133509584
0.0525446133509584
0.0525446133509584
0.0525446133509584
0.0525446133509584
0.0525446133509584
0.0525446133509584
0.0525446133509584
0.0525446133509584
0.0525446133509584
0.0525446133509584
0.0525446133509584
0.0525446133509584
0.0525446133509584
0.0525446133509584
0.0525446133509584
0.0525446133509584
0.0525446133509584
0.0525446133509584
0.0525446133509584
0.0525446133509584
0.0525446133509584
0.0525446133509584
0.0525446133509584
0.0525446133509584
0.0525446133509584
0.0525446133509584
0.0525446133509584
0.0525446133509584
0.0525446133509584
0.0525446133509584
0.0525446133509584
0.0525446133509584
0.0528089887640449
0.0528089887640449
0.0528089887640449
