0.589030375796353
0.589030375796353
0.589030375796353
0.589030375796353
0.589030375796353
0.589030375796353
0.589030375796353
0.589030375796353
0.589030375796353
0.589030375796353
0.589030375796353
0.589030375796353
0.589030375796353
0.589030375796353
0.589030375796353
0.589030375796353
0.589030375796353
0.589030375796353
0.589030375796353
0.589030375796353
0.589030375796353
0.589030375796353
0.589030375796353
0.589030375796353
0.589030375796353
0.589030375796353
0.589030375796353
0.589030375796353
0.589030375796353
0.589030375796353
0.589030375796353
0.589030375796353
0.589030375796353
0.589030375796353
0.589030375796353
0.589030375796353
0.589030375796353
0.589030375796353
0.589030375796353
0.589030375796353
0.589030375796353
0.589030375796353
0.589030375796353
0.589030375796353
0.589030375796353
0.589030375796353
0.58902767020002
0.58902767020002
0.589093764053292
0.589156415237475
0.589156415237475
0.58919798474264
0.58919798474264
0.58919798474264
0.58919798474264
0.58919798474264
0.58919798474264
0.58919798474264
0.589228592287475
0.589228592287475
0.589228592287475
0.589228592287475
0.589259555733993
0.589259555733993
0.589259555733993
0.589259555733993
0.589259555733993
0.589259555733993
0.589259555733993
0.589259555733993
0.589259555733993
0.589259555733993
0.589259555733993
0.589259555733993
0.589259555733993
0.589259555733993
0.589259555733993
0.589259555733993
0.589259555733993
0.589259555733993
0.589259555733993
0.587607209402202
0.587607209402202
0.587607209402202
0.587607209402202
0.587607209402202
0.587607209402202
0.587607209402202
0.587607209402202
0.587607209402202
0.582650170406829
0.582650170406829
0.582650170406829
0.582385794993742
0.582385794993742
0.582385794993742
