0.000264375413086583
0.000264375413086583
0.000264375413086583
0.000264375413086583
0.000264375413086583
0.000264375413086583
0.000264375413086583
0.000264375413086583
0.000264375413086583
0.000264375413086583
0.000264375413086583
0.000264375413086583
0.000264375413086583
0.000264375413086583
0.000264375413086583
0.000264375413086583
0.000264375413086583
0.000264375413086583
0.000264375413086583
0.000264375413086583
0.000264375413086583
0.000264375413086583
0.000264375413086583
0.000264375413086583
0.000264375413086583
0.000264375413086583
0.000264375413086583
0.000264375413086583
0.000264375413086583
0.000264375413086583
0.000264375413086583
0.000264375413086583
0.000264375413086583
0.000264375413086583
0.000264375413086583
0.000264375413086583
0.000264375413086583
0.000264375413086583
0.000264375413086583
0.000264375413086583
0.000264375413086583
0.000264375413086583
0.000264375413086583
0.000264375413086583
0.000264375413086583
0.000264375413086583
0.000264375413086583
0.000264375413086583
0.000264375413086583
0.000264375413086583
0.000264375413086583
0.000264375413086583
0.000264375413086583
0.000264375413086583
0.000264375413086583
0.000264375413086583
0.000264375413086583
0.000264375413086583
0.000264375413086583
0.000264375413086583
0.000264375413086583
0.000264375413086583
0.000264375413086583
0.000264375413086583
0.000264375413086583
0.000264375413086583
0.000264375413086583
0.000264375413086583
0.000264375413086583
0.000264375413086583
0.000264375413086583
0.000264375413086583
0.000264375413086583
0.000264375413086583
0.000264375413086583
0.000264375413086583
0.000264375413086583
0.000264375413086583
0.000264375413086583
0.000264375413086583
0.000264375413086583
0.000264375413086583
0.000264375413086583
0.000264375413086583
0.000264375413086583
0.000264375413086583
0.000264375413086583
0.000264375413086583
0.000264375413086583
0.000264375413086583
0.000264375413086583
0.000264375413086583
0.000264375413086583
0.000264375413086583
0.000264375413086583
0.000264375413086583
