0.00405375633399427
0.00405375633399427
0.00405375633399427
0.00405375633399427
0.00405375633399427
0.00405375633399427
0.00405375633399427
0.00405375633399427
0.00405375633399427
0.00405375633399427
0.00405375633399427
0.00405375633399427
0.00405375633399427
0.00405375633399427
0.00405375633399427
0.00405375633399427
0.00405375633399427
0.00405375633399427
0.00405375633399427
0.00405375633399427
0.00405375633399427
0.00405375633399427
0.00405375633399427
0.00405375633399427
0.00405375633399427
0.00405375633399427
0.00405375633399427
0.00405375633399427
0.00405375633399427
0.00405375633399427
0.00405375633399427
0.00405375633399427
0.00405375633399427
0.00405375633399427
0.00405375633399427
0.00405375633399427
0.00405375633399427
0.00405375633399427
0.00405375633399427
0.00405375633399427
0.00405375633399427
0.00405375633399427
0.00405375633399427
0.00405375633399427
0.00405375633399427
0.00405375633399427
0.00405375633399427
0.00405375633399427
0.00405375633399427
0.00405375633399427
0.00405375633399427
0.00405306650904166
0.00405306650904166
0.00405306650904166
0.00405306650904166
0.00405306650904166
0.00405306650904166
0.00405306650904166
0.00405306650904166
0.00405306650904166
0.00405306650904166
0.00405306650904166
0.00405306650904166
0.00405306650904166
0.00405306650904166
0.00405306650904166
0.00405306650904166
0.00405306650904166
0.00405306650904166
0.00405306650904166
0.00405306650904166
0.00405306650904166
0.00405306650904166
0.00405306650904166
0.00405306650904166
0.00405306650904166
0.00405306650904166
0.00405306650904166
0.00405306650904166
0.00405306650904166
0.00405306650904166
0.00405306650904166
0.00405306650904166
0.00405306650904166
0.00405306650904166
0.00405306650904166
0.00405306650904166
0.00405306650904166
0.00405306650904166
0.00405306650904166
0.00405306650904166
0.00405306650904166
0.00405306650904166
0.00405306650904166
0.00405306650904166
0.00405306650904166
