0.157894736842105
0.157894736842105
0.157894736842105
0.157894736842105
0.157894736842105
0.157894736842105
0.157894736842105
0.157894736842105
0.157894736842105
0.157894736842105
0.157894736842105
0.157894736842105
0.157894736842105
0.157894736842105
0.157894736842105
0.157894736842105
0.157894736842105
0.157894736842105
0.157894736842105
0.157894736842105
0.157894736842105
0.157894736842105
0.157894736842105
0.157894736842105
0.157894736842105
0.157894736842105
0.157894736842105
0.157894736842105
0.157894736842105
0.157894736842105
0.157894736842105
0.157894736842105
0.157894736842105
0.157894736842105
0.157894736842105
0.157894736842105
0.157894736842105
0.157894736842105
0.157894736842105
0.157894736842105
0.157894736842105
0.254385964912281
0.254385964912281
0.254385964912281
0.254385964912281
0.254385964912281
0.254385964912281
0.254385964912281
0.254385964912281
0.254385964912281
0.166666666666667
0.166666666666667
0.166666666666667
0.166666666666667
0.166666666666667
0.166666666666667
0.166666666666667
0.166666666666667
0.166666666666667
0.166666666666667
0.166666666666667
0.166666666666667
0.166666666666667
0.166666666666667
0.166666666666667
0.236842105263158
0.254385964912281
0.166666666666667
0.166666666666667
0.166666666666667
0.166666666666667
0.166666666666667
0.254385964912281
0.254385964912281
0.254385964912281
0.254385964912281
0.254385964912281
0.254385964912281
0.254385964912281
0.254385964912281
0.254385964912281
0.254385964912281
0.254385964912281
0.254385964912281
0.254385964912281
0.254385964912281
0.254385964912281
0.254385964912281
0.254385964912281
0.254385964912281
0.254385964912281
0.254385964912281
0.254385964912281
0.254385964912281
0.254385964912281
0.254385964912281