0.385964912280702
0.385964912280702
0.385964912280702
0.385964912280702
0.385964912280702
0.385964912280702
0.385964912280702
0.385964912280702
0.385964912280702
0.385964912280702
0.385964912280702
0.385964912280702
0.385964912280702
0.385964912280702
0.385964912280702
0.385964912280702
0.385964912280702
0.385964912280702
0.385964912280702
0.385964912280702
0.385964912280702
0.385964912280702
0.385964912280702
0.385964912280702
0.385964912280702
0.385964912280702
0.385964912280702
0.385964912280702
0.385964912280702
0.385964912280702
0.385964912280702
0.385964912280702
0.385964912280702
0.385964912280702
0.385964912280702
0.385964912280702
0.385964912280702
0.385964912280702
0.385964912280702
0.385964912280702
0.385964912280702
0.0087719298245614
0.0087719298245614
0.0087719298245614
0.0087719298245614
0.0087719298245614
0.0087719298245614
0.0087719298245614
0.0087719298245614
0.0087719298245614
0.271929824561404
0.271929824561404
0.271929824561404
0.271929824561404
0.333333333333333
0.333333333333333
0.333333333333333
0.333333333333333
0.333333333333333
0.333333333333333
0.333333333333333
0.333333333333333
0.333333333333333
0.333333333333333
0.333333333333333
0.0701754385964912
0.0087719298245614
0.333333333333333
0.333333333333333
0.333333333333333
0.333333333333333
0.333333333333333
0.0087719298245614
0.0087719298245614
0.0087719298245614
0.0087719298245614
0.0087719298245614
0.0087719298245614
0.0087719298245614
0.0087719298245614
0.0087719298245614
0.0087719298245614
0.0087719298245614
0.0087719298245614
0.0087719298245614
0.0087719298245614
0.0087719298245614
0.0087719298245614
0.0087719298245614
0.0087719298245614
0.0087719298245614
0.0087719298245614
0.0087719298245614
0.0087719298245614
0.0087719298245614
0.0087719298245614