7.69442603543933e-05
7.69442603543933e-05
7.69442603543933e-05
7.69442603543933e-05
7.69442603543933e-05
7.69442603543933e-05
7.69501265512701e-05
7.69501265512701e-05
7.69501265512701e-05
7.69501265512701e-05
7.69501265512701e-05
7.69501265512701e-05
7.69501265512701e-05
7.69500796273975e-05
7.69500796273975e-05
7.69500796273975e-05
7.69500796273975e-05
7.69500796273975e-05
7.69500796273975e-05
7.69500796273975e-05
7.69500796273975e-05
7.69500796273975e-05
7.69500796273975e-05
7.69500796273975e-05
7.69500796273975e-05
7.69500796273975e-05
7.69500796273975e-05
7.6866502316221e-05
7.69081078886868e-05
7.69081078886868e-05
7.69079246571295e-05
7.69915127773837e-05
7.69079246571295e-05
7.69079246571295e-05
7.69079246571295e-05
7.69079246571295e-05
7.69079246571295e-05
7.69079246571295e-05
7.69079246571295e-05
7.69079246571295e-05
7.69079246571295e-05
7.69079246571295e-05
7.69079246571295e-05
7.69079246571295e-05
7.69079246571295e-05
7.69079246571295e-05
7.6866136051311e-05
7.68659529201649e-05
7.68659529201649e-05
7.68659529201649e-05
7.68659529201649e-05
7.68659529201649e-05
7.68659529201649e-05
7.68659529201649e-05
7.68659529201649e-05
7.68659529201649e-05
7.68659529201649e-05
7.68659529201649e-05
7.68659529201649e-05
7.68659529201649e-05
7.68659529201649e-05
7.68659529201649e-05
7.68659529201649e-05
7.68659529201649e-05
7.68659529201649e-05
7.6203156038932e-05
7.6203156038932e-05
7.6203156038932e-05
7.62447587001204e-05
7.81998650655525e-05
7.81580451622431e-05
7.81580451622431e-05
7.81580451622431e-05
7.81580451622431e-05
7.81580451622431e-05
7.81580451622431e-05
7.81580451622431e-05
7.81580451622431e-05
7.81580451622431e-05
7.81580451622431e-05
7.81580451622431e-05
7.81580451622431e-05
7.81580451622431e-05
7.81580451622431e-05
7.81580451622431e-05
7.81580451622431e-05
7.81580451622431e-05
7.81580451622431e-05
7.81580451622431e-05
7.81580451622431e-05
7.81580451622431e-05
7.81580451622431e-05
7.81580451622431e-05
7.81580451622431e-05
7.81580451622431e-05
7.81580451622431e-05