0.0173056658283443
0.0173056658283443
0.0173056673437837
0.0173056673437837
0.0173056673437837
0.0173056673437837
0.017305668859204
0.0173056681538292
0.0173056681538292
0.0173056681538292
0.0173056681538292
0.0173056681538292
0.0173056681538292
0.0173056681538292
0.0173056681538292
0.0173056681538292
0.0173056681538292
0.0173056696692391
0.0173056689638823
0.0173056947230534
0.0173057204766536
0.0173057205813396
0.0173057205813396
0.0173057205813396
0.0173057205813396
0.0173057220960825
0.0173057220960825
0.0173057220960825
0.0173057220960825
0.0173057220960825
0.0173057220960825
0.0173057220960825
0.0173057220960825
0.0173057220960825
0.0173057220960825
0.0173057236108061
0.0173057229058084
0.0173057229058084
0.0173057244205217
0.017305725230245
0.017305725230245
0.017305725230245
0.017305725230245
0.017305725230245
0.017305725230245
0.0173057267449288
0.0173057260399759
0.0173057260399759
0.0173057260399759
0.0173057275546494
0.0173057275546494
0.0173057290693036
0.0173057290693036
0.0173057306887472
0.0173057306887472
0.0173057306887472
0.0173057306887472
0.0173057306887472
0.0173057322033616
0.0173057322033616
0.0173057322033616
0.0173057322033616
0.0173057322033616
0.0173057322033616
0.0173057322033616
0.0173057322033616
0.0173057322033616
0.0173057322033616
0.0173057323082215
0.0173057323082215
0.0173057323082215
0.0173057338228152
0.0173057338228152
0.0173057338228152
0.0173057361471177
0.0173057354422995
0.0173057354422995
0.0173057354422995
0.0173057354422995
0.0173057354422995
0.0173057354422995
0.0173057354422995
0.017305736252053
0.017305738471388
0.017305738471388
0.0173057399859033
0.0173057415003994
0.0173057415003994
0.0173057415003994
0.0173057430148762
0.0173057430148762
0.0173057430148762
0.0173057430148762
0.0173057598827845
0.0173057598827845
0.0173057598827845