0.00164539643332059
0.00164539613493527
0.001645392475409
0.00164539225163401
0.00164539195328572
0.00164539165492794
0.00164538799549285
0.00164538767365859
0.00164538744991018
0.00164538715160745
0.00164538700246178
0.0016453867787295
0.00164538662959142
0.00164538648045713
0.001645386033022
0.0016453858838991
0.00164538566022187
0.00164538192635333
0.00164538015315125
0.00164520495877333
0.00164511765650409
0.00164511395269462
0.00164511372915583
0.00164511358014103
0.00164511163027015
0.00164510881425295
0.00164510760023255
0.00164510745123669
0.00164510730224463
0.00164510702678394
0.00164510635634665
0.00164510620737543
0.00164510590944436
0.00164510561145833
0.00164510546250227
0.0016451018051744
0.00164510163273832
0.00164510140928574
0.00164509760301452
0.00164508668940914
0.00164508654048906
0.00164508646603044
0.00164508654048906
0.00164508639157277
0.00164508624266026
0.00164508251105184
0.00164508142364107
0.00164508127474749
0.00164508105135552
0.00164507731985006
0.00164507717097163
0.00164517355863053
0.00164517326083295
0.00164516597461217
0.00164516277528701
0.00164516255194709
0.00164516225426215
0.00164516203100837
0.00164514922556908
0.00164514907674364
0.00164514900233233
0.00164514885351257
0.00164514489183549
0.00164514474302328
0.0016451443709213
0.00164514422212045
0.00164514422212045
0.00164514399878327
0.0016451364078823
0.00164513605907603
0.00164513453401406
0.00164512152931078
0.00164511987879177
0.00164511973001928
0.00164510400790916
0.0016451017375875
0.00164510144008789
0.00164510136571535
0.00164510121697311
0.00164510106823465
0.00164510084502431
0.00164510062192938
0.00164509674194633
0.0016450863742544
0.00164508615118214
0.00164507563474131
0.00164507197864679
0.00164507099298087
0.00164507069535631
0.0016450669648733
0.00164506536566494
0.00164506514252359
0.00164506491938697
0.00164647582758804
0.0016464754558745
0.0016464751584891