0.108369684373793
0.108369684371662
0.10836968478658
0.10836968478658
0.108369684335451
0.108369684334031
0.108369684751791
0.10836968474895
0.108369684744689
0.108369684292152
0.108369684290731
0.10836968383891
0.10836968383891
0.10836968383891
0.10836968383607
0.10836968383607
0.108369683384965
0.108369683728854
0.108369683727434
0.108369690387745
0.108369696678227
0.108369696947421
0.108369696946713
0.108369696945295
0.108369696571108
0.108369696567565
0.108369696613837
0.108369696164398
0.108369696164398
0.108369696238956
0.10836969623187
0.10836969623187
0.108369695782437
0.108369695780312
0.108369695777478
0.108369696122663
0.108369696119829
0.108369695667574
0.108369695561225
0.108369695980267
0.108369695081475
0.108369695081475
0.108369695530868
0.108369695530868
0.108369695081475
0.108369695423128
0.108369696137481
0.108369696134648
0.108369696133232
0.108369696101474
0.108369696100766
0.108369696516261
0.108369696514845
0.108369697353608
0.1083696973529
0.108369697350069
0.108369697344405
0.108369696893637
0.108369697234566
0.108369696784516
0.108369696784516
0.108369696332349
0.108369695882311
0.108369695880896
0.108369695430156
0.108369694980837
0.108369694980837
0.108369694978714
0.108369695318961
0.108369694868238
0.108369694868238
0.108369695280923
0.108369694531449
0.108369694082165
0.108369694840071
0.108369694461814
0.108369693561881
0.108369693561881
0.108369693110509
0.108369693109095
0.108369693107681
0.108369692654193
0.108369692550194
0.108369692520054
0.108369692520054
0.10836969248922
0.108369692908303
0.108369692904768
0.108369692901233
0.108369693318191
0.10836969331395
0.108369692863343
0.108369692412742
0.108369697871285
0.108369697869873
0.108369696971003