0.102088304059338
0.102088303832711
0.102088303536523
0.102088303533681
0.102088303834221
0.102088303386681
0.10208830338321
0.102088303084911
0.102088302637491
0.102088302708652
0.102088302556686
0.102088302779855
0.102088302777014
0.102088302774172
0.102088302467421
0.10208830246458
0.102088302762316
0.1020883029855
0.102088302797327
0.102088296753585
0.102088291750461
0.102088292048251
0.102088291970996
0.102088291822168
0.102088292232568
0.102088291860516
0.102088292534461
0.1020882929839
0.1020882929839
0.102088292909493
0.10208829216264
0.1020882921598
0.102088292606394
0.102088292383208
0.10208829208564
0.102088292457839
0.10208829215887
0.102088292307919
0.102088292909227
0.102088292533336
0.102088293429289
0.102088293429289
0.102088292982735
0.102088292982735
0.102088293429289
0.102088293432444
0.102088292831842
0.102088292534402
0.102088292385688
0.10208829283528
0.10208829275809
0.102088291984964
0.102088291833441
0.102088292128285
0.102088291975842
0.102088291678509
0.102088291083888
0.102088291376078
0.102088290586254
0.102088290961281
0.102088290958442
0.102088291107689
0.102088291314072
0.102088291162616
0.102088291460488
0.102088291909807
0.102088291909807
0.102088291686894
0.102088291295789
0.102088291593669
0.102088291481483
0.102088290319697
0.102088290657911
0.102088291107196
0.102088290491328
0.102088290064013
0.10208829080833
0.10208829080833
0.102088291031965
0.102088290883451
0.102088290734941
0.102088290738678
0.102088291562902
0.102088291720302
0.102088291714626
0.102088291798487
0.102088291870202
0.102088291480211
0.102088290512732
0.10208829043919
0.102088289950568
0.102088290245653
0.102088290543574
0.102088285802412
0.102088285651246
0.102088286472409