0.0944822373393802
0.0944822373393802
0.0944822373393802
0.0944822373393802
0.0944822373393802
0.0944822373393802
0.0944822373393802
0.0944822373393802
0.0944822373393802
0.0944822373393802
0.0944822373393802
0.0944822373393802
0.0944822373393802
0.0944822373393802
0.0944822373393802
0.0944822373393802
0.0944822373393802
0.0944822373393802
0.0944822373393802
0.0944822373393802
0.0944822373393802
0.0944822373393802
0.0944822373393802
0.0944822373393802
0.0944822373393802
0.0944822373393802
0.0944822373393802
0.0944822373393802
0.0944822373393802
0.0944822373393802
0.0944822373393802
0.0944822373393802
0.0944822373393802
0.0944822373393802
0.0944822373393802
0.0944822373393802
0.0944822373393802
0.0944822373393802
0.0944822373393802
0.0944822373393802
0.0944822373393802
0.0944822373393802
0.0786092214663643
0.0944822373393802
0.0944822373393802
0.0944822373393802
0.0944822373393802
0.0944822373393802
0.0944822373393802
0.0944822373393802
0.0944822373393802
0.0944822373393802
0.0944822373393802
0.0944822373393802
0.0944822373393802
0.0944822373393802
0.0944822373393802
0.0944822373393802
0.0944822373393802
0.0944822373393802
0.0944822373393802
0.0944822373393802
0.0944822373393802
0.0944822373393802
0.0944822373393802
0.0944822373393802
0.0944822373393802
0.0944822373393802
0.0944822373393802
0.0944822373393802
0.0944822373393802
0.0944822373393802
0.0944822373393802
0.0944822373393802
0.0944822373393802
0.0944822373393802
0.0944822373393802
0.0944822373393802
0.0944822373393802
0.0944822373393802
0.0944822373393802
0.0944822373393802
0.0944822373393802
0.0944822373393802
0.0944822373393802
0.0944822373393802
0.0944822373393802
0.0944822373393802
0.0944822373393802
0.0944822373393802
0.0944822373393802
0.0944822373393802
0.0944822373393802
0.0944822373393802
0.0944822373393802
0.0944822373393802