0.000527368612474995
0.000527368612474995
0.000527368612474995
0.000527368612474995
0.000527368612474995
0.000527368612474995
0.000527368612474995
0.000527368612474995
0.000527368612474995
0.000527368612474995
0.000527368612474995
0.000527368612474995
0.000527368612474995
0.000527368612474995
0.000527368612474995
0.000527368612474995
0.000527368612474995
0.000527368612474995
0.000527368612474995
0.000527368612474995
0.000527368612474995
0.000527368612474995
0.000527368612474995
0.000527368612474995
0.000527368612474995
0.000527368612474995
0.000527368612474995
0.000527368612474995
0.000527368612474995
0.000527368612474995
0.000527368612474995
0.000527368612474995
0.000527368612474995
0.000527368612474995
0.000527368612474995
0.000527368612474995
0.000527368612474995
0.000527368612474995
0.000527368612474995
0.000527368612474995
0.000527368612474995
0.000527368612474995
0.000527368612474995
0.000527368612474995
0.000527368612474995
0.000527368612474995
0.000527368612474995
0.000527368612474995
0.000527368612474995
0.000527368612474995
0.000527368612474995
0.000527368612474995
0.000527368612474995
0.000527368612474995
0.000527368612474995
0.000527368612474995
0.000527368612474995
0.000527368612474995
0.000527368612474995
0.000527368612474995
0.000527368612474995
0.000527368612474995
0.000527368612474995
0.000527368612474995
0.000527368612474995
0.000527368612474995
0.000527368612474995
0.000527368612474995
0.000527368612474995
0.00232769594471722
0.00232769594471722
0.000527368612474995
0.000527368612474995
0.000527368612474995
0.000527368612474995
0.000527368612474995
0.000527368612474995
0.000527368612474995
0.000527368612474995
0.000527368612474995
0.000527368612474995
0.000527368612474995
0.000527368612474995
0.000527368612474995
0.000527368612474995
0.000527368612474995
0.000527368612474995
0.000527368612474995
0.000527368612474995
0.000527368612474995
0.000527368612474995
0.000527368612474995
0.000527368612474995
0.000527368612474995
0.000527368612474995
0.000527368612474995