0.214679118773946
0.214679118773946
0.214679118773946
0.214679118773946
0.213721264367816
0.213721264367816
0.214568597111701
0.214568597111701
0.214568597111701
0.212358163866785
0.212358163866785
0.212358163866785
0.214568597111701
0.214568597111701
0.214568597111701
0.214568597111701
0.214568597111701
0.214568597111701
0.214568597111701
0.214568597111701
0.214568597111701
0.214568597111701
0.214540075392411
0.214540075392411
0.21083225188481
0.212686163638611
0.212686163638611
0.212686163638611
0.212686163638611
0.212686163638611
0.212686163638611
0.212686163638611
0.212686163638611
0.212686163638611
0.212686163638611
0.212686163638611
0.212686163638611
0.21083225188481
0.212686163638611
0.212686163638611
0.212686163638611
0.212686163638611
0.212686163638611
0.212603767560664
0.212603767560664
0.212603767560664
0.212603767560664
0.212603767560664
0.212603767560664
0.212603767560664
0.212603767560664
0.212603767560664
0.212603767560664
0.212603767560664
0.212603767560664
0.212603767560664
0.212603767560664
0.212603767560664
0.212603767560664
0.212603767560664
0.212603767560664
0.212603767560664
0.212603767560664
0.212603767560664
0.212603767560664
0.212603767560664
0.212603767560664
0.212603767560664
0.212603767560664
0.212603767560664
0.212603767560664
0.212603767560664
0.209011813537676
0.209011813537676
0.209011813537676
0.209011813537676
0.209011813537676
0.209011813537676
0.209011813537676
0.209011813537676
0.208388818801981
0.208388818801981
0.206987080646669
0.209790556957294
0.209790556957294
0.208650882891887
0.208650882891887
0.208650882891887
0.20146697484591
0.20146697484591
0.20146697484591
0.20146697484591
0.20146697484591
0.20146697484591
0.20146697484591
0.20146697484591
