0.0434626436781609
0.0434626436781609
0.0434626436781609
0.0434626436781609
0.0434626436781609
0.0434626436781609
0.0434626436781609
0.0434626436781609
0.0434626436781609
0.0434626436781609
0.0434626436781609
0.0434626436781609
0.0434626436781609
0.0434626436781609
0.0434626436781609
0.0434626436781609
0.0434626436781609
0.0434626436781609
0.0434626436781609
0.0434626436781609
0.0434626436781609
0.0434626436781609
0.0434626436781609
0.0434626436781609
0.0434626436781609
0.0434626436781609
0.0434626436781609
0.0434626436781609
0.0434626436781609
0.0434626436781609
0.0434626436781609
0.0434626436781609
0.0434626436781609
0.0434626436781609
0.0434626436781609
0.0434626436781609
0.0434626436781609
0.0434626436781609
0.0434626436781609
0.0434626436781609
0.0434626436781609
0.0434626436781609
0.0434626436781609
0.0434626436781609
0.0434626436781609
0.0434626436781609
0.0434626436781609
0.0434203853955375
0.0434203853955375
0.0434203853955375
0.0434203853955375
0.0434203853955375
0.0434203853955375
0.0434203853955375
0.0434203853955375
0.0434203853955375
0.0434203853955375
0.0434203853955375
0.0434203853955375
0.0434203853955375
0.0434203853955375
0.0434203853955375
0.0434203853955375
0.0434203853955375
0.0434203853955375
0.0434203853955375
0.0434203853955375
0.0434203853955375
0.0434203853955375
0.0434203853955375
0.0434203853955375
0.0434203853955375
0.0434203853955375
0.0434203853955375
0.0434203853955375
0.0434203853955375
0.0434203853955375
0.0434203853955375
0.0434203853955375
0.0434203853955375
0.0434203853955375
0.0434203853955375
0.0434203853955375
0.0434203853955375
0.0434203853955375
0.0434203853955375
0.0434203853955375
0.0434203853955375
0.0434203853955375
0.0434203853955375
0.0434203853955375
0.0434203853955375
0.0434203853955375
0.0434203853955375
0.0434203853955375
0.0434203853955375
