0.0217911877394636
0.0217911877394636
0.0217911877394636
0.0217911877394636
0.0217911877394636
0.0217911877394636
0.0217911877394636
0.0217911877394636
0.0217911877394636
0.02267536103743
0.02267536103743
0.02267536103743
0.0217911877394636
0.0217911877394636
0.0217911877394636
0.0217911877394636
0.0217911877394636
0.0217911877394636
0.0217911877394636
0.0217911877394636
0.0217911877394636
0.0217911877394636
0.0217911877394636
0.0217911877394636
0.0225327524409838
0.0225327524409838
0.0225327524409838
0.0225327524409838
0.0225327524409838
0.0225327524409838
0.0225327524409838
0.0225327524409838
0.0225327524409838
0.0225327524409838
0.0225327524409838
0.0225327524409838
0.0225327524409838
0.0225327524409838
0.0225327524409838
0.0225327524409838
0.0225327524409838
0.0225327524409838
0.0225327524409838
0.0224297573435504
0.0224297573435504
0.0224297573435504
0.0224297573435504
0.0224297573435504
0.0224297573435504
0.0224297573435504
0.0224297573435504
0.0224297573435504
0.0224297573435504
0.0224297573435504
0.0224297573435504
0.0224297573435504
0.0224297573435504
0.0224297573435504
0.0224297573435504
0.0224297573435504
0.0224297573435504
0.0224297573435504
0.0224297573435504
0.0224297573435504
0.0224297573435504
0.0224297573435504
0.0224297573435504
0.0224297573435504
0.0224297573435504
0.0224297573435504
0.0224297573435504
0.0224297573435504
0.0224297573435504
0.0224297573435504
0.0224297573435504
0.0224297573435504
0.0224297573435504
0.0224297573435504
0.0224297573435504
0.0224297573435504
0.0223518830015886
0.0223518830015886
0.0223518830015886
0.0217911877394636
0.0217911877394636
0.0222909378644011
0.0222909378644011
0.0222909378644011
0.0222909378644011
0.0222909378644011
0.0222909378644011
0.0222909378644011
0.0222909378644011
0.0222909378644011
0.0222909378644011
0.0222909378644011
