0.0132688964345498
0.0132688964345498
0.0132688964345498
0.0132688964345498
0.0132688964345498
0.0132688964345498
0.0132688964345498
0.0122575522989679
0.0120598672816146
0.0121826172987836
0.0123658319436863
0.0126294717720026
0.0126294717720026
0.0126294717720026
0.0126294717720026
0.0126294717720026
0.0126294717720026
0.0126294717720026
0.0126294717720026
0.0126294717720026
0.0126294717720026
0.0126294717720026
0.012757587782358
0.0129609528271785
0.0129609528271785
0.0129609528271785
0.0129609528271785
0.0129609528271785
0.0133841624563368
0.0131540380066112
0.0101672365346854
0.0138437365951859
0.0137945852573114
0.0151299128929744
0.0148528082253355
0.0144782645491456
0.0150592948922282
0.0159057380161412
0.0166821625307164
0.0154687192936689
0.0147994335982614
0.0147994335982614
0.0147994335982614
0.0147994335982614
0.0146284349662504
0.0146284349662504
0.0119718923305803
0.0124591234103102
0.0122916872497994
0.0120209394157821
0.0122034481074691
0.0120482848271777
0.0120209394157821
0.0120209394157821
0.0120209394157821
0.0120209394157821
0.0120209394157821
0.0120209394157821
0.0120244730283773
0.0147853704325716
0.0147853704325716
0.0146214967435611
0.0145146225985543
0.0158098483960838
0.0158098483960838
0.0145146225985543
0.0145146225985543
0.0145146225985543
0.0145146225985543
0.0145146225985543
0.0145146225985543
0.0135281596019728
0.0135281596019728
0.0124208704142432
0.0121240594742904
0.0121240594742904
0.0121240594742904
0.0121240594742904
0.0121240594742904
0.0121240594742904
0.011987745348514
0.011956781927513
0.011956781927513
0.011956781927513
0.011956781927513
0.011956781927513
0.011956781927513
0.011956781927513
0.011956781927513
0.011956781927513
0.011956781927513
0.0121629977761372
0.0107816067942537
0.0127374988080492
0.012608698369828
0.012608698369828