0.0036504030703602
0.00365019673956396
0.00365019673956396
0.00365019673956396
0.00365019673956396
0.00365009376161149
0.00365009376161149
0.00382750550876916
0.00372443407581336
0.00372205732458222
0.00372523647764019
0.00366308161420867
0.00366292587753136
0.00366289989187191
0.00366289989187191
0.00366289989187191
0.00366289989187191
0.00366289989187191
0.00366289989187191
0.00366289989187191
0.00366289989187191
0.00366289989187191
0.00366408564571714
0.00395743019611881
0.00395743019611881
0.00395743019611881
0.00395729352838431
0.00395729352838431
0.00395729352838431
0.00393461423931152
0.00372051847590927
0.00363622361943679
0.00377863726094012
0.00361037734560132
0.0036098233038262
0.00362083629340957
0.00361392166742889
0.00360943040115955
0.00360913672461604
0.00360896873783169
0.00360875691699535
0.00360885786904893
0.00360883249441787
0.0036082785982037
0.0036082785982037
0.0036082785982037
0.00360869223651518
0.00360869223651518
0.00360869223651518
0.00360869223651518
0.00365340770037878
0.00360937093791055
0.00360769826473078
0.00360769826473078
0.00360696700792047
0.00360696700792047
0.00360696700792047
0.00360696700792047
0.00360829868673039
0.00360764371657604
0.00360764371657604
0.00360711582380348
0.00360709032294494
0.00360719150218903
0.00360719150218903
0.00360709032294494
0.00360777208014736
0.00360777208014736
0.00360777208014736
0.00360777208014736
0.00360777208014736
0.00360579253484936
0.00360579253484936
0.00360558788078048
0.00360543604346546
0.00360543604346546
0.00360543604346546
0.00360543604346546
0.00360543604346546
0.00360543604346546
0.00360657255147852
0.0036059666429615
0.00360585350946876
0.00360564642683902
0.00360554344888654
0.00360528763082926
0.00360522403674389
0.00360522403674389
0.00360522403674389
0.00360522403674389
0.00360522403674389
0.00362149475344231
0.00361269652742124
0.00466311727622894
0.00362011258942375
0.00361337356658561