0.0473367170458693
0.0473328354477651
0.0473328354477651
0.0473328354477651
0.0474712354023415
0.0475082760891365
0.0475082760891365
0.0496507848383757
0.0488265141849741
0.0484244806099753
0.0484612747232324
0.0476728268764876
0.0476728268764876
0.0476762439907053
0.04768317307545
0.04768317307545
0.04768317307545
0.04768317307545
0.04768317307545
0.04768317307545
0.04768317307545
0.04768317307545
0.0477176533752731
0.0520425344517781
0.0520425344517781
0.0520425344517781
0.0520425344517781
0.0520425344517781
0.0520480385497045
0.0524763670269201
0.0399704871450371
0.0506680439441337
0.0533377101439815
0.0549430254826963
0.0554436067477956
0.0555815189988997
0.055443246583075
0.0553963606596235
0.0552125833924369
0.0552095701294926
0.0569805365103504
0.0566556680265605
0.0559979394577492
0.0559979394577492
0.0559979394577492
0.0559979394577492
0.0562240178203683
0.0562240178203683
0.0562240178203683
0.0562240178203683
0.0532646341501242
0.0562349527551486
0.0562263992389201
0.0563950143468337
0.0567543435945931
0.0567543435945931
0.0567543435945931
0.0567543435945931
0.0567542782173914
0.0566688783783799
0.0566688783783799
0.0566688783783799
0.0566688783783799
0.0566688783783799
0.0566688783783799
0.0566688783783799
0.0566688783783799
0.0566688783783799
0.0566688783783799
0.0566688783783799
0.0566688783783799
0.0555314555844483
0.0555314555844483
0.0567722907061611
0.0569529370423855
0.057322772813479
0.057322772813479
0.057322772813479
0.057322772813479
0.057322772813479
0.0556587621511028
0.0553621149655853
0.0553623471724598
0.0553623471724598
0.0553623471724598
0.0553623471724598
0.0553623471724598
0.0553623471724598
0.0553623471724598
0.0553623471724598
0.0553623471724598
0.0423134741068708
0.0414612320989902
0.0534260685440619
0.0414135067097008
0.0414135067097008