0.110045035623335
0.110033274767949
0.110033274767949
0.110033274767949
0.109909069680509
0.109869203536143
0.109869203536143
0.114458072802704
0.111000370765493
0.110968636893101
0.111975833378148
0.110260463613366
0.110251586622759
0.110254723579086
0.110247318026601
0.110247318026601
0.110247318026601
0.110247318026601
0.110247318026601
0.110247318026601
0.110133552383825
0.110133552383825
0.110236644324632
0.118440823211629
0.118440823211629
0.118440823211629
0.118336201543932
0.118336201543932
0.11834485599938
0.117653041806221
0.109343689292224
0.109034107331674
0.114287162050176
0.0992008694844454
0.0811201352324203
0.0808679613177248
0.0807045002581748
0.0805342298717151
0.08052335061707
0.0804890039986138
0.0805305941753047
0.0807022879189757
0.0806833167842821
0.0806698920322996
0.0806698920322996
0.0807822768378739
0.0894199512747202
0.0899120838947235
0.0899060931601613
0.089830883079596
0.0911796530418602
0.0896448057574702
0.0896245967746886
0.0896245967746886
0.0896219810487124
0.0896219810487124
0.0895095962431381
0.0893972114375638
0.0894770872500183
0.0893854072071588
0.0893702376331907
0.0893092408269234
0.0893086128682819
0.0895027031151087
0.0894499397202415
0.0893086128682819
0.0893724395087145
0.0893724395087145
0.0894848243142888
0.0895972091198631
0.0895972091198631
0.215467636651617
0.215467636651617
0.215507122096031
0.216279247266513
0.216279247266513
0.216279247266513
0.216297545376534
0.216297545376534
0.216297545376534
0.219969904754838
0.216729871825224
0.216695325737113
0.21667577663731
0.216667139361547
0.216645682621992
0.216640348668082
0.216640348668082
0.216640348668082
0.216640348668082
0.216640348668082
0.3457753087766
0.414433990428086
0.244765519935029
0.410412980899327
0.411755452610816