0
0
0
0
0
0
0
0
0
0
0
0
0
0
0
0
0
0
0
0
0
0
0
0
0
0
0
0
0
0
0
0
0
0
0
0
0
0
0.000283362821542782
0.000288560283579632
0.000288560283579632
0.000288466707709854
0.000288466707709854
0.000288290064748776
0.000287998661678299
0.000287921006351028
0.000287425218225854
0.0488041352965959
0.048783223409372
0.0487892821095566
0.0487597822765216
0.0482828338434944
0.0482020025835806
0.0485273011791944
0.0491533534183755
0.0491359878521546
0.0490960127400471
0.0491186023212961
0.0493334025787371
0.0496360603655048
0.0498394189339684
0.0499001048820001
0.0498117578384653
0.0497997432768682
0.0498208207688934
0.0498990169173048
0.0503674377839387
0.0504258427366506
0.0508718133980164
0.0513639166806085
0.0513552430449202
0.0512382966077023
0.0511989663376684
0.0511913155199677
0.0512669600261487
0.0513956962300932
0.051403896523483
0.0513907950468623
0.0513627693800002
0.0513427750350264
0.0513427750350264
0.0513475734903879
0.0512397035391167
0.0512373099768803
0.0512243093047667
0.0512373799598346
0.0512412420373149
0.0512312639523583
0.0512306655201661
0.0512670878039145
0.0512651692932759
0.0512816003590344
0.051279083686076
0.0512786801485577
0.0512987331505166
0.0512763346484302
