0.288195490953687
0.288195490953687
0.288195490953687
0.288360700310112
0.288360700310112
0.288360700310112
0.288360700310112
0.288360700310112
0.28836580451523
0.28836580451523
0.28836580451523
0.28837860798755
0.28837860798755
0.288383881425937
0.288383881425937
0.288383881425937
0.288383881425937
0.288383881425937
0.288383881425937
0.28842090138127
0.288583213271272
0.28858193921713
0.28842509475131
0.28843574418256
0.288437610306262
0.288418794361949
0.288474172858733
0.288472965785282
0.288471763509059
0.288451639629025
0.288455816601064
0.288469389910509
0.288455816601064
0.288455816601064
0.288455816601064
0.288300713710124
0.288300713710124
0.288300713710124
0.276991129905785
0.276991129905785
0.276991129905785
0.276991129905785
0.276991129905785
0.276991129905785
0.276994666526274
0.277003972478735
0.276844974514727
0.273197134718633
0.273198839812274
0.273198839812274
0.273202802152003
0.273218577434046
0.273218845555093
0.273216119587885
0.273240222908481
0.273235943045147
0.273233888921949
0.273233888921949
0.273646916351476
0.273802910528839
0.27380023939371
0.273760827571976
0.273836939759964
0.273836170835802
0.273838989678037
0.273826692637846
0.27366033310729
0.273655284195174
0.27366961350248
0.273658653606776
0.273648189929064
0.273641905174266
0.273382339211452
0.27337309839125
0.27337309839125
0.273373733887645
0.273373733887645
0.273373733887645
0.273373733887645
0.272850196331397
0.272850196331397
0.272848123646629
0.272879529278782
0.272880754602327
0.272880754602327
0.272880754602327
0.272876907729876
0.27287228710968
0.272872946252384
0.272869334738249
0.272869334738249
0.272869334738249
0.282953643282354
0.272880072393515
0.273303025290657
0.273391108844199
