2.74551794195975e-06
2.74551794195975e-06
2.74551794195975e-06
2.74551794195975e-06
2.74551794195975e-06
2.74551794195975e-06
2.74551794195975e-06
2.74551794195975e-06
2.74551794195975e-06
2.74551794195975e-06
2.74551794195975e-06
2.74551794195975e-06
2.74551794195975e-06
2.74551794195975e-06
2.74551794195975e-06
2.74551794195975e-06
2.74551794195975e-06
2.74551794195975e-06
2.74551794195975e-06
2.74551794195975e-06
2.73740111138485e-06
2.73740111138485e-06
2.73740111138485e-06
2.73740111138485e-06
2.73740111138485e-06
2.71399880584053e-06
2.69556310313224e-06
2.69556310313224e-06
2.69556310313224e-06
2.69556310313224e-06
2.69556310313224e-06
2.69556310313224e-06
2.69556310313224e-06
2.69556310313224e-06
2.69556310313224e-06
2.69556310313224e-06
2.69556310313224e-06
2.69556310313224e-06
2.69556310313224e-06
2.69556310313224e-06
2.69556310313224e-06
2.69556310313224e-06
2.69556310313224e-06
2.69556310313224e-06
2.69556310313224e-06
2.69556310313224e-06
2.69425584653519e-06
2.69425584653519e-06
2.69425584653519e-06
2.69425584653519e-06
2.69425584653519e-06
2.67608649111539e-06
2.67351085445407e-06
2.66389621460348e-06
2.63921879123779e-06
2.63921879123779e-06
2.63921879123779e-06
2.63921879123779e-06
2.63234094079865e-06
2.62178176288606e-06
2.61499437776209e-06
2.61499437776209e-06
2.61499437776209e-06
2.61499437776209e-06
2.61376408165399e-06
2.61376408165399e-06
2.59787493830047e-06
2.58698745311085e-06
2.56075388594402e-06
2.5414252312697e-06
2.54026317126454e-06
2.54026317126454e-06
2.54026317126454e-06
2.54026317126454e-06
2.54026317126454e-06
2.54026317126454e-06
2.54026317126454e-06
2.54026317126454e-06
2.54026317126454e-06
2.54026317126454e-06
2.54026317126454e-06
2.5414252312697e-06
2.54026317126454e-06
2.54026317126454e-06
2.54026317126454e-06
2.54026317126454e-06
2.54026317126454e-06
2.54026317126454e-06
2.54026317126454e-06
2.54026317126454e-06
2.54026317126454e-06
2.54026317126454e-06
2.54026317126454e-06
2.54026317126454e-06
2.54026317126454e-06
2.54026317126454e-06
