1.0982071767839e-05
1.0982071767839e-05
1.0982071767839e-05
1.0982071767839e-05
1.0982071767839e-05
1.0982071767839e-05
1.0982071767839e-05
1.0982071767839e-05
1.0982071767839e-05
1.0982071767839e-05
1.0982071767839e-05
1.0982071767839e-05
1.0982071767839e-05
1.0982071767839e-05
1.0982071767839e-05
1.0982071767839e-05
1.0982071767839e-05
1.0982071767839e-05
1.0982071767839e-05
1.09509535835933e-05
1.09496044455394e-05
1.09496044455394e-05
1.09496044455394e-05
1.09496044455394e-05
1.09496044455394e-05
1.0833549113073e-05
1.07601095892609e-05
1.07601095892609e-05
1.07679039033906e-05
1.07679039033906e-05
1.07679039033906e-05
1.61590301096551e-05
1.07679039033906e-05
1.07679039033906e-05
1.07679039033906e-05
1.07679039033906e-05
1.07679039033906e-05
1.07679039033906e-05
0
0
0
0
0
0
0
0
0
0
0
0
0
0
0
0
0
0
0
0
0
0
0
0
0
0
0
0
0
0
0
0
0
0
0
0
0
0
0
0
0
0
0
0
0
0
0
0
0
0
0
0
0
0
0
0
0
0
