0.0178419982580215
0.0178419982580215
0.0178419982580215
0.0178411399872671
0.0178411399872671
0.0178411399872671
0.0178411399872671
0.0178411399872671
0.0178411399872671
0.0178411399872671
0.0178411399872671
0.0178411399872671
0.0178411399872671
0.0178411399872671
0.0178411399872671
0.0178411399872671
0.0178411399872671
0.0178411399872671
0.0178411399872671
0.0178046022671928
0.0177926813785253
0.0177929627321483
0.0177925411134508
0.0177913253697335
0.0177909132674158
0.0179674065591777
0.0179161295613034
0.0179164011528297
0.017916404561824
0.017916404561824
0.0179154821471652
0.0179154821471652
0.0179154821471652
0.0179154821471652
0.0179154821471652
0.0179154821471652
0.0179154821471652
0.0179154821471652
0.0179154821471652
0.0179154821471652
0.0179154821471652
0.0179154821471652
0.0179154821471652
0.0179154821471652
0.0179147011434738
0.0179143139277586
0.0179237376488469
0.0167309798568357
0.0167288538725049
0.0167288538725049
0.0167249245522729
0.0166374991715062
0.0166189437171351
0.0171680330285395
0.017310997969174
0.017310997969174
0.017310997969174
0.017310997969174
0.0173636375243028
0.0174392368991955
0.0174895245170192
0.0174895233787689
0.0174895233787689
0.0174895233787689
0.017497403146072
0.0174957133693327
0.0176190091189479
0.0176861154919255
0.0178206022205591
0.0178984295974249
0.0179560374848929
0.0179579112181422
0.0179579112181422
0.0179579112181422
0.0179579112181422
0.0179572810175508
0.0179572810175508
0.0179572810175508
0.0179572810175508
0.0179572810175508
0.0179572810175508
0.0179576773274193
0.0179423081462494
0.0179420691286739
0.0179420691286739
0.0179420691286739
0.0179420691286739
0.0179420691286739
0.0179420691286739
0.0179420691286739
0.0179420691286739
0.0179420691286739
0.0179420691286739
0.0179420691286739
0.0179420691286739
0.0179420691286739
