0.165322825178548
0.16532267097407
0.165322631315052
0.165284965464695
0.165284871093681
0.165280983665072
0.165280961359731
0.165280961359731
0.165282816306076
0.165282876531677
0.165282816306076
0.165287479835208
0.165287479835208
0.165629374221311
0.165629296543204
0.165629296543204
0.165615663620926
0.165611757919212
0.165611650695813
0.165283623260027
0.165295264121435
0.165283888175293
0.165492344299955
0.16761847724384
0.167610698984405
0.170060532962851
0.169059540264938
0.169093970410821
0.169029721780482
0.169062549596979
0.169036428094421
0.166093318033364
0.169046870168445
0.169381668243356
0.16939647492408
0.169641362191201
0.169641362191201
0.169641362191201
0.169637319680313
0.169696155148298
0.169696155148298
0.169673251676672
0.169673251676672
0.169716894502454
0.169743656433595
0.169743534535411
0.170042290619298
0.153512597515397
0.153507825879058
0.153506865993976
0.153484161104757
0.152482519319084
0.152340267537022
0.153189409986594
0.154710055208068
0.154713224274646
0.154708763403929
0.154708742174086
0.155236803143986
0.156029597752319
0.156539161436216
0.156555910990862
0.156554316517584
0.15655781224617
0.156646958763823
0.156634083117402
0.157842731073984
0.158554168460383
0.160017390050062
0.161442354978357
0.161604363949461
0.161549944486549
0.161691958970097
0.161659089480616
0.161673430450539
0.161702658133681
0.161711401562915
0.161725997757139
0.161726037264555
0.161725908371496
0.161725908371496
0.161933962644105
0.162278966920452
0.162278945482157
0.162278891131521
0.162278954591971
0.162278951695775
0.162286170276551
0.162286158712644
0.162302055811211
0.162302055811211
0.162301693471644
0.15871040116008
0.16230457693809
0.162316174644566
0.162290861014295
