0.000718390804597701
0.000718390804597701
0.000718390804597701
0.000718390804597701
0.000718390804597701
0.000718390804597701
0.000718390804597701
0.000718390804597701
0.000718390804597701
0.000718390804597701
0.000718390804597701
0.000718390804597701
0.000718390804597701
0.000718390804597701
0.000718390804597701
0.000718390804597701
0.000718390804597701
0.000718390804597701
0.000718390804597701
0.000718390804597701
0.000718390804597701
0.000718390804597701
0.000718390804597701
0.000718390804597701
0.000718390804597701
0.000718390804597701
0.000718390804597701
0.000718390804597701
0.000718390804597701
0.000718390804597701
0.000718390804597701
0.000718390804597701
0.000718390804597701
0.000718390804597701
0.000718390804597701
0.000718390804597701
0.000718390804597701
0.000718390804597701
0.000718390804597701
0.000718390804597701
0.000718390804597701
0.000718390804597701
0.000718390804597701
0.000718390804597701
0.000718390804597701
0.000718390804597701
0.000718390804597701
0.000718390804597701
0.000718390804597701
0.000718390804597701
0.000718390804597701
0.0021551724137931
0.0021551724137931
0.000718390804597701
0.000718390804597701
0.000718390804597701
0.000718390804597701
0.000718390804597701
0.000718390804597701
0.000718390804597701
0.000718390804597701
0.000718390804597701
0.000718390804597701
0.000718390804597701
0.000718390804597701
0.000718390804597701
0.000718390804597701
0.000718390804597701
0.000718390804597701
0.000718390804597701
0.000718390804597701
0.000718390804597701
0.000718390804597701
0.000718390804597701
0.000718390804597701
0.000718390804597701
0.000718390804597701
0.000718390804597701
0.000718390804597701
0.000718390804597701
0.000718390804597701
0.000718390804597701
0.000718390804597701
0.000718390804597701
0.000718390804597701
0.000718390804597701
0.000718390804597701
0.000718390804597701
0.000718390804597701
0.000718390804597701
0.000718390804597701
0.000718390804597701
0.000718390804597701
0.000718390804597701
0.000718390804597701
0.000718390804597701
