0.0441810344827586
0.0441810344827586
0.0441810344827586
0.0441810344827586
0.0441810344827586
0.0441810344827586
0.0441810344827586
0.0441810344827586
0.0441810344827586
0.0441810344827586
0.0441810344827586
0.0441810344827586
0.0441810344827586
0.0441810344827586
0.0441810344827586
0.0441810344827586
0.0441810344827586
0.0441810344827586
0.0441810344827586
0.0441810344827586
0.0441810344827586
0.0441810344827586
0.0441810344827586
0.0441810344827586
0.0441810344827586
0.0441810344827586
0.0441810344827586
0.0441810344827586
0.0441810344827586
0.0441810344827586
0.0441810344827586
0.0441810344827586
0.0441810344827586
0.0441810344827586
0.0441810344827586
0.0441810344827586
0.0441810344827586
0.0441810344827586
0.0441810344827586
0.0441810344827586
0.0441810344827586
0.0441810344827586
0.0441810344827586
0.0441810344827586
0.0441810344827586
0.0441810344827586
0.0441810344827586
0.0441810344827586
0.0441810344827586
0.0441810344827586
0.0441810344827586
0.0441387762001352
0.0441387762001352
0.0440253460730935
0.0439119159460517
0.0436850556919683
0.0436850556919683
0.0436850556919683
0.0436850556919683
0.0436850556919683
0.0436850556919683
0.0436850556919683
0.0436850556919683
0.0436850556919683
0.0436850556919683
0.0436850556919683
0.0436850556919683
0.0436850556919683
0.0426074694850717
0.0426074694850717
0.041889078680474
0.0429666648873706
0.0422373893736123
0.0433149755805088
0.0433149755805088
0.0422373893736123
0.0422373893736123
0.041889078680474
0.041889078680474
0.0429666648873706
0.0422373893736123
0.0433149755805088
0.0433149755805088
0.041889078680474
0.041889078680474
0.0433149755805088
0.041889078680474
0.041889078680474
0.0440333663851065
0.0440333663851065
0.0440333663851065
0.0433149755805088
0.0433149755805088
0.0433149755805088
0.0433149755805088
0.0433149755805088
