0.0131704980842912
0
0.0131704980842912
0.0131704980842912
0.0131704980842912
0.0131704980842912
0.0131704980842912
0.0131704980842912
0.0131704980842912
0
0.0131704980842912
0.0131704980842912
0.0131704980842912
0.0131704980842912
0.0131704980842912
0.0131704980842912
0.0131704980842912
0.0131704980842912
0.0131704980842912
0.0131704980842912
0.0131704980842912
0.0131704980842912
0.0131704980842912
0.0131704980842912
0.0131704980842912
0.0131704980842912
0.0131704980842912
0.0131704980842912
0.0131704980842912
0.0131704980842912
0.0131704980842912
0.0131704980842912
0.0131704980842912
0.0131704980842912
0.0131704980842912
0.0131704980842912
0.0131704980842912
0.0131704980842912
0.0131704980842912
0.0131704980842912
0.0131704980842912
0.0131704980842912
0.0131704980842912
0.0131704980842912
0.0131704980842912
0.0131704980842912
0.0131704980842912
0.0131704980842912
0.0131704980842912
0.0131704980842912
0.0131704980842912
0.0131704980842912
0.0131704980842912
0.0130296371422132
0.0130296371422132
0.0130296371422132
0.0130296371422132
0.0130296371422132
0.0130296371422132
0.0130296371422132
0.0130296371422132
0.0130296371422132
0.0130296371422132
0.0130296371422132
0.0130296371422132
0.0130296371422132
0.0130296371422132
0.0130296371422132
0.0130296371422132
0.0130296371422132
0.0130296371422132
0.0130296371422132
0.0130296371422132
0.0130296371422132
0.0130296371422132
0.0130296371422132
0.0130296371422132
0.0130296371422132
0.0130296371422132
0.0130296371422132
0.0130296371422132
0.0130296371422132
0.0130296371422132
0.0130296371422132
0.0130296371422132
0.0130296371422132
0.0130296371422132
0.0130296371422132
0.0094376831192247
0.0094376831192247
0.0094376831192247
0.0094376831192247
0.0094376831192247
0.0094376831192247
0.0094376831192247
0.0094376831192247
