0.327107279693487
0.327107279693487
0.327107279693487
0.327107279693487
0.327107279693487
0.327107279693487
0.327107279693487
0.327107279693487
0.328014720709821
0.328014720709821
0.328014720709821
0.328014720709821
0.328014720709821
0.328014720709821
0.328014720709821
0.328014720709821
0.328674677812609
0.328674677812609
0.328674677812609
0.327873563218391
0.327873563218391
0.327873563218391
0.327873563218391
0.327873563218391
0.327873563218391
0.327873563218391
0.327873563218391
0.328326367119471
0.328326367119471
0.328326367119471
0.328326367119471
0.328326367119471
0.328703703703704
0.328703703703704
0.328703703703704
0.328703703703704
0.328703703703704
0.328703703703704
0.328703703703704
0.328703703703704
0.328703703703704
0.328703703703704
0.328703703703704
0.329022988505747
0.329022988505747
0.329296661193213
0.329296661193213
0.329296661193213
0.329296661193213
0.329296661193213
0.329296661193213
0.329085369780096
0.329085369780096
0.326187976703083
0.326373425958405
0.326940576593614
0.326940576593614
0.326940576593614
0.324751195093888
0.326940576593614
0.326940576593614
0.327177759589418
0.327177759589418
0.327177759589418
0.327177759589418
0.327177759589418
0.327177759589418
0.327177759589418
0.327177759589418
0.323585805566429
0.325980441581755
0.323585805566429
0.325534894153449
0.325534894153449
0.32571801337815
0.32571801337815
0.32571801337815
0.325880786022329
0.325880786022329
0.32441319623048
0.326026424703963
0.326026424703963
0.326157499517433
0.326157499517433
0.326157499517433
0.326157499517433
0.326157499517433
0.326276091015335
0.320745622122797
0.320745622122797
0.320745622122797
0.320745622122797
0.320745622122797
0.320745622122797
0.320745622122797
0.320745622122797
