0.353236607142857
0.353236607142857
0.353236607142857
0.353236607142857
0.353236607142857
0.353236607142857
0.353236607142857
0.353236607142857
0.353236607142857
0.353236607142857
0.353236607142857
0.353236607142857
0.353236607142857
0.353236607142857
0.338727678571429
0.338727678571429
0.338727678571429
0.338727678571429
0.338727678571429
0.338727678571429
0.338727678571429
0.338727678571429
0.338727678571429
0.338727678571429
0.338727678571429
0.338727678571429
0.338727678571429
0.338727678571429
0.338727678571429
0.338727678571429
0.338727678571429
0.329799107142857
0.329799107142857
0.338727678571429
0.338727678571429
0.338727678571429
0.338727678571429
0.338727678571429
0.338727678571429
0.335379464285714
0.338727678571429
0.338727678571429
0.338727678571429
0.338727678571429
0.338727678571429
0.338727678571429
0.338727678571429
0.338202468487395
0.338202468487395
0.338202468487395
0.338202468487395
0.338202468487395
0.338202468487395
0.338202468487395
0.338202468487395
0.338202468487395
0.338202468487395
0.338202468487395
0.338202468487395
0.338202468487395
0.338202468487395
0.338202468487395
0.338202468487395
0.338202468487395
0.338202468487395
0.338202468487395
0.338202468487395
0.338202468487395
0.338202468487395
0.338202468487395
0.338202468487395
0.338202468487395
0.338202468487395
0.338202468487395
0.338202468487395
0.338202468487395
0.338202468487395
0.338202468487395
0.338202468487395
0.338202468487395
0.338202468487395
0.338202468487395
0.338202468487395
0.338202468487395
0.338202468487395
0.338202468487395
0.338202468487395
0.338202468487395
0.338202468487395
0.338202468487395
0.338202468487395
0.338202468487395
0.338202468487395
0.338202468487395
0.338202468487395
0.338202468487395
