0.6416015625
0.6416015625
0.6416015625
0.6416015625
0.6416015625
0.6416015625
0.6416015625
0.6416015625
0.6416015625
0.6416015625
0.6416015625
0.6416015625
0.6416015625
0.6416015625
0.6416015625
0.6416015625
0.6416015625
0.6416015625
0.6416015625
0.6416015625
0.522135416666667
0.6416015625
0.6416015625
0.6416015625
0.6416015625
0.6416015625
0.885091145833333
0.6376953125
0.6298828125
0.6416015625
0.6259765625
0.6142578125
0.6142578125
0.6142578125
0.6142578125
0.779622395833333
0.572591145833333
0.572591145833333
0.572591145833333
0.5791015625
0.5791015625
0.5791015625
0.5791015625
0.5791015625
0.5791015625
0.5791015625
0.5791015625
0.5791015625
0.6767578125
0.669921875
0.646484375
0.646484375
0.623046875
0.623046875
0.623046875
0.623046875
0.623046875
0.623046875
0.623046875
0.623046875
0.623046875
0.623046875
0.623046875
0.623046875
0.623046875
0.623046875
0.623046875
0.623046875
0.623046875
0.623046875
0.623046875
0.623046875
0.623046875
0.623046875
0.623046875
0.623046875
0.623046875
0.623046875
0.623046875
0.623046875
0.623046875
0.623046875
0.623046875
0.623046875
0.623046875
0.623046875
0.623046875
0.623046875
0.623046875
0.623046875
0.623046875
0.623046875
0.623046875
0.623046875
0.623046875
0.623046875
