0.00070212392487274
0.00070212392487274
0.00070212392487274
0.00070212392487274
0.00070212392487274
0.00070212392487274
0.00070212392487274
0.00070212392487274
0.00070212392487274
0.00070212392487274
0.00070212392487274
0.000702456412885196
0.00070212392487274
0.00070212392487274
0.00070212392487274
0.00070212392487274
0.000702486145662443
0.00070212392487274
0.00070212392487274
0.00070212392487274
0.00070212392487274
0.00070212392487274
0.00070212392487274
0.00070212392487274
0.00070212392487274
0.00070212392487274
0.00070212392487274
0.00070212392487274
0.00070212392487274
0.00070212392487274
0.00070212392487274
0.00070212392487274
0.00070212392487274
0.00070212392487274
0.00070212392487274
0.00070212392487274
0.00070212392487274
0.00070212392487274
0.00070212392487274
0.00070212392487274
0.00070212392487274
0.00070212392487274
0.00070212392487274
0.00070212392487274
0.00070212392487274
0.00070212392487274
0.00070212392487274
0.00070212392487274
0.00070212392487274
0.00070212392487274
0.00070212392487274
0.00070212392487274
0.00070212392487274
0.00070212392487274
0.00070212392487274
0.00070212392487274
0.00070212392487274
0.00070212392487274
0.00070212392487274
0.00070212392487274
0.00070212392487274
0.00070212392487274
0.00070212392487274
0.00070212392487274
0.00070212392487274
0.00070212392487274
0.00070212392487274
0.00070212392487274
0.00070212392487274
0.00070212392487274
0.00070212392487274
0.00070212392487274
0.00070212392487274
0.00070212392487274
0.00070212392487274
0.00070212392487274
0.000702479398202491
0.000702483252298859
0.000702483252298859
0.000702003590796975
0.00070414900079277
0.000704228259251274
0.000704226321670515
0.000702990594642213
0.000702001665439599
0.000702001665439599
0.000701999740757906
0.000701999740757906
0.000701999740757906
0.000701999740757906
0.000701999740757906
0.000701999740757906
0.000701999740757906
0.000701999740757906
0.000701999740757906
0.000701999740757906