6.03387747937511e-05
6.03387747937511e-05
6.03387747937511e-05
6.03387747937511e-05
6.03387747937511e-05
6.03387747937511e-05
6.03387747937511e-05
6.03387747937511e-05
6.03387747937511e-05
6.03387747937511e-05
6.03387747937511e-05
6.03869645467443e-05
6.03387747937511e-05
6.03387747937511e-05
6.03387747937511e-05
6.03387747937511e-05
6.03590052479879e-05
6.03387747937511e-05
6.03387747937511e-05
6.03387747937511e-05
6.03387747937511e-05
6.03387747937511e-05
6.03387747937511e-05
6.03387747937511e-05
6.03387747937511e-05
6.03387747937511e-05
6.03387747937511e-05
6.03387747937511e-05
6.03387747937511e-05
6.03387747937511e-05
6.03387747937511e-05
6.03387747937511e-05
4.93680884676145e-05
6.03387747937511e-05
6.03387747937511e-05
6.03387747937511e-05
6.03387747937511e-05
6.03387747937511e-05
6.03387747937511e-05
6.03387747937511e-05
6.03387747937511e-05
6.03387747937511e-05
6.03387747937511e-05
6.03387747937511e-05
6.03387747937511e-05
6.03387747937511e-05
6.03387747937511e-05
6.03387747937511e-05
6.03387747937511e-05
6.03387747937511e-05
6.03387747937511e-05
6.03387747937511e-05
6.03387747937511e-05
6.03387747937511e-05
6.03387747937511e-05
6.03387747937511e-05
6.03387747937511e-05
6.03387747937511e-05
6.03387747937511e-05
6.03387747937511e-05
6.03387747937511e-05
6.03387747937511e-05
6.03387747937511e-05
6.03387747937511e-05
6.03387747937511e-05
6.03387747937511e-05
6.03387747937511e-05
6.03387747937511e-05
6.03387747937511e-05
6.03387747937511e-05
6.03387747937511e-05
6.03387747937511e-05
6.03387747937511e-05
6.03387747937511e-05
6.03387747937511e-05
6.03387747937511e-05
0.000115229777268017
0.000115229777268017
0.000115229777268017
6.03281853281853e-05
6.04846060391835e-05
6.05193661971831e-05
6.05193661971831e-05
6.04130052724077e-05
6.03281853281853e-05
6.03281853281853e-05
6.03281853281853e-05
6.03281853281853e-05
6.03281853281853e-05
6.03281853281853e-05
6.03281853281853e-05
6.03281853281853e-05
6.03281853281853e-05
6.03281853281853e-05
6.03281853281853e-05
6.03281853281853e-05
