6.58241179568194e-05
6.58241179568194e-05
6.58241179568194e-05
6.58241179568194e-05
6.58241179568194e-05
6.58241179568194e-05
6.58241179568194e-05
6.58241179568194e-05
6.58241179568194e-05
6.58241179568194e-05
6.58241179568194e-05
6.58241179568194e-05
6.58241179568194e-05
6.58241179568194e-05
6.58241179568194e-05
6.58241179568194e-05
6.58587987355111e-05
6.58241179568194e-05
6.58241179568194e-05
6.58241179568194e-05
6.58241179568194e-05
6.58241179568194e-05
6.58241179568194e-05
6.58241179568194e-05
6.58241179568194e-05
6.58241179568194e-05
6.58241179568194e-05
6.58241179568194e-05
6.58241179568194e-05
6.58241179568194e-05
6.58241179568194e-05
6.58241179568194e-05
6.58241179568194e-05
6.58241179568194e-05
6.58241179568194e-05
6.58241179568194e-05
6.58241179568194e-05
6.58241179568194e-05
6.58241179568194e-05
6.58241179568194e-05
6.58241179568194e-05
6.58241179568194e-05
6.58241179568194e-05
6.58241179568194e-05
6.58241179568194e-05
6.58241179568194e-05
6.58241179568194e-05
6.58241179568194e-05
6.58241179568194e-05
6.58241179568194e-05
6.58241179568194e-05
6.58241179568194e-05
6.58241179568194e-05
6.58241179568194e-05
6.58241179568194e-05
6.58241179568194e-05
6.58241179568194e-05
6.58241179568194e-05
6.58241179568194e-05
6.58241179568194e-05
6.58241179568194e-05
6.58241179568194e-05
6.58241179568194e-05
6.58241179568194e-05
6.58241179568194e-05
6.58241179568194e-05
6.58241179568194e-05
6.58241179568194e-05
6.58241179568194e-05
6.58241179568194e-05
6.58241179568194e-05
6.58241179568194e-05
6.58241179568194e-05
6.58241179568194e-05
6.58241179568194e-05
6.58241179568194e-05
6.58530186057291e-05
6.58530186057291e-05
6.58530186057291e-05
6.58144911699414e-05
6.60230643413218e-05
6.60230643413218e-05
6.60230643413218e-05
6.59070274364767e-05
6.58144911699414e-05
6.58144911699414e-05
6.58144911699414e-05
6.58144911699414e-05
6.58144911699414e-05
6.58144911699414e-05
6.58144911699414e-05
6.58144911699414e-05
6.58144911699414e-05
6.58144911699414e-05
6.58144911699414e-05
6.58144911699414e-05