0.00241371335296277
0.00241371335296277
0.00241371335296277
0.00241371335296277
0.00241371335296277
0.00241371335296277
0.00241371335296277
0.00241371335296277
0.00241371335296277
0.00239727080807484
0.00239727080807484
0.00239833382959958
0.00240277736569723
0.00240274266663663
0.00242466091470856
0.00242466091470856
0.00193463257060763
0.00241645168538575
0.00241645168538575
0.00242466091470856
0.00242466091470856
0.00242466091470856
0.00242466091470856
0.00242466091470856
0.00242466091470856
0.00242466091470856
0.00242466091470856
0.00242466091470856
0.00242466091470856
0.00242466091470856
0.00242466091470856
0.00240274266663663
0.00240274266663663
0.00240274266663663
0.00240274266663663
0.00240274266663663
0.00240274266663663
0.00240274266663663
0.00240274266663663
0.00240274266663663
0.00240274266663663
0.00240274266663663
0.00240274266663663
0.00240274266663663
0.00240274266663663
0.00240274266663663
0.00240274266663663
0.00240274266663663
0.00240274266663663
0.00240274266663663
0.00240274266663663
0.00240274266663663
0.00240274266663663
0.00240274266663663
0.00240274266663663
0.00240274266663663
0.00240274266663663
0.00240274266663663
0.00240274266663663
0.00240274266663663
0.00240274266663663
0.00240274266663663
0.00240274266663663
0.00240274266663663
0.00240274266663663
0.00240274266663663
0.00240274266663663
0.00240274266663663
0.00240274266663663
0.00240274266663663
0.00240274266663663
0.00240274266663663
0.00240274651847805
0.00240274266663663
0.00240278891579733
0.00240278891579733
0.0024039450927338
0.00240395376825848
0.00240395376825848
0.00240233254324328
0.0024094650325108
0.00240992285231052
0.00240992285231052
0.00240568721974041
0.00240230941866293
0.00240230941866293
0.00239897929856343
0.00239897929856343
0.00239897929856343
0.00239897929856343
0.00239897929856343
0.00239897929856343
0.00239895601890822
0.00239895601890822
0.00239895601890822
0.00239895601890822