0.0183491511207508
0.0183491511207508
0.0183491511207508
0.0183491511207508
0.0183491511207508
0.0183491511207508
0.0183491511207508
0.0183491511207508
0.0183491511207508
0.0183383422279964
0.0185412825846406
0.0185058971105038
0.0186015250936357
0.0185905120000556
0.0183491511207508
0.0183491511207508
0.0183560052953358
0.0183491569008805
0.0183491569008805
0.0183491511207508
0.0183491511207508
0.0183491511207508
0.0181736201395326
0.0181736201395326
0.0181736201395326
0.0181516787668803
0.0181516787668803
0.0181626494532064
0.0181516787668803
0.0181516787668803
0.0189955073901323
0.0197607127613803
0.0197607127613803
0.0193904520978732
0.0191161849397198
0.0183464084491692
0.0183464084491692
0.018324467076517
0.018324467076517
0.0184639963572033
0.0184639963572033
0.0184639963572033
0.0184639963572033
0.0182147602132556
0.0182147602132556
0.0182147602132556
0.0182147602132556
0.0183134963901908
0.0183354377628431
0.0172798561739244
0.0134814861995047
0.0134814861995047
0.0134814861995047
0.0175084121390522
0.0175084121390522
0.0178344430872829
0.0180922542159471
0.0180812835296209
0.0180812835296209
0.0180812835296209
0.0184286885966153
0.0184286885966153
0.0184286885966153
0.0184286885966153
0.0184286885966153
0.0184286885966153
0.0183628644786584
0.0183628644786584
0.0183628644786584
0.0183628644786584
0.0183628644786584
0.018165392124788
0.0186563369716095
0.0186590730094641
0.0186488750695312
0.0186488750695312
0.0186485218712372
0.0181741956984436
0.0185857000305143
0.0192599781068308
0.0180931470803532
0.0182694727813214
0.0182914720691555
0.0185206159098967
0.0186980250491981
0.0181749738688345
0.0181760509990269
0.0181760509990269
0.018325957399609
0.0193345712061619
0.0196413678180556
0.0199229012762958
0.0193109028639749
0.0193109028639749
0.0193109028639749
0.0193109028639749
