0.00421274354923644
0.00421274354923644
0.00421274354923644
0.00421274354923644
0.00421274354923644
0.00421274354923644
0.00421274354923644
0.00421274354923644
0.00421274354923644
0.00421275510543692
0.00421274354923644
0.00421465752931083
0.00421274354923644
0.00421274354923644
0.00421274354923644
0.00421274354923644
0.00421477815085989
0.00421274354923644
0.00421274354923644
0.00421274354923644
0.00421274354923644
0.00421274354923644
0.00421274354923644
0.00421274354923644
0.00421274354923644
0.00421274354923644
0.00421274354923644
0.00421274354923644
0.00421274354923644
0.00421274354923644
0.00421274354923644
0.00421274354923644
0.00421274354923644
0.00421274354923644
0.00421274354923644
0.00421274354923644
0.00421274354923644
0.00421274354923644
0.00421274354923644
0.00421274354923644
0.00421274354923644
0.00421274354923644
0.00421274354923644
0.00421274354923644
0.00421274354923644
0.00421274354923644
0.00421274354923644
0.00421274354923644
0.00421274354923644
0.00421274354923644
0.00421274354923644
0.00421274354923644
0.00421274354923644
0.00421274354923644
0.00421274354923644
0.00421274354923644
0.00421274354923644
0.00421274354923644
0.00421274354923644
0.00421274354923644
0.00421274354923644
0.00421274354923644
0.00421274354923644
0.00421274354923644
0.00421274354923644
0.00421274354923644
0.00421274354923644
0.00421274354923644
0.00421274354923644
0.00421274354923644
0.00421274354923644
0.00421274354923644
0.00421274354923644
0.00421274354923644
0.00421274354923644
0.00421274354923644
0.00421478390307936
0.00421481858385805
0.00421481858385805
0.00421194070814861
0.00422404813548008
0.00422528820576295
0.0042252765802784
0.0042178625037716
0.00421192915600435
0.00421192915600435
0.004211906063876
0.004211906063876
0.004211906063876
0.004211906063876
0.004211906063876
0.004211906063876
0.004211906063876
0.004211906063876
0.004211906063876
0.004211906063876