0.00634368620830476
0.00634368620830476
0.00634368620830476
0.00634368620830476
0.00634368620830476
0.00634368620830476
0.00634368620830476
0.00634368620830476
0.00634368620830476
0.0063437579740206
0.00617914999305785
0.00616561345014905
0.0061792574616405
0.00620110341187612
0.00633272323017207
0.00642048872078116
0.00642344917076769
0.0064205248465923
0.0064205248465923
0.00642048872078116
0.00642048872078116
0.00642048872078116
0.00642048872078116
0.00642048872078116
0.00642048872078116
0.00631809564840389
0.00631809564840389
0.00631809564840389
0.00631809564840389
0.00631809564840389
0.00632083831998542
0.00631535297682236
0.00631535297682236
0.00629889694733315
0.00632083831998542
0.00631809564840389
0.00637294908003457
0.00631809564840389
0.00631809564840389
0.00631809564840389
0.00631809564840389
0.00631809564840389
0.00631809564840389
0.00631809564840389
0.00631809564840389
0.00631809564840389
0.00631809564840389
0.00631809564840389
0.00631809564840389
0.00636197839370844
0.00642871673552577
0.00642871673552577
0.00642871673552577
0.00631809564840389
0.00631809564840389
0.00631809564840389
0.00631809564840389
0.00631809564840389
0.00631809564840389
0.00631809564840389
0.00631809564840389
0.00631809564840389
0.00631809564840389
0.00631809564840389
0.00631809564840389
0.00631809564840389
0.00631809564840389
0.00631809564840389
0.00631809564840389
0.00631809564840389
0.00626324221677321
0.00629066893258855
0.00636198256653664
0.00636197839370844
0.00636207667317491
0.00636207667317491
0.00636462985987037
0.00636469345246633
0.00632078758664265
0.00631722788646187
0.0063346819513913
0.0063371366293568
0.00633708816423556
0.0063260710252562
0.00631706790756567
0.00631706790756567
0.00632706894132603
0.00631061579987289
0.00631061579987289
0.00631061579987289
0.00631061579987289
0.00631061579987289
0.0062886375079596
0.0062886375079596
0.0062886375079596
0.0062886375079596
