0.00140424784974548
0.00140424784974548
0.00140424784974548
0.00140424784974548
0.00140424784974548
0.00140424784974548
0.00140424784974548
0.00140424784974548
0.00140424784974548
0.00140427096755832
0.00140425940729875
0.00140494367479763
0.00140427482639194
0.00140425941000504
0.00140424784974548
0.00140424784974548
0.00140498385158445
0.00140425941000504
0.00140425941000504
0.00140424784974548
0.00140424784974548
0.00140424784974548
0.00140424784974548
0.00140424784974548
0.00140424784974548
0.00140424784974548
0.00140424784974548
0.00140424784974548
0.00140424784974548
0.00140424784974548
0.00140424784974548
0.00140424784974548
0.00140424784974548
0.00140424784974548
0.00140424784974548
0.00140424784974548
0.00140424784974548
0.00140424784974548
0.00140424784974548
0.00140424784974548
0.00140424784974548
0.00140424784974548
0.00140424784974548
0.00140424784974548
0.00140424784974548
0.00140424784974548
0.00140424784974548
0.00140424784974548
0.00140424784974548
0.00140424784974548
0.00140424784974548
0.00140424784974548
0.00140424784974548
0.00140424784974548
0.00140424784974548
0.00140424784974548
0.00140424784974548
0.00140424784974548
0.00140424784974548
0.00140424784974548
0.00140424784974548
0.00140424784974548
0.00140424784974548
0.00140424784974548
0.00140424784974548
0.00140424784974548
0.00140424784974548
0.00140424784974548
0.00140424784974548
0.00140424784974548
0.00140424784974548
0.00140424784974548
0.00140425041763976
0.00140424784974548
0.00140427868251928
0.00140427868251928
0.00140496650459772
0.00140497421549817
0.00140497421549817
0.0014040437791079
0.00140837529667134
0.0014084817147335
0.0014084662058947
0.00140600629700877
0.00140401680787402
0.00140401680787402
0.00140401488302345
0.00140401488302345
0.00140401488302345
0.00140401488302345
0.00140401488302345
0.00140401488302345
0.00140401488302345
0.00140401488302345
0.00140401488302345
0.00140401488302345