0.00070212392487274
0.00070212392487274
0.00070212392487274
0.00070212392487274
0.00070212392487274
0.00070212392487274
0.00070212392487274
0.00070212392487274
0.00070212392487274
0.00070212392487274
0.00070212392487274
0.00070245159653331
0.00070212392487274
0.00070212392487274
0.00070212392487274
0.00070212392487274
0.000702457245013534
0.00070212392487274
0.00070212392487274
0.00070212392487274
0.00070212392487274
0.00070212392487274
0.00070212392487274
0.00070212392487274
0.00070212392487274
0.00070212392487274
0.00070212392487274
0.00070212392487274
0.00070212392487274
0.00070212392487274
0.00070212392487274
0.00070212392487274
0.00070212392487274
0.00070212392487274
0.00070212392487274
0.00070212392487274
0.00070212392487274
0.00070212392487274
0.00070212392487274
0.00070212392487274
0.00070212392487274
0.00070212392487274
0.00070212392487274
0.00070212392487274
0.00070212392487274
0.00070212392487274
0.00070212392487274
0.00070212392487274
0.00070212392487274
0.00070212392487274
0.00070212392487274
0.00070212392487274
0.00070212392487274
0.00070212392487274
0.00070212392487274
0.00070212392487274
0.00070212392487274
0.00070212392487274
0.00070212392487274
0.00070212392487274
0.00070212392487274
0.00070212392487274
0.00070212392487274
0.00070212392487274
0.00070212392487274
0.00070212392487274
0.00070212392487274
0.00070212392487274
0.00070212392487274
0.00070212392487274
0.00070212392487274
0.00070212392487274
0.00070212392487274
0.00070212392487274
0.00070212392487274
0.00070212392487274
0.000702459167494674
0.000702464947624456
0.000702464947624456
0.000701989155092677
0.000704001285627415
0.000704213731914292
0.000704213731914292
0.000702976118319625
0.000701989155092677
0.000701989155092677
0.000701985306404618
0.000701985306404618
0.000701985306404618
0.000701985306404618
0.000701985306404618
0.000701985306404618
0.000701985306404618
0.000701985306404618
0.000701985306404618
0.000701985306404618
