0.00140424784974548
0.00140424784974548
0.00140424784974548
0.00140424784974548
0.00140424784974548
0.00140424784974548
0.00140424784974548
0.00140424784974548
0.00140424784974548
0.00140425170181231
0.00140424784974548
0.00140493595847746
0.00140424784974548
0.00140424784974548
0.00140424784974548
0.00140424784974548
0.00140498385158445
0.00140424784974548
0.00140424784974548
0.00140424784974548
0.00140424784974548
0.00140424784974548
0.00140424784974548
0.00140424784974548
0.00140424784974548
0.00140424784974548
0.00140424784974548
0.00140424784974548
0.00140424784974548
0.00140424784974548
0.00140424784974548
0.00140424784974548
0.00140424784974548
0.00140424784974548
0.00140424784974548
0.00140424784974548
0.00140424784974548
0.00140424784974548
0.00140424784974548
0.00140424784974548
0.00140424784974548
0.00140424784974548
0.00140424784974548
0.00140424784974548
0.00140424784974548
0.00140424784974548
0.00140424784974548
0.00140424784974548
0.00140424784974548
0.00140424784974548
0.00140424784974548
0.00140424784974548
0.00140424784974548
0.00140424784974548
0.00140424784974548
0.00140424784974548
0.00140424784974548
0.00140424784974548
0.00140424784974548
0.00140424784974548
0.00140424784974548
0.00140424784974548
0.00140424784974548
0.00140424784974548
0.00140424784974548
0.00140424784974548
0.00140424784974548
0.00140424784974548
0.00140424784974548
0.00140424784974548
0.00140424784974548
0.00140424784974548
0.00140424784974548
0.00140424784974548
0.00140424784974548
0.00140424784974548
0.00140496650459772
0.00140497035937084
0.00140497035937084
0.00140401295715927
0.0014083675463483
0.00140846233073318
0.00140845845557167
0.00140598698110248
0.00140400910644452
0.00140400910644452
0.00140400718159395
0.00140400718159395
0.00140400718159395
0.00140400718159395
0.00140400718159395
0.00140400718159395
0.00140400718159395
0.00140400718159395
0.00140400718159395
0.00140400718159395