0.00070212392487274
0.00070212392487274
0.00070212392487274
0.00070212392487274
0.00070212392487274
0.00070212392487274
0.00070212392487274
0.00070212392487274
0.00070212392487274
0.000702125850906154
0.00070212392487274
0.000702467979238729
0.00070212392487274
0.00070212392487274
0.00070212392487274
0.00070212392487274
0.000702491925792225
0.00070212392487274
0.00070212392487274
0.00070212392487274
0.00070212392487274
0.00070212392487274
0.00070212392487274
0.00070212392487274
0.00070212392487274
0.00070212392487274
0.00070212392487274
0.00070212392487274
0.00070212392487274
0.00070212392487274
0.00070212392487274
0.00070212392487274
0.00070212392487274
0.00070212392487274
0.00070212392487274
0.00070212392487274
0.00070212392487274
0.00070212392487274
0.00070212392487274
0.00070212392487274
0.00070212392487274
0.00070212392487274
0.00070212392487274
0.00070212392487274
0.00070212392487274
0.00070212392487274
0.00070212392487274
0.00070212392487274
0.00070212392487274
0.00070212392487274
0.00070212392487274
0.00070212392487274
0.00070212392487274
0.00070212392487274
0.00070212392487274
0.00070212392487274
0.00070212392487274
0.00070212392487274
0.00070212392487274
0.00070212392487274
0.00070212392487274
0.00070212392487274
0.00070212392487274
0.00070212392487274
0.00070212392487274
0.00070212392487274
0.00070212392487274
0.00070212392487274
0.00070212392487274
0.00070212392487274
0.00070212392487274
0.00070212392487274
0.00070212392487274
0.00070212392487274
0.00070212392487274
0.00070212392487274
0.000702459167494674
0.000702464947624456
0.000702464947624456
0.000701989155092677
0.000704001285627415
0.000704213731914292
0.000704213731914292
0.000702976118319625
0.000701989155092677
0.000701989155092677
0.000701985306404618
0.000701985306404618
0.000701985306404618
0.000701985306404618
0.000701985306404618
0.000701985306404618
0.000701985306404618
0.000701985306404618
0.000701985306404618
0.000701985306404618
