0.0260061919504644
0.0260061919504644
0.0260061919504644
0.0260061919504644
0.0260061919504644
0.0260061919504644
0.0260061919504644
0.0260061919504644
0.0260061919504644
0.0260061919504644
0.0260061919504644
0.0260061919504644
0.0260061919504644
0.0260061919504644
0.0260061919504644
0.0260061919504644
0.0260061919504644
0.0260061919504644
0.0260061919504644
0.0260061919504644
0.0260061919504644
0.0260061919504644
0.0260061919504644
0.0260061919504644
0.0260061919504644
0.0260061919504644
0.0260061919504644
0.0260061919504644
0.0260061919504644
0.0260061919504644
0.0260061919504644
0.0260061919504644
0.0260061919504644
0.0260061919504644
0.0260061919504644
0.0260061919504644
0.0260061919504644
0.0260061919504644
0.0175438596491228
0.0175438596491228
0.0175438596491228
0.0175438596491228
0.0175438596491228
0.0233446519524618
0.0233446519524618
0.0233446519524618
0.0233446519524618
0.0233446519524618
0.0233446519524618
0.0233446519524618
0.0233446519524618
0.0233446519524618
0.0233446519524618
0.0233446519524618
0.0233446519524618
0.0233446519524618
0.0233446519524618
0.0175438596491228
0.0175438596491228
0.0175438596491228
0.0175438596491228
0.0175438596491228
0.0219567323216015
0.0219567323216015
0.0178710178710179
0.0178710178710179
0.0178710178710179
0.0178710178710179
0.0178710178710179
0.0178710178710179
0.0178710178710179
0.0178710178710179
0.0178710178710179
0.0178710178710179
0.0178710178710179
0.0178710178710179
0.0178710178710179
0.0178710178710179
0.0178710178710179
0.0178443968593862
0.0178443968593862
0.0178443968593862
0.0178443968593862
0.0178443968593862
0.0178443968593862
0.0178443968593862
0.0178443968593862
0.0178443968593862
0.0178443968593862
0.0178443968593862
0.0178443968593862
0.0178443968593862
0.0178443968593862
0.0178443968593862
0.0178443968593862
0.0178443968593862