0.0879057082250116
0.0879057082250116
0.0879057082250116
0.0879057082250116
0.0879057082250116
0.0879057082250116
0.0879057082250116
0.0879057082250116
0.0879057082250116
0.0879057082250116
0.0879057082250116
0.0879057082250116
0.087931226973317
0.087931226973317
0.087931226973317
0.087931226973317
0.087931226973317
0.087931226973317
0.087931226973317
0.087931226973317
0.087931226973317
0.087931226973317
0.087931226973317
0.087931226973317
0.087931226973317
0.087931226973317
0.087931226973317
0.087931226973317
0.087931226973317
0.087931226973317
0.087931226973317
0.087931226973317
0.087931226973317
0.087931226973317
0.087931226973317
0.087931226973317
0.087931226973317
0.087931226973317
0.087931226973317
0.087931226973317
0.087931226973317
0.087931226973317
0.087931226973317
0.087931226973317
0.087931226973317
0.087931226973317
0.087931226973317
0.087931226973317
0.0876976978235259
0.087926538136947
0.087926538136947
0.087926538136947
0.087926538136947
0.087926538136947
0.0877223881505038
0.0877223881505038
0.0877223881505038
0.0877223881505038
0.0877223881505038
0.0877223881505038
0.0877223881505038
0.0877223881505038
0.0877223881505038
0.0877223881505038
0.0877223881505038
0.0877223881505038
0.0877223881505038
0.0877223881505038
0.0877223881505038
0.0877223881505038
0.0877223881505038
0.0877223881505038
0.0877223881505038
0.0877223881505038
0.0877223881505038
0.0877223881505038
0.0877223881505038
0.0877223881505038
0.0877223881505038
0.0877223881505038
0.0877223881505038
0.0877223881505038
0.0877223881505038
0.0877223881505038
0.0877223881505038
0.0877223881505038
0.0877223881505038
0.0877223881505038
0.0877223881505038
0.0877223881505038
0.0877223881505038
0.0877223881505038
0.0877223881505038
0.0877223881505038
0.0877223881505038
0.0877223881505038