0.0603645991164133
0.0603645991164133
0.060377358490566
0.060377358490566
0.060377358490566
0.060377358490566
0.060377358490566
0.060377358490566
0.060377358490566
0.060377358490566
0.060377358490566
0.060377358490566
0.060377358490566
0.060377358490566
0.060377358490566
0.060377358490566
0.060377358490566
0.060377358490566
0.060377358490566
0.060377358490566
0.060377358490566
0.060377358490566
0.060377358490566
0.060377358490566
0.060377358490566
0.060377358490566
0.060377358490566
0.060377358490566
0.060377358490566
0.060377358490566
0.060377358490566
0.060377358490566
0.060377358490566
0.060377358490566
0.060377358490566
0.060377358490566
0.060377358490566
0.060377358490566
0.060377358490566
0.060377358490566
0.060377358490566
0.060377358490566
0.060377358490566
0.060377358490566
0.060377358490566
0.060377358490566
0.060377358490566
0.060377358490566
0.0585501453550761
0.0604187985028469
0.0604123216091004
0.0603864009074538
0.0603864009074538
0.0603864009074538
0.0603840805418299
0.0603840805418299
0.0603840805418299
0.0603749505206964
0.0603749505206964
0.0603749505206964
0.0603749505206964
0.0603736415333011
0.0603736415333011
0.0603736415333011
0.0603736415333011
0.0603736415333011
0.0603736415333011
0.0603736415333011
0.0603736415333011
0.0603736415333011
0.0603736415333011
0.0603736415333011
0.0603736415333011
0.0603736415333011
0.0603736415333011
0.0603736415333011
0.0603736415333011
0.0603736415333011
0.0603736415333011
0.0603736415333011
0.0603736415333011
0.0603736415333011
0.0603736415333011
0.0603736415333011
0.0603736415333011
0.0603736415333011
0.0603736415333011
0.0603736415333011
0.0603736415333011
0.0603736415333011
0.0603736415333011
0.0603736415333011
0.0603736415333011
0.0603736415333011
0.0603736415333011
0.0603736415333011