0.0340377571146802
0.0340377571146802
0.0340377571146802
0.0340377571146802
0.0340377571146802
0.0340377571146802
0.0340377571146802
0.0340377571146802
0.0340377571146802
0.0340377571146802
0.0340377571146802
0.0340377571146802
0.0340377571146802
0.0340377571146802
0.0340377571146802
0.0340377571146802
0.0340377571146802
0.0340377571146802
0.0340377571146802
0.0340377571146802
0.0340377571146802
0.0340377571146802
0.0340377571146802
0.0340377571146802
0.0340377571146802
0.0340377571146802
0.0340377571146802
0.0340377571146802
0.0340377571146802
0.0340377571146802
0.0340377571146802
0.0340377571146802
0.0340377571146802
0.0340377571146802
0.0340377571146802
0.0340377571146802
0.0340377571146802
0.0340377571146802
0.0340377571146802
0.0340377571146802
0.0340377571146802
0.0340377571146802
0.0340377571146802
0.0340377571146802
0.0340377571146802
0.0340377571146802
0.0340377571146802
0.0334253071553507
0.0335481736036011
0.0335625883032533
0.033558668078091
0.0334235952850279
0.0334235952850279
0.0334235952850279
0.0334992585904279
0.0334992585904279
0.0334992585904279
0.0334937805777478
0.0334937805777478
0.0334937805777478
0.0334937805777478
0.0334884437339066
0.0334884437339066
0.0334884437339066
0.0334884437339066
0.0334884437339066
0.0334884437339066
0.0334884437339066
0.0334884437339066
0.0334884437339066
0.033476924515154
0.033476924515154
0.033476924515154
0.033476924515154
0.033476924515154
0.033476924515154
0.033476924515154
0.033476924515154
0.033476924515154
0.033476924515154
0.033476924515154
0.033476924515154
0.033476924515154
0.033476924515154
0.033476924515154
0.033476924515154
0.0334613867684164
0.0334568474967162
0.0334568474967162
0.0334568474967162
0.0334568474967162
0.0334568474967162
0.0334568474967162
0.0334565673734313
0.0334565673734313
0.0334565673734313