0.000662180881661697
0.000662180881661697
0.000662180881661697
0.000662180881661697
0.000662180881661697
0.000662180881661697
0.000662180881661697
0.000662180881661697
0.000662180881661697
0.000662180881661697
0.000662180881661697
0.000662180881661697
0.000662180881661697
0.000662180881661697
0.000662180881661697
0.000662180881661697
0.000662180881661697
0.000662180881661697
0.000662180881661697
0.000662180881661697
0.000662180881661697
0.000662180881661697
0.000662180881661697
0.000662180881661697
0.000662152941032385
0.000662151675985983
0.000662151675985983
0.000662151675985983
0.000662151675985983
0.000662151675985983
0.000662156771747573
0.000662116255413078
0.000662116255413078
0.000662111159651488
0.000662111159651488
0.000662111159651488
0.000662111159651488
0.000662111159651488
0.00066210863085285
0.00066210863085285
0.000662109895036548
0.000662109895036548
0.000662109895036548
0.000662109895036548
0.000662063285244452
0.000662022768909958
0.000661985215254059
0.000661981440979949
0.000661781199016226
0.000661781199016226
0.000661742777186195
0.000661742777186195
0.00066162467633102
0.00066162467633102
0.000661548298753041
0.000661548298753041
0.000661473515488496
0.000661400277133225
0.000661328536303429
0.000661328536303429
0.000661101904283216
0.000661033023929407
0.000660999098745802
0.000660999098745802
0.000660999098745802
0.000660999098745802
0.000660999098745802
0.000660999098745802
0.000660999098745802
0.000660999098745802
0.000660965510079827
0.000660932252949111
0.00066085532581143
0.00066085532581143
0.000660717849641255
0.00066070778941612
0.00066070778941612
0.00066070778941612
0.000660581704484837
0.000660581704484837
0.000660520449401565
0.000660520449401565
0.000660520449401565
0.000660490253994555
0.000660490253994555
0.000660490253994555
0.000660490253994555
0.000660490253994555
0.000660460341282988
0.000660430707315385
0.000660430707315385
0.000660430707315385
0.000660430707315385
0.000660430707315385
0.000660401348213568
0.000660401348213568
