0.000684501590276989
0.000684501590276989
0.000684501590276989
0.000684501590276989
0.000684501590276989
0.000684501590276989
0.000684501590276989
0.000684501590276989
0.000684501590276989
0.000684501590276989
0.000684501590276989
0.000684501590276989
0.000684501590276989
0.000684501590276989
0.000684501590276989
0.000684501590276989
0.000684501590276989
0.000684501590276989
0.000684501590276989
0.000684501590276989
0.000684501590276989
0.000684501590276989
0.000684501590276989
0.000684501590276989
0.000684496494515399
0.000684496494515399
0.000684496494515399
0.000684496494515399
0.000684496494515399
0.000684496494515399
0.000684501590276989
0.000684501590276989
0.000684501590276989
0.000684496494515399
0.000684496494515399
0.000684496494515399
0.000684496494515399
0.000684496494515399
0.000684496494515399
0.000684496494515399
0.000684496494515399
0.000684496494515399
0.000684496494515399
0.000684496494515399
0.000684491398753809
0.000684491398753809
0.000684491398753809
0.000684491398753809
0.000684491398753809
0.000684491398753809
0.000684491398753809
0.000684491398753809
0.000684491398753809
0.000684491398753809
0.000684491398753809
0.000684491398753809
0.000684491398753809
0.000684491398753809
0.000684491398753809
0.000684491398753809
0.000684491398753809
0.000684491398753809
0.000684491398753809
0.000684491398753809
0.000684491398753809
0.000684491398753809
0.000684491398753809
0.000684491398753809
0.000684491398753809
0.000684491398753809
0.000684491398753809
0.000684491398753809
0.000684491398753809
0.000684491398753809
0.000684491398753809
0.000684491398753809
0.000684491398753809
0.000684491398753809
0.000684491398753809
0.000684491398753809
0.000684491398753809
0.000684491398753809
0.000684491398753809
0.000684491398753809
0.000684491398753809
0.000684491398753809
0.000684491398753809
0.000684491398753809
0.000684491398753809
0.000684491398753809
0.000684491398753809
0.000684491398753809
0.000684491398753809
0.000684491398753809
0.000684491398753809
0.000684491398753809
