0.00136902356360034
0.00136902356360034
0.00136902356360034
0.00136902356360034
0.00136902356360034
0.00136902356360034
0.00136902356360034
0.00136902356360034
0.00136902356360034
0.00136902356360034
0.00136902356360034
0.00136902356360034
0.00136902356360034
0.00136902356360034
0.00136902356360034
0.00136902356360034
0.00136902356360034
0.00136902356360034
0.00136902356360034
0.00136902356360034
0.00136902356360034
0.00136902356360034
0.00136902356360034
0.00136902356360034
0.00136901337207716
0.00136901337207716
0.00136901337207716
0.00136901337207716
0.00136901337207716
0.00136901337207716
0.00136902356360034
0.00136902356360034
0.00136902356360034
0.00136901337207716
0.00136901337207716
0.00136901337207716
0.00136901337207716
0.00136901337207716
0.00136901337207716
0.00136901337207716
0.00136901337207716
0.00136901337207716
0.00136901337207716
0.00136901337207716
0.00136901337207716
0.00136901337207716
0.00136901337207716
0.00136901337207716
0.00136901337207716
0.00136901337207716
0.00136901337207716
0.00136901337207716
0.00136901337207716
0.00136901337207716
0.00136901337207716
0.00136901337207716
0.00136901337207716
0.00136901337207716
0.00136901337207716
0.00136901337207716
0.00136901337207716
0.00136901337207716
0.00136901337207716
0.00136901337207716
0.00136901337207716
0.00136901337207716
0.00136901337207716
0.00136901337207716
0.00136901337207716
0.00136901337207716
0.00136901337207716
0.00136901337207716
0.00136901337207716
0.00136901337207716
0.00136901337207716
0.00136901337207716
0.00136901337207716
0.00136901337207716
0.00136901337207716
0.00136901337207716
0.00136901337207716
0.00136901337207716
0.00136901337207716
0.00136901337207716
0.00136901337207716
0.00136901337207716
0.00136901337207716
0.00136901337207716
0.00136901337207716
0.00136901337207716
0.00136901337207716
0.00136901337207716
0.00136901337207716
0.00136901337207716
0.00136901337207716
0.00136901337207716
