0.000636950640075267
0.000636983528121988
0.000636983528121988
0.000636983528121988
0.000636983528121988
0.000636983528121988
0.000636983528121988
0.000636993145641902
0.000636941955081011
0.000636941955081011
0.000636945147086349
0.000636945147086349
0.000636945147086349
0.000636945147086349
0.000636934934596555
0.000636945147086349
0.000636945147086349
0.000636948340076744
0.000636948340076744
0.000636948340076744
0.000636948340076744
0.000636948340076744
0.000636948340076744
0.000636172895711582
0.000636948340076744
0.000636948340076744
0.000636948340076744
0.000636948340076744
0.000636961121898476
0.000636961121898476
0.000636967492691353
0.000636886460022364
0.000636886460022364
0.000636877530410589
0.000636876892294073
0.000636876892294073
0.000636876892294073
0.000636876892294073
0.000636876892294073
0.000636876892294073
0.000636876892294073
0.000636876892294073
0.000636928162024623
0.000636928162024623
0.000636915320796781
0.000636834288127792
0.000636754133266998
0.000636741307923216
0.000634694255045114
0.000634694255045114
0.000634618168654222
0.000634618168654222
0.000634422044374269
0.000634422044374269
0.00063426928921831
0.00063426928921831
0.000635098613903547
0.000626528338295534
0.000626384856635942
0.000635836300862695
0.000635695723322716
0.000635557962615097
0.000635490112247886
0.000635531865663196
0.000635535084434009
0.000635535084434009
0.000635535084434009
0.000635502196387288
0.000635535084434009
0.000635535084434009
0.00063546790710206
0.000635401392840629
0.000635401392840629
0.00071724441973932
0.000716951327381524
0.000716931206931253
0.000716931206931253
0.000716931206931253
0.000716679037068688
0.000716679037068688
0.000716553326014033
0.000634710299115342
0.000634710299115342
0.000634649908301322
0.000634649908301322
0.000910394186240638
0.000917833998162192
0.000917833998162192
0.000917774172739059
0.000917714904803852
0.000917714904803852
0.000917714904803852
0.000917714904803852
0.000634530814942981
0.000641911908660902
0.000634472096739347
