0.000684506686038579
0.000684506686038579
0.000684506686038579
0.000684506686038579
0.000684506686038579
0.000684506686038579
0.000684506686038579
0.000684506686038579
0.000684506686038579
0.000684506686038579
0.000684506686038579
0.000684506686038579
0.000684506686038579
0.000684506686038579
0.000684506686038579
0.000684506686038579
0.000684506686038579
0.000684506686038579
0.000684506686038579
0.000684506686038579
0.000684506686038579
0.000684506686038579
0.000684506686038579
0.000684506686038579
0.000684501590276989
0.000684501590276989
0.000684501590276989
0.000684501590276989
0.000684501590276989
0.000684501590276989
0.000684506686038579
0.000684506686038579
0.000684506686038579
0.000684501590276989
0.000684501590276989
0.000684501590276989
0.000684501590276989
0.000684501590276989
0.000684501590276989
0.000684501590276989
0.000684501590276989
0.000684501590276989
0.000684501590276989
0.000684501590276989
0.000684496494515399
0.000684496494515399
0.000684496494515399
0.000684496494515399
0.000684495221664771
0.000684495221664771
0.000684495221664771
0.000684495221664771
0.000684495221664771
0.000684495221664771
0.000684495221664771
0.000684495221664771
0.000684495221664771
0.000684495221664771
0.000684495221664771
0.000684495221664771
0.000684495221664771
0.000684495221664771
0.000684495221664771
0.000684495221664771
0.000684495221664771
0.000684495221664771
0.000684495221664771
0.000684495221664771
0.000684495221664771
0.000684495221664771
0.000684495221664771
0.000684495221664771
0.000684495221664771
0.000684495221664771
0.000684495221664771
0.000684495221664771
0.000684495221664771
0.000684495221664771
0.000684495221664771
0.000684495221664771
0.000684495221664771
0.000684495221664771
0.000684495221664771
0.000684495221664771
0.000684495221664771
0.000684495221664771
0.000684495221664771
0.000684495221664771
0.000684495221664771
0.000684495221664771
0.000684495221664771
0.000684495221664771
0.000684495221664771
0.000684495221664771
0.000684495221664771
0.000684495221664771
