0.000955180353909307
0.000955180353909307
0.000955180353909307
0.000955180353909307
0.000955180353909307
0.000955180353909307
0.000955180353909307
0.000955184679468587
0.000955161652666928
0.000955161652666928
0.000955163088757766
0.000955163088757766
0.000955163088757766
0.000955163088757766
0.000955159259074093
0.000955163088757766
0.000955163088757766
0.000955164525258951
0.000955164525258951
0.000955164525258951
0.000955164525258951
0.000955164525258951
0.000955164525258951
0.000962732763588628
0.000955115629157654
0.000955113415326451
0.000955113415326451
0.000955113415326451
0.000955119165438461
0.000955119165438461
0.000955119165438461
0.00095508877818759
0.00095508877818759
0.000955087818630503
0.000955087340043116
0.000955087340043116
0.000955087340043116
0.000955087340043116
0.000955082914645499
0.000955082914645499
0.000955085126966971
0.000955085126966971
0.000955108186741295
0.000955108186741295
0.00095502084475216
0.000954990457501289
0.000954964816033863
0.000954952442815633
0.000954602019379119
0.000954602019379119
0.000954575868236467
0.000954575868236467
0.000954447215164688
0.000954447215164688
0.000954389931981204
0.000954389931981204
0.000954333844532795
0.000954278915766342
0.000954225110143995
0.000954225110143995
0.000953898792878612
0.000953847132613255
0.000953821688725551
0.000953840465085269
0.000953841912322525
0.000953841912322525
0.000953841912322525
0.000953841912322525
0.000953841912322525
0.000953841912322525
0.000953816720823044
0.000953791777975007
0.000953657155484064
0.000953657155484064
0.000953488415853994
0.000953480870685143
0.000953480870685143
0.000953480870685143
0.000953386306986681
0.000953386306986681
0.000953338925883416
0.000953338925883416
0.000953338925883416
0.000953316279328159
0.000953316279328159
0.000953316279328159
0.000953316279328159
0.000953316279328159
0.000953293844794484
0.000953271619318781
0.000953271619318781
0.000953271619318781
0.000953271619318781
0.000953271619318781
0.000953249599992418
0.000953249599992418
