1.85995298038866e-05
1.85995298038866e-05
1.85995298038866e-05
1.85995298038866e-05
1.85995298038866e-05
1.85995298038866e-05
1.85995298038866e-05
1.85995298038866e-05
1.85995298038866e-05
1.85995298038866e-05
1.85995298038866e-05
1.85995298038866e-05
1.85995298038866e-05
1.11597178823319e-05
1.11597178823319e-05
1.11597178823319e-05
1.11597178823319e-05
1.11597178823319e-05
1.11597178823319e-05
1.11597178823319e-05
1.11597178823319e-05
1.11597178823319e-05
1.11597178823319e-05
1.11597178823319e-05
1.11597178823319e-05
1.11597178823319e-05
1.11597178823319e-05
1.11597178823319e-05
1.11597178823319e-05
1.11597178823319e-05
1.11597178823319e-05
1.11597178823319e-05
1.11597178823319e-05
1.11597178823319e-05
1.11597178823319e-05
1.11597178823319e-05
1.11597178823319e-05
1.11597178823319e-05
1.11597178823319e-05
1.11597178823319e-05
1.11597178823319e-05
1.11597178823319e-05
1.11597178823319e-05
1.11597178823319e-05
1.11597178823319e-05
1.11597178823319e-05
1.11597178823319e-05
1.11597178823319e-05
1.11597178823319e-05
1.11597178823319e-05
1.11597178823319e-05
1.11597178823319e-05
1.11597178823319e-05
1.11597178823319e-05
1.11597178823319e-05
1.11597178823319e-05
1.11597178823319e-05
1.11597178823319e-05
1.11597178823319e-05
1.11597178823319e-05
1.11597178823319e-05
1.11597178823319e-05
1.11597178823319e-05
1.11597178823319e-05
1.11597178823319e-05
1.11597178823319e-05
1.11597178823319e-05
1.11597178823319e-05
1.11597178823319e-05
1.11597178823319e-05
1.11597178823319e-05
1.11597178823319e-05
1.11597178823319e-05
1.11597178823319e-05
1.11597178823319e-05
1.11597178823319e-05
1.11597178823319e-05
1.11597178823319e-05
1.11597178823319e-05
1.11597178823319e-05
1.11597178823319e-05
1.11597178823319e-05
1.11597178823319e-05
1.11597178823319e-05
1.11597178823319e-05
1.11597178823319e-05
1.11597178823319e-05
1.11597178823319e-05
1.11597178823319e-05
1.11597178823319e-05
1.11597178823319e-05
1.11597178823319e-05
1.11597178823319e-05
1.11597178823319e-05
1.11597178823319e-05
1.11597178823319e-05
