0.000513383836350127
0.000513383836350127
0.000513383836350127
0.000513383836350127
0.000513383836350127
0.000513383836350127
0.000513383836350127
0.000513383836350127
0.000513383836350127
0.000513383836350127
0.000513383836350127
0.000513383836350127
0.000513383836350127
0.000513383836350127
0.000513383836350127
0.000513383836350127
0.000513383836350127
0.000513383836350127
0.000513383836350127
0.000513383836350127
0.000513383836350127
0.000513383836350127
0.000513383836350127
0.000513383836350127
0.000513380014528934
0.000513380014528934
0.000513380014528934
0.000513380014528934
0.000513380014528934
0.000513380014528934
0.000513383836350127
0.000513383836350127
0.000513383836350127
0.000513380014528934
0.000513380014528934
0.000513380014528934
0.000513380014528934
0.000513380014528934
0.000513380014528934
0.000513380014528934
0.000513380014528934
0.000513380014528934
0.000513380014528934
0.000513380014528934
0.000513376192707742
0.000513376192707742
0.000513376192707742
0.000513376192707742
0.000513376192707742
0.000513376192707742
0.000513376192707742
0.000513376192707742
0.000513376192707742
0.000513376192707742
0.000513376192707742
0.000513376192707742
0.000513376192707742
0.000513376192707742
0.000513376192707742
0.000513376192707742
0.000513376192707742
0.000513376192707742
0.000513376192707742
0.000513376192707742
0.000513376192707742
0.000513376192707742
0.000513376192707742
0.000513376192707742
0.000513376192707742
0.000513376192707742
0.000513376192707742
0.000513376192707742
0.000513376192707742
0.000513376192707742
0.000513376192707742
0.000513376192707742
0.000513376192707742
0.000513376192707742
0.000513376192707742
0.000513376192707742
0.000513376192707742
0.000513376192707742
0.000513376192707742
0.000513376192707742
0.000513376192707742
0.000513376192707742
0.000513376192707742
0.000513376192707742
0.000513376192707742
0.000513376192707742
0.000513376192707742
0.000513376192707742
0.000513376192707742
0.000513376192707742
0.000513376192707742
0.000513376192707742
