8.18379311371009e-05
8.18379311371009e-05
8.18379311371009e-05
8.18379311371009e-05
8.18379311371009e-05
8.18379311371009e-05
8.18379311371009e-05
8.18379311371009e-05
8.18379311371009e-05
8.18379311371009e-05
8.18379311371009e-05
8.18379311371009e-05
8.18379311371009e-05
8.18379311371009e-05
8.18379311371009e-05
8.18379311371009e-05
8.18379311371009e-05
8.18379311371009e-05
8.18379311371009e-05
8.18379311371009e-05
8.18379311371009e-05
8.18379311371009e-05
8.18379311371009e-05
8.18379311371009e-05
8.18379311371009e-05
8.18379311371009e-05
8.18379311371009e-05
8.18379311371009e-05
8.18379311371009e-05
8.18379311371009e-05
8.18379311371009e-05
8.18379311371009e-05
8.18379311371009e-05
8.18379311371009e-05
8.18379311371009e-05
8.18379311371009e-05
8.18379311371009e-05
8.18379311371009e-05
8.18379311371009e-05
8.18379311371009e-05
8.18379311371009e-05
8.18379311371009e-05
8.18379311371009e-05
8.18379311371009e-05
8.18379311371009e-05
8.17974148026064e-05
8.17573373722093e-05
8.17573373722093e-05
8.17168210377148e-05
8.17168210377148e-05
8.16771754180156e-05
8.16771754180156e-05
8.15590745628407e-05
8.15590745628407e-05
8.14826969848612e-05
8.14826969848612e-05
8.14079137203163e-05
8.13346753650454e-05
8.12629345352497e-05
8.12629345352497e-05
8.11926457652602e-05
8.11237654114507e-05
8.10898402278455e-05
8.10898402278455e-05
8.10898402278455e-05
8.10898402278455e-05
8.10898402278455e-05
8.10898402278455e-05
8.10898402278455e-05
8.10898402278455e-05
8.10562515618706e-05
8.10229944311552e-05
8.10229944311552e-05
8.10229944311552e-05
8.08855182609806e-05
8.08855182609806e-05
8.08855182609806e-05
8.08855182609806e-05
8.0759433329698e-05
8.0759433329698e-05
8.06981782464258e-05
8.06981782464258e-05
8.06981782464258e-05
8.0667982839416e-05
8.0667982839416e-05
8.0667982839416e-05
8.0667982839416e-05
8.0667982839416e-05
8.06380701278491e-05
8.06084361602457e-05
8.06084361602457e-05
8.06084361602457e-05
8.06084361602457e-05
8.06084361602457e-05
8.05790770584287e-05
8.05790770584287e-05
