0.00504755776375262
0.00504756691003095
0.00504011795183106
0.00514058980916279
0.00514058980916279
0.00514058980916279
0.00514802962108434
0.00504762796622374
0.0050472542960143
0.0050472542960143
0.00504727759692628
0.00504727759692628
0.00504700467538765
0.00504700467538765
0.00504693191139786
0.00504700467538765
0.00504700467538765
0.00504702798341371
0.00504702798341371
0.00504702798341371
0.00504702798341371
0.00504702798341371
0.00504702798341371
0.00516051441584657
0.00504646394091143
0.00504645508558662
0.00504645508558662
0.00504645508558662
0.00504654838890046
0.00504654838890046
0.00504669810253307
0.00513740247059805
0.00513740247059805
0.0051373842390134
0.00513737913408127
0.00513737913408127
0.00513737913408127
0.00513737913408127
0.0051373614324908
0.00511504199672614
0.00511505084601203
0.00511505084601203
0.00511542508796805
0.00511542508796805
0.00496997333490766
0.00496948713889372
0.00496901496619605
0.00497726417225058
0.00498029639312003
0.00498029639312003
0.00496766283833016
0.00496766283833016
0.00496648609265045
0.00496648609265045
0.00496556956171469
0.00496556956171469
0.00496467216254015
0.0049786780218816
0.00497781713192405
0.00496665231828013
0.00496526632904035
0.00496443976479464
0.0049603127566306
0.00496061752698229
0.0049606410211868
0.0049606410211868
0.0049606410211868
0.0049606410211868
0.0049606410211868
0.0049606410211868
0.00496023795719511
0.00497463746280064
0.00495957190968469
0.00495957190968469
0.00492983897836307
0.00492976855678712
0.00495766785149295
0.00495766785149295
0.00495615483231756
0.00495615483231756
0.00495539640625571
0.00495539640625571
0.00495539640625571
0.0049550340613716
0.0049550340613716
0.0049550340613716
0.0049550340613716
0.0049550340613716
0.00495467510883279
0.00492456025353533
0.00492456025353533
0.00492456025353533
0.00486690171114328
0.00486690171114328
0.00491108712033155
0.00486654940192148
