0.0134060160436256
0.0139401501320083
0.0139400608867535
0.0139586540468554
0.0134730826943822
0.012846586980206
0.0127201101775396
0.0126968612723124
0.0126873928082953
0.0126353141248444
0.0126353246504652
0.0126353246504652
0.0126285532380955
0.0126192534731936
0.0126192394310201
0.0126192534731936
0.0128432947353741
0.0126508972152308
0.0126508972152308
0.0126508972152308
0.0127029758986817
0.0126508972152308
0.0126508972152308
0.0127344672445568
0.0126484879358312
0.0126484657975192
0.0132697139798181
0.0132897581580327
0.0130167287788693
0.0130185887318497
0.0126486895012952
0.0125361699340123
0.0125361699340123
0.0125044535667144
0.0124951467825308
0.0124951467825308
0.0124951467825308
0.0124951467825308
0.0123043612724187
0.011882200623226
0.0118822227464407
0.0118729229815387
0.0118972772952368
0.0125200015866698
0.012920759660089
0.0126507115838004
0.0123681568056403
0.012347604951971
0.0123497519420541
0.0122902334466816
0.0123476743441764
0.0122881558488039
0.0123486158183751
0.0124486440833651
0.0124002171419636
0.0123165192578461
0.0123201632055429
0.010708828646231
0.0106377195577827
0.0125040850286662
0.0124421599098637
0.0121719398319467
0.0121717277995492
0.0121718579831714
0.0121737279665863
0.0125510496781334
0.0121737279665863
0.0121735898367901
0.0121737279665863
0.0121737279665863
0.0121735180374239
0.0122030694280432
0.0122021014028786
0.0120533000686859
0.0121339201769475
0.0121337164573885
0.0121039572097023
0.0121039572097023
0.0121031691788818
0.0121031691788818
0.0121009163930618
0.0121455603603527
0.0121530001722743
0.0121528114509805
0.0121528114509805
0.0118274658790167
0.0118200260670951
0.0118200260670951
0.0118198391126478
0.0118196539003503
0.0118196539003503
0.0118196539003503
0.0119386908910952
0.0122565966511374
0.0122564131567511
0.0122564131567511
