0.000855639727250212
0.000855639727250212
0.000855639727250212
0.000855639727250212
0.000855639727250212
0.000855639727250212
0.000855639727250212
0.000855639727250212
0.000855639727250212
0.000855639727250212
0.000855639727250212
0.000855639727250212
0.000855639727250212
0.000855639727250212
0.000855639727250212
0.000855639727250212
0.000855639727250212
0.000855639727250212
0.000855639727250212
0.000855639727250212
0.000855639727250212
0.000855639727250212
0.000855639727250212
0.000855639727250212
0.000855633357548224
0.000855633357548224
0.000855633357548224
0.000855633357548224
0.000855633357548224
0.000855633357548224
0.000855639727250212
0.000855639727250212
0.000855639727250212
0.000855633357548224
0.000855633357548224
0.000855633357548224
0.000855633357548224
0.000855633357548224
0.000855633357548224
0.000855633357548224
0.000855633357548224
0.000855633357548224
0.000855633357548224
0.000855633357548224
0.000855626987846236
0.000855626987846236
0.000855626987846236
0.000855626987846236
0.000855626987846236
0.000855626987846236
0.000855626987846236
0.000855626987846236
0.000855626987846236
0.000855626987846236
0.000855626987846236
0.000855626987846236
0.000855626987846236
0.000855626987846236
0.000855626987846236
0.000855626987846236
0.000855626987846236
0.000855626987846236
0.000855626987846236
0.000855626987846236
0.000855626987846236
0.000855626987846236
0.000855626987846236
0.000855626987846236
0.000855626987846236
0.000855626987846236
0.000855626987846236
0.000855626987846236
0.000855626987846236
0.000855626987846236
0.000855626987846236
0.000855626987846236
0.000855626987846236
0.000855626987846236
0.000855626987846236
0.000855626987846236
0.000855626987846236
0.000855626987846236
0.000855626987846236
0.000855626987846236
0.000855626987846236
0.000855626987846236
0.000855626987846236
0.000855626987846236
0.000855626987846236
0.000855626987846236
0.000855626987846236
0.000855626987846236
0.000855626987846236
0.000855626987846236
0.000855626987846236
0.000855626987846236
