3.90586943755047e-05
3.90586943755047e-05
3.90586943755047e-05
3.90586943755047e-05
3.90586943755047e-05
3.90586943755047e-05
3.90586943755047e-05
3.90586943755047e-05
3.90586943755047e-05
3.90586943755047e-05
3.90586943755047e-05
3.90586943755047e-05
3.90586943755047e-05
3.90586943755047e-05
3.90586943755047e-05
3.90586943755047e-05
3.90586943755047e-05
3.90586943755047e-05
3.90586943755047e-05
3.90586943755047e-05
3.90586943755047e-05
3.90586943755047e-05
3.90586943755047e-05
3.90586943755047e-05
3.90586943755047e-05
3.90586943755047e-05
3.90586943755047e-05
3.90586943755047e-05
3.90586943755047e-05
3.90586943755047e-05
3.90586943755047e-05
3.90586943755047e-05
3.90586943755047e-05
3.90586943755047e-05
3.90586943755047e-05
3.90586943755047e-05
3.90586943755047e-05
3.90586943755047e-05
3.90586943755047e-05
3.90586943755047e-05
3.90586943755047e-05
3.90586943755047e-05
3.90586943755047e-05
3.90586943755047e-05
3.90586943755047e-05
3.90586943755047e-05
3.90586943755047e-05
3.90586943755047e-05
3.90586943755047e-05
3.90586943755047e-05
3.90586943755047e-05
3.90586943755047e-05
3.90586943755047e-05
3.90586943755047e-05
3.90586943755047e-05
3.90586943755047e-05
3.90586943755047e-05
3.90586943755047e-05
3.90586943755047e-05
3.90586943755047e-05
3.90586943755047e-05
3.90586943755047e-05
3.90586943755047e-05
3.90586943755047e-05
3.90586943755047e-05
3.90586943755047e-05
3.90586943755047e-05
3.90586943755047e-05
3.90586943755047e-05
3.90586943755047e-05
3.90586943755047e-05
3.90586943755047e-05
3.90586943755047e-05
3.90586943755047e-05
3.90586943755047e-05
3.90586943755047e-05
3.90586943755047e-05
3.90586943755047e-05
3.90586943755047e-05
3.90586943755047e-05
3.90586943755047e-05
3.90586943755047e-05
3.90586943755047e-05
3.90586943755047e-05
3.90586943755047e-05
3.90586943755047e-05
3.90586943755047e-05
3.90586943755047e-05
3.90586943755047e-05
3.90586943755047e-05
3.90586943755047e-05
3.90586943755047e-05
3.90586943755047e-05
3.90586943755047e-05
3.90586943755047e-05
3.90586943755047e-05
