0.000171126671509645
0.000171126671509645
0.000171126671509645
0.000171126671509645
0.000171126671509645
0.000171126671509645
0.000171126671509645
0.000171126671509645
0.000171126671509645
0.000171126671509645
0.000171126671509645
0.000171126671509645
0.000171126671509645
0.000171126671509645
0.000171126671509645
0.000171126671509645
0.000171126671509645
0.000171126671509645
0.000171126671509645
0.000171126671509645
0.000171126671509645
0.000171126671509645
0.000171126671509645
0.000171126671509645
0.000171126671509645
0.000171126671509645
0.000171126671509645
0.000171126671509645
0.000171126671509645
0.000171126671509645
0.000171127945450042
0.000171127945450042
0.000171127945450042
0.000171126671509645
0.000171126671509645
0.000171126671509645
0.000171126671509645
0.000171126671509645
0.000171126671509645
0.000171126671509645
0.000171126671509645
0.000171126671509645
0.000171126671509645
0.000171126671509645
0.000171125397569247
0.000171125397569247
0.000171125397569247
0.000171125397569247
0.000171125397569247
0.000171125397569247
0.000171125397569247
0.000171125397569247
0.000171125397569247
0.000171125397569247
0.000171125397569247
0.000171125397569247
0.000171125397569247
0.000171125397569247
0.000171125397569247
0.000171125397569247
0.000171125397569247
0.000171125397569247
0.000171125397569247
0.000171125397569247
0.000171125397569247
0.000171125397569247
0.000171125397569247
0.000171125397569247
0.000171125397569247
0.000171125397569247
0.000171125397569247
0.000171125397569247
0.000171125397569247
0.000171125397569247
0.000171125397569247
0.000171125397569247
0.000171125397569247
0.000171125397569247
0.000171125397569247
0.000171125397569247
0.000171125397569247
0.000171125397569247
0.000171125397569247
0.000171125397569247
0.000171125397569247
0.000171125397569247
0.000171125397569247
0.000171125397569247
0.000171125397569247
0.000171125397569247
0.000171125397569247
0.000171125397569247
0.000171125397569247
0.000171125397569247
0.000171125397569247
0.000171125397569247
