3.99906604096607e-05
3.99906604096607e-05
3.99906604096607e-05
3.99906604096607e-05
3.99906604096607e-05
3.99906604096607e-05
3.99906604096607e-05
3.99906604096607e-05
3.99906604096607e-05
3.99906604096607e-05
3.99906604096607e-05
3.99906604096607e-05
3.99906604096607e-05
3.99906604096607e-05
3.99906604096607e-05
3.99906604096607e-05
3.99906604096607e-05
3.99906604096607e-05
3.99906604096607e-05
3.99906604096607e-05
3.99906604096607e-05
3.99906604096607e-05
3.99906604096607e-05
3.99906604096607e-05
3.99906604096607e-05
3.99906604096607e-05
3.99906604096607e-05
3.99906604096607e-05
3.99906604096607e-05
3.99906604096607e-05
3.99906604096607e-05
3.99906604096607e-05
3.99906604096607e-05
3.99906604096607e-05
3.99906604096607e-05
3.99906604096607e-05
3.99906604096607e-05
3.99906604096607e-05
3.99906604096607e-05
3.99906604096607e-05
3.99906604096607e-05
3.99906604096607e-05
3.99906604096607e-05
3.99906604096607e-05
3.99906604096607e-05
3.99906604096607e-05
3.99906604096607e-05
3.99906604096607e-05
3.99906604096607e-05
3.99906604096607e-05
3.99906604096607e-05
3.99906604096607e-05
3.99906604096607e-05
3.99906604096607e-05
3.99906604096607e-05
3.99906604096607e-05
3.99906604096607e-05
3.99906604096607e-05
3.99906604096607e-05
3.99906604096607e-05
3.99906604096607e-05
3.99906604096607e-05
3.99906604096607e-05
3.99906604096607e-05
3.99906604096607e-05
3.99906604096607e-05
3.99906604096607e-05
3.99906604096607e-05
3.99906604096607e-05
3.99906604096607e-05
3.99906604096607e-05
3.99906604096607e-05
3.99906604096607e-05
3.99906604096607e-05
3.99906604096607e-05
3.99906604096607e-05
3.99906604096607e-05
3.99906604096607e-05
3.99906604096607e-05
3.99906604096607e-05
3.99906604096607e-05
3.99906604096607e-05
3.99906604096607e-05
3.99906604096607e-05
3.99906604096607e-05
3.99906604096607e-05
3.99906604096607e-05
3.99906604096607e-05
3.99906604096607e-05
3.99906604096607e-05
3.99906604096607e-05
3.99906604096607e-05
3.99906604096607e-05
3.99906604096607e-05
3.99906604096607e-05
3.99906604096607e-05
