0.000171126671509645
0.000171126671509645
0.000171126671509645
0.000171126671509645
0.000171126671509645
0.000171126671509645
0.000171126671509645
0.000171126671509645
0.000171126671509645
0.000171126671509645
0.000171126671509645
0.000171126671509645
0.000171126671509645
0.000171126671509645
0.000171126671509645
0.000171126671509645
0.000171126671509645
0.000171126671509645
0.000171126671509645
0.000171126671509645
0.000171126671509645
0.000171126671509645
0.000171126671509645
0.000171126671509645
0.000171125397569247
0.000171125397569247
0.000171125397569247
0.000171125397569247
0.000171125397569247
0.000171125397569247
0.000171126671509645
0.000171126671509645
0.000171126671509645
0.000171125397569247
0.000171125397569247
0.000171125397569247
0.000171125397569247
0.000171125397569247
0.000171125397569247
0.000171125397569247
0.000171125397569247
0.000171125397569247
0.000171125397569247
0.000171125397569247
0.00017112412362885
0.00017112412362885
0.00017112412362885
0.00017112412362885
0.00017112412362885
0.00017112412362885
0.00017112412362885
0.00017112412362885
0.00017112412362885
0.00017112412362885
0.00017112412362885
0.00017112412362885
0.00017112412362885
0.00017112412362885
0.00017112412362885
0.00017112412362885
0.00017112412362885
0.00017112412362885
0.00017112412362885
0.00017112412362885
0.00017112412362885
0.00017112412362885
0.00017112412362885
0.00017112412362885
0.00017112412362885
0.00017112412362885
0.00017112412362885
0.00017112412362885
0.00017112412362885
0.00017112412362885
0.00017112412362885
0.00017112412362885
0.00017112412362885
0.00017112412362885
0.00017112412362885
0.00017112412362885
0.00017112412362885
0.00017112412362885
0.00017112412362885
0.00017112412362885
0.00017112412362885
0.00017112412362885
0.00017112412362885
0.00017112412362885
0.00017112412362885
0.00017112412362885
0.00017112412362885
0.00017112412362885
0.00017112412362885
0.00017112412362885
0.00017112412362885
0.00017112412362885
