0.0033892291208599
0.00338924230636795
0.0033892291208599
0.0033892291208599
0.00341245305430681
0.00341245305430681
0.00341245305430681
0.00338925795792176
0.00338910444591071
0.00338910444591071
0.00338911401984963
0.00338911401984963
0.00338870741937615
0.00338870741937615
0.00338868188815166
0.00338870741937615
0.00338870741937615
0.00338871699605071
0.00338871699605071
0.00338871699605071
0.00338871699605071
0.00338871699605071
0.00338871699605071
0.00338871699605071
0.0033878977864058
0.00338789146117379
0.00338789146117379
0.00338789146117379
0.00338792979525385
0.00335203769889204
0.00341752506686544
0.00341732248519297
0.00341732248519297
0.00341728423418134
0.00341728104359876
0.00341728104359876
0.00341728104359876
0.00341728104359876
0.00341726839960557
0.00341726839960557
0.00341727472052406
0.00341727472052406
0.00341742845235288
0.00341742845235288
0.00341718079211729
0.00341697821044482
0.00341679203322861
0.00341673311587119
0.00341558055271
0.00341558055271
0.00341539805316119
0.00341539805316119
0.00341475745209732
0.00341475745209732
0.00341437556420743
0.00341437556420743
0.0034140016478847
0.00341363545610835
0.00341327675195937
0.00341327675195937
0.00341204504208122
0.00341170064031218
0.00341153101439415
0.0034116561901256
0.00341166583837397
0.00341166583837397
0.00341166583837397
0.00341166583837397
0.00341166583837397
0.00341166583837397
0.0034114978950441
0.00341133160939052
0.00341089848655534
0.00341089848655534
0.00340998830279491
0.00340993800166923
0.00340993800166923
0.00340993800166923
0.00340930757701282
0.00340930757701282
0.00340899170299105
0.00340899170299105
0.00340899170299105
0.00340884072595601
0.00340884072595601
0.00340884072595601
0.00340884072595601
0.00340884072595601
0.00340869116239817
0.00340854299256015
0.00340854299256015
0.00340854299256015
0.00340854299256015
0.00340854299256015
0.00340839619705107
0.00340839619705107
