0.00034225334301929
0.00034225334301929
0.00034225334301929
0.00034225334301929
0.00034225334301929
0.00034225334301929
0.00034225334301929
0.00034225334301929
0.00034225334301929
0.00034225334301929
0.00034225334301929
0.00034225334301929
0.00034225334301929
0.00034225334301929
0.00034225334301929
0.00034225334301929
0.00034225334301929
0.00034225334301929
0.00034225334301929
0.00034225334301929
0.00034225334301929
0.00034225334301929
0.00034225334301929
0.00034225334301929
0.000342250795138494
0.000342250795138494
0.000342250795138494
0.000342250795138494
0.000342250795138494
0.000342250795138494
0.00034225334301929
0.00034225334301929
0.00034225334301929
0.000342250795138494
0.000342250795138494
0.000342250795138494
0.000342250795138494
0.000342250795138494
0.000342250795138494
0.000342250795138494
0.000342250795138494
0.000342250795138494
0.000342250795138494
0.000342250795138494
0.000342248247257699
0.000342248247257699
0.000342248247257699
0.000342248247257699
0.000342248247257699
0.000342248247257699
0.000342248247257699
0.000342248247257699
0.000342248247257699
0.000342248247257699
0.000342248247257699
0.000342248247257699
0.000342248247257699
0.000342248247257699
0.000342248247257699
0.000342248247257699
0.000342248247257699
0.000342248247257699
0.000342248247257699
0.000342248247257699
0.000342248247257699
0.000342248247257699
0.000342248247257699
0.000342248247257699
0.000342248247257699
0.000342248247257699
0.000342248247257699
0.000342248247257699
0.000342248247257699
0.000342248247257699
0.000342248247257699
0.000342248247257699
0.000342248247257699
0.000342248247257699
0.000342248247257699
0.000342248247257699
0.000342248247257699
0.000342248247257699
0.000342248247257699
0.000342248247257699
0.000342248247257699
0.000342248247257699
0.000342248247257699
0.000342248247257699
0.000342248247257699
0.000342248247257699
0.000342248247257699
0.000342248247257699
0.000342248247257699
0.000342248247257699
0.000342248247257699
0.000342248247257699
