0.210727969348659
0.210727969348659
0.210727969348659
0.210727969348659
0.210727969348659
0.210727969348659
0.210727969348659
0.210727969348659
0.210727969348659
0.210727969348659
0.210727969348659
0.210727969348659
0.210727969348659
0.210727969348659
0.210727969348659
0.210727969348659
0.210727969348659
0.210727969348659
0.210727969348659
0.210727969348659
0.210727969348659
0.210727969348659
0.210727969348659
0.210727969348659
0.210727969348659
0.210727969348659
0.210727969348659
0.210727969348659
0.210727969348659
0.210727969348659
0.210727969348659
0.210727969348659
0.210727969348659
0.210727969348659
0.210727969348659
0.210727969348659
0.210727969348659
0.210727969348659
0.210727969348659
0.210727969348659
0.210727969348659
0.210727969348659
0.210727969348659
0.210727969348659
0.210727969348659
0.210727969348659
0.210727969348659
0.210727969348659
0.210727969348659
0.210727969348659
0.210727969348659
0.210727969348659
0.210727969348659
0.210727969348659
0.210727969348659
0.210727969348659
0.210727969348659
0.210727969348659
0.210727969348659
0.210727969348659
0.210727969348659
0.210727969348659
0.210727969348659
0.210727969348659
0.210727969348659
0.210727969348659
0.210727969348659
0.210727969348659
0.210727969348659
0.210727969348659
0.210727969348659
0.210727969348659
0.210727969348659
0.210727969348659
0.210727969348659
0.210727969348659
0.210727969348659
0.210727969348659
0.210727969348659
0.210727969348659
0.210727969348659
0.210727969348659
0.210727969348659
0.210727969348659
0.210727969348659
0.210727969348659
0.210727969348659
0.210727969348659
0.210727969348659
0.210727969348659
0.210727969348659
0.210727969348659
0.210727969348659
0.210727969348659
0.210727969348659
0.210727969348659
