0.0228911972387627
0.0228911972387627
0.0228911972387627
0.0228911972387627
0.0228911972387627
0.0228911972387627
0.0228911972387627
0.0228911972387627
0.0228911972387627
0.0228911972387627
0.0228911972387627
0.0228928439690151
0.0228928439690151
0.0228928439690151
0.0228928439690151
0.0228928439690151
0.0228928439690151
0.0228928439690151
0.0228928439690151
0.0228928439690151
0.0228928439690151
0.0228928439690151
0.0228928439690151
0.0228928439690151
0.0228928439690151
0.0228928439690151
0.0228928439690151
0.0228928439690151
0.0228928439690151
0.0228928439690151
0.0228928439690151
0.0228928439690151
0.0228928439690151
0.0228928439690151
0.0228928439690151
0.0228928439690151
0.0228928439690151
0.0228928439690151
0.0228928439690151
0.0228928439690151
0.0228928439690151
0.0228928439690151
0.0228928439690151
0.0228928439690151
0.0228928439690151
0.0228928439690151
0.0228928439690151
0.0228928439690151
0.0228928439690151
0.0228928439690151
0.0228928439690151
0.0228928439690151
0.0228928439690151
0.0228928439690151
0.0228928439690151
0.0228928439690151
0.0228928439690151
0.0228928439690151
0.0228928439690151
0.0228928439690151
0.0228928439690151
0.0228928439690151
0.0228928439690151
0.0228928439690151
0.0228928439690151
0.0228928439690151
0.0228928439690151
0.0228928439690151
0.0228928439690151
0.0228928439690151
0.0228928439690151
0.0228928439690151
0.0228928439690151
0.0228928439690151
0.0228928439690151
0.0228928439690151
0.0228928439690151
0.0228928439690151
0.0228928439690151
0.0228928439690151
0.0228928439690151
0.0228928439690151
0.0228928439690151
0.0228928439690151
0.0228928439690151
0.0228928439690151
0.0228928439690151
0.0228928439690151
0.0228928439690151
0.0228928439690151
0.0228928439690151
0.0228928439690151
0.0228928439690151
0.0228928439690151
0.0228928439690151
0.0228928439690151