0.0934756009384054
0.0934756009384054
0.0934756009384054
0.0934756009384054
0.0934756009384054
0.0934756009384054
0.0934756009384054
0.0934756009384054
0.0934756009384054
0.0934756009384054
0.0934756009384054
0.0934713649275219
0.0934713649275219
0.0934713649275219
0.0934746583880267
0.0934746583880267
0.0934746583880267
0.0934746583880267
0.0934746583880267
0.0934746583880267
0.0934746583880267
0.0934746583880267
0.0934746583880267
0.0934746583880267
0.0934746583880267
0.0934746583880267
0.0934746583880267
0.0934746583880267
0.0934746583880267
0.0934746583880267
0.0934746583880267
0.0934746583880267
0.0934746583880267
0.0934746583880267
0.0934746583880267
0.0934746583880267
0.0934746583880267
0.0934746583880267
0.0934746583880267
0.0934746583880267
0.0934746583880267
0.0934746583880267
0.0934746583880267
0.0934742183856889
0.0934742183856889
0.0934742183856889
0.0934742183856889
0.0934775118461938
0.0934775118461938
0.0934775118461938
0.0934775118461938
0.0934775118461938
0.0934775118461938
0.0934775118461938
0.0934775118461938
0.0934775118461938
0.0934775118461938
0.0934775118461938
0.0934775118461938
0.0934775118461938
0.0934775118461938
0.0934775118461938
0.0934775118461938
0.0934775118461938
0.0934775118461938
0.0934775118461938
0.0934775118461938
0.0934775118461938
0.0934775118461938
0.0934775118461938
0.0934775118461938
0.0934775118461938
0.0934775118461938
0.0934775118461938
0.0934775118461938
0.0934775118461938
0.0934775118461938
0.0934775118461938
0.0934775118461938
0.0934775118461938
0.0934775118461938
0.0934775118461938
0.0934775118461938
0.0934775118461938
0.0934775118461938
0.0934775118461938
0.0934775118461938
0.0934775118461938
0.0934775118461938
0.0934775118461938
0.0934775118461938
0.0934775118461938
0.0934775118461938
0.0934775118461938
0.0934775118461938
0.0934775118461938