0.0528243956875386
0.0528243956875386
0.0528243956875386
0.0528243956875386
0.0528243956875386
0.0528243956875386
0.0528243956875386
0.0528243956875386
0.0528243956875386
0.0528243956875386
0.0528243956875386
0.0528242390006844
0.0528242390006844
0.0528242390006844
0.0528242390006844
0.0528242390006844
0.0528242390006844
0.0528242390006844
0.0528242390006844
0.0528242390006844
0.0528242390006844
0.0528242390006844
0.0528242390006844
0.0528242390006844
0.0528242390006844
0.0528242390006844
0.0528242390006844
0.0528242390006844
0.0528242390006844
0.0528242390006844
0.0528242390006844
0.0528242390006844
0.0528242390006844
0.0528242390006844
0.0528242390006844
0.0528242390006844
0.0528242390006844
0.0528242390006844
0.0528242390006844
0.0528242390006844
0.0528242390006844
0.0528242390006844
0.0528242390006844
0.052820291221567
0.052820291221567
0.052820291221567
0.052820291221567
0.052820291221567
0.052820291221567
0.052820291221567
0.052820291221567
0.052820291221567
0.052820291221567
0.052820291221567
0.052820291221567
0.052820291221567
0.052820291221567
0.052820291221567
0.052820291221567
0.052820291221567
0.052820291221567
0.052820291221567
0.052820291221567
0.052820291221567
0.052820291221567
0.052820291221567
0.052820291221567
0.052820291221567
0.052820291221567
0.052820291221567
0.052820291221567
0.052820291221567
0.052820291221567
0.052820291221567
0.052820291221567
0.052820291221567
0.052820291221567
0.052820291221567
0.052820291221567
0.052820291221567
0.052820291221567
0.052820291221567
0.052820291221567
0.052820291221567
0.052820291221567
0.052820291221567
0.052820291221567
0.052820291221567
0.052820291221567
0.052820291221567
0.052820291221567
0.052820291221567
0.052820291221567
0.052820291221567
0.052820291221567
0.052820291221567