5.68636894681176e-05
5.69424489606822e-05
5.69424489606822e-05
5.69424489606822e-05
5.69424489606822e-05
5.68645350259921e-05
5.68429753934287e-05
5.68429753934287e-05
5.68023611336159e-05
5.6793570066314e-05
5.67915493474797e-05
5.67915493474797e-05
5.67915493474797e-05
5.67915493474797e-05
5.67915493474797e-05
5.67902063279507e-05
5.67794809545976e-05
5.67624245752473e-05
5.64291839039812e-05
5.61439844745883e-05
5.58326801422152e-05
5.56489323011608e-05
5.57812253663493e-05
5.57812253663493e-05
5.57812253663493e-05
5.57812253663493e-05
5.54785314865968e-05
5.54171414838645e-05
5.53667887518631e-05
5.50631364051528e-05
5.50631364051528e-05
5.50631364051528e-05
5.50631364051528e-05
5.50396162287731e-05
0.000394229803522185
0.000394072608744031
5.94010631095408e-05
5.94010631095408e-05
5.93703775700399e-05
5.93703775700399e-05
5.93703775700399e-05
5.93703775700399e-05
5.93703775700399e-05
5.93703775700399e-05
5.93703775700399e-05
5.9229922936291e-05
5.86780976331597e-05
5.8642302890527e-05
5.86626741078984e-05
5.86626741078984e-05
5.86626741078984e-05
5.84855228534394e-05
5.84855228534394e-05
5.84271844419419e-05
5.86877504858852e-05
5.8980858113146e-05
5.89017242252612e-05
5.88743431008059e-05
5.88095830329491e-05
5.87525674268205e-05
5.87326138308333e-05
5.84307697559187e-05
5.8200013395795e-05
5.7957666134673e-05
5.79156742365726e-05
5.79145390713095e-05
5.76347604022764e-05
5.76492231289873e-05
5.7600052132053e-05
5.7600052132053e-05
5.75867119985866e-05
5.7324114481593e-05
5.75843069385748e-05
5.75678435822662e-05
5.75351786230668e-05
5.75351786230668e-05
5.75351786230668e-05
5.75263461154735e-05
5.7494110539792e-05
5.7494110539792e-05
5.7494110539792e-05
5.74781195441028e-05
5.68519596452105e-05
5.68519596452105e-05
5.68519596452105e-05
5.68431785166845e-05
0.000712835432597083
0.000713251754843591
5.68103184248042e-05
5.67785034780227e-05
5.67785034780227e-05
5.67785034780227e-05
5.67785034780227e-05
5.67785034780227e-05
5.67785034780227e-05
5.67785034780227e-05
