0.53224220255082
0.532236485636382
0.532250134975038
0.532257919879156
0.532282234966578
0.532396157045551
0.532420253432369
0.532420253432369
0.532492291418111
0.53281570934853
0.532835033724602
0.532898317062363
0.53292151294988
0.532922148596915
0.532936008565571
0.532948731890629
0.532960728517557
0.532974666792391
0.532952526562277
0.53275733763679
0.532763659954484
0.532612997323307
0.532822141568546
0.53282288871131
0.532813136589027
0.532933376866821
0.532873465146622
0.532890795618518
0.532807586184494
0.533162843612276
0.533166102444514
0.533166102444514
0.533177531369185
0.536166054666119
0.529411941471835
0.529409108663169
0.528758490245175
0.528764351005752
0.528709239776809
0.528699192624236
0.527639330812766
0.527639330812766
0.526731121507052
0.526576448695032
0.526496544182678
0.526361852685916
0.52598769044566
0.525975226040691
0.525413204610768
0.525413204610768
0.525413285440064
0.525107015186062
0.53055210625191
0.530548246597825
0.531062001722778
0.530686210793978
0.530713120462485
0.528211914637209
0.53073425467931
0.530709908707696
0.530704844691753
0.530596542925881
0.530615352623054
0.530419409491326
0.530440198797664
0.529581613667011
0.529143655878617
0.529192600367873
0.529144120872641
0.529144120872641
0.52914490349115
0.529540672747893
0.529550462216897
0.53040915339445
0.530348540186291
0.530334510117163
0.530334510117163
0.530345858767781
0.530389093592549
0.530389093592549
0.530389093592549
0.530359097221403
0.527394069470197
0.526570638218025
0.526570638218025
0.537386407032826
0.527287011625833
0.527314837968662
0.526633292587876
0.526720970568947
0.526729577494965
0.526728924977915
0.526728924977915
0.52674112523191
0.526357145634826
0.526357145634826
