0.00048356554822419
0.00048356554822419
0.00048356554822419
0.00048356554822419
0.00048356554822419
0.00048356554822419
0.00048356554822419
0.00048356554822419
0.00048356554822419
0.00048356554822419
0.00048356554822419
0.00048356554822419
0.00048356554822419
0.00048356554822419
0.00048356554822419
0.00048356554822419
0.00048356554822419
0.00048356554822419
0.000482058847380712
0.000480915148730143
0.000479256657697439
0.000478130744307568
0.000479256657697439
0.000479256657697439
0.000479256657697439
0.000479256657697439
0.000477785742350111
0.000477785742350111
0.000477785742350111
0.000477785742350111
0.000477785742350111
0.000477785742350111
0.000477785742350111
0.000477785742350111
0.000476840440309848
0.000476840440309848
0.000476840440309848
0.000476840440309848
0.000476840440309848
0.000476840440309848
0.000476840440309848
0.000476840440309848
0.000476840440309848
0.000476840440309848
0.000476840440309848
0.00047590017130236
0.000472941432480623
0.000472773862188164
0.000472941432480623
0.000472941432480623
0.000472941432480623
0.000472941432480623
0.000472941432480623
0.000472439203469725
0.000472439203469725
0.000472439203469725
0.000472439203469725
0.000472439203469725
0.000472105185701778
0.000471771807044727
0.000471771807044727
0.000470279463113571
0.000469373757212468
0.000467901858467589
0.000467901858467589
0.000467901858467589
0.000467901858467589
0.000467901858467589
0.000467901858467589
0.000467901858467589
0.000467901858467589
0.000467901858467589
0.000467901858467589
0.000467901858467589
0.000467901858467589
0.000467901858467589
0.000467901858467589
0.000467901858467589
0.000467901858467589
0.000467901858467589
0.000467901858467589
0.000467901858467589
0.000467901858467589
0.000467901858467589
0.000467901858467589
0.000467901858467589
0.000467901858467589
0.000467901858467589
0.000467901858467589
0.000467901858467589
0.000467901858467589
0.000467901858467589
0.000467901858467589
0.000467901858467589
0.000467901858467589
0.000467901858467589
