0.116195944756354
0.116182312125743
0.116182779687235
0.116172752425829
0.116172752425829
0.116207340131002
0.11621696706261
0.11621696706261
0.116216959609317
0.116216959609317
0.116216938155135
0.116212600318317
0.116212581891586
0.116212580584963
0.116212581891586
0.116213182392996
0.116217981413382
0.116214001962734
0.11621689747444
0.116190136587103
0.116164109581611
0.116129611349769
0.116162896628073
0.116162899898595
0.116162886027648
0.116766892683916
0.116776846641025
0.116723037863051
0.116732306552269
0.11689897749558
0.116900499225607
0.116900499225607
0.11690048561519
0.116872991519714
0.116213294764942
0.116194448355089
0.116897614056944
0.116897606177239
0.116897614056944
0.116854137287631
0.116854120212359
0.116854120212359
0.116854120212359
0.116792923958634
0.116792901218316
0.116748124195385
0.116627587861828
0.116621469321973
0.116698103108674
0.116698103170612
0.116698114923055
0.116698103931243
0.116698113761526
0.116702346516033
0.116549311690589
0.116402857044809
0.116402843794906
0.121494325212065
0.116399557438566
0.116392002910735
0.116387168076082
0.116351806475472
0.116311473172363
0.116254426925981
0.116251900819795
0.11624201807399
0.116382898072897
0.116369152522246
0.116355389145091
0.116355391347704
0.116355391347704
0.116498417515894
0.116498417515894
0.11650709573877
0.11652436309144
0.11652436309144
0.11652436309144
0.11652866147961
0.116545781798119
0.116545781798119
0.116545781798119
0.116554298278448
0.115593855757221
0.115593855757221
0.115593855757221
0.11559384642312
0.113125134360047
0.113120856338281
0.113804376204707
0.113821351359119
0.113821344395735
0.11382134546444
0.11382134546444
0.11382134546444
0.113821351359119
0.113821351359119
