0.194756554307116
0.194756554307116
0.194756554307116
0.194756554307116
0.194756554307116
0.194756554307116
0.194756554307116
0.194756554307116
0.194756554307116
0.194756554307116
0.194756554307116
0.194756554307116
0.194756554307116
0.194756554307116
0.194756554307116
0.194756554307116
0.194756554307116
0.194756554307116
0.194756554307116
0.194756554307116
0.194756554307116
0.194756554307116
0.194756554307116
0.194756554307116
0.194756554307116
0.194756554307116
0.194756554307116
0.194756554307116
0.194756554307116
0.194756554307116
0.194756554307116
0.194756554307116
0.194756554307116
0.194756554307116
0.194756554307116
0.194756554307116
0.194756554307116
0.194756554307116
0.194756554307116
0.194756554307116
0.194756554307116
0.194756554307116
0.194756554307116
0.194756554307116
0.194756554307116
0.194756554307116
0.194756554307116
0.194756554307116
0.194756554307116
0.194756554307116
0.194756554307116
0.194756554307116
0.194756554307116
0.194756554307116
0.194756554307116
0.194756554307116
0.194756554307116
0.194756554307116
0.194756554307116
0.194756554307116
0.194756554307116
0.194756554307116
0.194756554307116
0.194756554307116
0.194756554307116
0.194756554307116
0.194756554307116
0.194756554307116
0.194756554307116
0.194756554307116
0.194756554307116
0.194756554307116
0.194756554307116
0.194756554307116
0.194756554307116
0.194756554307116
0.194756554307116
0.194756554307116
0.194756554307116
0.194756554307116
0.194756554307116
0.194756554307116
0.194756554307116
0.194756554307116
0.194756554307116
0.194756554307116
0.194756554307116
0.194756554307116
0.194756554307116
0.194756554307116
0.194756554307116
0.194756554307116
0.194756554307116
0.194756554307116
0.194756554307116
0.194756554307116
