0.0117654579789873
0.0117654579789873
0.0115862426402911
0.0115862426402911
0.0115862426402911
0.0115862426402911
0.0115862426402911
0.0115862426402911
0.0117007879398978
0.0117007879398978
0.0117007879398978
0.0117007879398978
0.0117007879398978
0.0117007879398978
0.0117007879398978
0.0117007879398978
0.0117007879398978
0.0117007879398978
0.0117007879398978
0.0117007879398978
0.0117007879398978
0.0117043807198473
0.0117043807198473
0.0117043807198473
0.0117043807198473
0.0117043807198473
0.0117043807198473
0.0117043807198473
0.0117043807198473
0.0117043807198473
0.0117043807198473
0.0117070713202319
0.0117070713202319
0.0117070713202319
0.0118056369355182
0.0118035890550725
0.0121006403748853
0.0125329425174033
0.0125917626202432
0.012753895292086
0.014330792423424
0.0141942926060155
0.0130903800916551
0.0130903800916551
0.0130903800916551
0.0133982816426966
0.0133982816426966
0.013229847009669
0.013229847009669
0.013229847009669
0.0130027845594184
0.0139813640818535
0.0140100338066241
0.0140029234539506
0.0134690639871357
0.0134690639871357
0.0134690639871357
0.0134690639871357
0.0134690639871357
0.0134690639871357
0.0134690639871357
0.0134690639871357
0.0134690639871357
0.0134690639871357
0.0134690639871357
0.0134690639871357
0.0134690639871357
0.0134690639871357
0.0134690639871357
0.0134690639871357
0.0134690639871357
0.0134690639871357
0.0134690639871357
0.0134690639871357
0.0134690639871357
0.0134690639871357
0.0134690639871357
0.0134122845185916
0.0134122845185916
0.0134122845185916
0.0134122845185916
0.0134122845185916
0.0134122845185916
0.0134122845185916
0.0134122845185916
0.0134122845185916
0.0134122845185916
0.0134122845185916
0.0134122845185916
0.0134191627975293
0.0142823605529186
0.0141619195374135
0.0134474491789576
0.0134474491789576
0.0133337868890255
0.0133337868890255
0.0132688964345498
0.0132688964345498
0.0132688964345498
0.0132688964345498
0.0132688964345498
0.0132688964345498
0.0132688964345498
0.0122575522989679
0.0120598672816146
0.0121826172987836
0.0123658319436863
0.0126294717720026
0.0126294717720026
0.0126294717720026
0.0126294717720026
0.0126294717720026
0.0126294717720026
0.0126294717720026
0.0126294717720026
0.0126294717720026
0.0126294717720026
0.0126294717720026
0.012757587782358
0.0129609528271785
0.0129609528271785
0.0129609528271785
0.0129609528271785
0.0129609528271785
0.0133841624563368
0.0131540380066112
0.0101672365346854
0.0138437365951859
0.0137945852573114
0.0151299128929744
0.0148528082253355
0.0144782645491456
0.0150592948922282
0.0159057380161412
0.0166821625307164
0.0154687192936689
0.0147994335982614
0.0147994335982614
0.0147994335982614
0.0147994335982614
0.0146284349662504
0.0146284349662504
0.0119718923305803
0.0124591234103102
0.0122916872497994
0.0120209394157821
0.0122034481074691
0.0120482848271777
0.0120209394157821
0.0120209394157821
0.0120209394157821
0.0120209394157821
0.0120209394157821
0.0120209394157821
0.0120244730283773
0.0147853704325716
0.0147853704325716
0.0146214967435611
0.0145146225985543
0.0158098483960838
0.0158098483960838
0.0145146225985543
0.0145146225985543
0.0145146225985543
0.0145146225985543
0.0145146225985543
0.0145146225985543
0.0135281596019728
0.0135281596019728
0.0124208704142432
0.0121240594742904
0.0121240594742904
0.0121240594742904
0.0121240594742904
0.0121240594742904
0.0121240594742904
0.011987745348514
0.011956781927513
0.011956781927513
0.011956781927513
0.011956781927513
0.011956781927513
0.011956781927513
0.011956781927513
0.011956781927513
0.011956781927513
0.011956781927513
0.0121629977761372
0.0107816067942537
0.0127374988080492
0.012608698369828
0.012608698369828
0.0133364648646864
0.0139468874145838
0.0225362682651757
0.0204747167812582
0.0179881487407129
0.0179881487407129
0.0179881487407129
0.0179881487407129
0.0179881487407129
0.0179881487407129
0.0179881487407129
0.0179881487407129
0.0179881487407129
0.0179881487407129
0.0179881487407129
0.0181796674352841
0.0182478205574145
0.0208372091446391
0.0160889371357539
0.0160889371357539
0.0152057258787544
0.0160473814595557
0.016481591094023
0.0163994659624564
0.0163994659624564
0.0166964196477134
0.016710376508056
0.0165097095458945
0.0165238530172682
0.0165238530172682
0.0165238530172682
0.016530924752955
0.016530924752955
0.0164522507660808
0.016530924752955
0.016455075571077
0.0165099670511513
0.0164026476321519
0.0135890827072433
0.0135890827072433
0.0135890827072433
0.0135890827072433
0.0135890827072433
0.0135890827072433
0.0135890827072433
0.0135593506113947
0.0139863382037474
0.0139863382037474
0.0139863382037474
0.0139863382037474
0.0171580635195502
0.0169308116437454
0.0169881774078574
0.0167264461090965
0.0131600025016547
0.0131600025016547
0.014630048976377
0.0135796600354425
0.0135826315679113
0.0135542933226155
0.0135197501822279
0.0135603592674451
0.0136992667458653
0.0136992667458653
0.0136992667458653
0.0136992667458653
0.0136992667458653
0.0136992667458653
0.0136992667458653
0.0136992667458653
0.0136992667458653
0.0136992667458653
0.0136992667458653
0.0136992667458653
0.0136992667458653
0.0136992667458653
0.0136992667458653
0.0136992667458653
0.0136992667458653
0.0136992667458653
0.0136992667458653
0.0136992667458653
0.0136992667458653
0.0136992667458653
0.0136992667458653
0.0120519474633746
0.0167006643921528
0.0167580301562648
0.013601717827165
0.0115594793801017
0.0117080756089847
0.0115933440807607
0.011424457263017
0.0114786125525368
0.0112951433639886
0.0120512089464929
0.0126789625643933
0.0120804650054954
0.0118262013817301
0.0118262013817301
0.0120108417387533
0.0117409959167282
0.0167957697017681
0.0167957697017681
0.0167957697017681
0.0142066323189581
0.0142066323189581
0.0142066323189581
0.0142066323189581
0.0142066323189581
0.0142066323189581
0.0142066323189581
0.0142066323189581
0.0142066323189581
0.0142066323189581
0.0142066323189581
0.0142066323189581
0.0142066323189581
0.0142066323189581
0.0142066323189581
0.0201463368840993
0.0158822798509114
0.0156229086912181
0.0237531321080772
0.014185178519438
0.0154626101949021
0.018453554747487
0.0147420524123479
0.0145718963919109
0.0146005792739669
0.0146866279201349
0.0147007713915085
0.0145765621583736
0.0146614614112602
0.0149402037076838
0.0149931796424207
0.0146753271528784
0.0146753271528784
0.0146753271528784
0.0146753271528784
0.0146753271528784
0.0146753271528784
0.0146753271528784
0.0146753271528784
0.0146753271528784
0.0272493764334481
0.0272493764334481
0.0245205262066697
0.0209165478772978
0.0209165478772978
0.0209165478772978
0.0209165478772978
0.0209165478772978
0.0209165478772978
0.0209165478772978
0.0209165478772978
0.0209165478772978
0.0209165478772978
0.0209165478772978
0.0217382165891725
0.0217382165891725
0.0213079733583326
0.0213079733583326
0.0213079733583326
0.0213079733583326
0.0213079733583326
0.0213079733583326
0.0213079733583326
0.0213079733583326
0.0216655248457468
0.0213079733583326
0.0213079733583326
0.0213079733583326
0.0213079733583326
0.0213079733583326
0.0213079733583326
0.0213079733583326
0.0213079733583326
0.0213079733583326
0.0213079733583326
0.0213079733583326
0.0213079733583326
0.0212219247121647
0.0212219247121647
0.0212219247121647
0.0212219247121647
0.0212219247121647
0.0233863776333937
0.0233432594604891
0.0233149661150839
0.0212357541205063
0.0211066811512543
0.0211722840096421
0.0217427300742832
0.0210714979831373
0.0210425606929849
0.0210860373938197
0.0211147202758757
0.0211720860399877
0.0211720860399877
0.0211720860399877
0.0211720860399877
0.0211720860399877
0.0211720860399877
0.0215509464093033
0.0215509464093033
0.0215509464093033
0.0212569468682294
0.0212569468682294
0.0212569468682294
0.0212569468682294
0.0212569468682294
0.0212498040110865
0.0212498040110865
0.0212498040110865
0.0212498040110865
0.0212498040110865
0.0212498040110865
0.0212498040110865
0.0212498040110865
0.0212498040110865
0.0212498040110865
0.0212498040110865
0.0213354823459799
0.0215438035521604
0.0212498040110865
0.0212498040110865
0.0212498040110865
0.0212498040110865
0.0212498040110865
0.0212498040110865
0.0212498040110865
0.0212498040110865
0.0212356605397129
0.0212356605397129
0.0212356605397129
0.0212404851407786
0.0212404851407786
0.0213217091858809
0.0212930263038249
0.0213217091858809
0.0213217091858809
0.0212211211290305
0.0212211211290305
0.0212498040110865
0.0212498040110865
0.0212498040110865
0.0212498040110865
0.0212498040110865
0.0212498040110865
0.0247523178206786
0.0244894048666238
0.02167400214468
0.0215675301700691
0.0213344817533642
0.0213344817533642
0.0226644775620603
0.0216565471295871
0.0216565471295871
0.0227008691080452
0.0255924629634311
0.0254987502953153
0.0219036238058175
0.0219036238058175
0.0219036238058175
0.0219036238058175
0.0219036238058175
0.0219036238058175
0.0219036238058175
0.0219036238058175
0.0219036238058175
0.0219036238058175
0.0219036238058175
0.0219036238058175
0.0219036238058175
0.0219036238058175
0.0219036238058175
0.0219036238058175
0.0219036238058175
0.0223280599481937
0.0222430452123061
0.0222430452123061
0.0215996337081204
0.02210161049857
0.02210161049857
0.0229119019166517
0.0227363343416359
0.0225714077698139
0.0215392726788321
0.0215392726788321
0.0215392726788321
0.0218589686976232
0.0228759078998055
0.022349684363924
0.0223610905325012
0.0222080443925683
0.0222184793566546
0.0216157824327706
0.0216157824327706
0.0216157824327706
0.0218656735158987
0.0217540644267335
0.0224439654644383
0.0226745105467822
0.0224523118376509
0.021835093201175
0.0216411102011397
0.0164639478552261
0.0164559136800816
0.0164559136800816
0.0144001052686075
0.0138299136208593
0.0135764951107489
0.0145494196917207
0.0166726500932901
0.0162559224784675
0.0151111363528599
0.015998003737516
0.016047412770379
0.0153789802091801
0.0156210746881513
0.0156210746881513
0.0155784087799896
0.0153510036532852
0.0158227636983978
0.0158227636983978
0.0156422616585684
0.0158581209565793
0.0180959641560936
0.0216712023731137
0.0162977050013542
0.0157030576057295
0.0227251520163702
0.0216735001918365
0.0184494647954934
0.0189946993994393
0.0188028898101884
0.0179795668920745
0.0178753272793595
0.0178476878000695
0.0173259058993128
0.0173259058993128
0.0173259058993128
0.0173259058993128
0.0173259058993128
0.0173259058993128
0.0173259058993128
0.0173259058993128
0.0173259058993128
0.0173259058993128
0.0173259058993128
0.0173259058993128
0.0173259058993128
0.0173259058993128
0.0173259058993128
0.0173259058993128
0.0173259058993128
0.0172705503347111
0.0172761852519817
0.0182318330384344
0.0182318330384344
0.0182037140247088
0.0173812328732352
0.0173812328732352
0.0173846994382159
0.0173819059472689
0.0173812047007406
0.017395360508054
0.0173988126031036
0.0174232840506499
0.0184666088406663
0.0184663420012618
0.0184663420012618
0.0182621058620291
0.0182621058620291
0.0182621058620291
0.0182621058620291
0.0182621058620291
0.0182621058620291
0.0182621058620291
0.0182621058620291
0.0182621058620291
0.0182621058620291
0.0182621058620291
0.0181503163390542
0.0181503163390542
0.0181503163390542
0.0181503163390542
0.0181503163390542
0.0173458595180223
0.0173458595180223
0.0173458595180223
0.0172681442970054
0.0172681442970054
0.0173878733012681
0.0191663048192364
0.018508473912483
0.0176594207950229
0.0185107715232503
0.0186046606746467
0.0186046606746467
0.0186046606746467
0.0184001905343379
0.0184001905343379
0.0184001905343379
0.0184001905343379
0.0184001905343379
0.0184001905343379
0.0179975177183262
0.0178079563518954
0.0178357201513713
0.0176984831888828
0.0176703320170902
0.0176703320170902
0.0176703320170902
0.0176703320170902
0.0180349414472851
0.0180349414472851
0.0177675053152561
0.0177675053152561
0.0178235895818667
0.0178235895818667
0.0177672872382816
0.0177672872382816
0.0177675053152561
0.0177675053152561
0.0177952884360579
0.0177722252334338
0.0178798737598868
0.0178519588306337
0.0178519588306337
0.0178519588306337
0.0186753806055651
0.0186753806055651
0.0225327205223011
0.0336092751801505
0.0339314684150725
0.0334207503439831
0.0289020034991823
0.0289020034991823
0.0289020034991823
0.0289020034991823
0.0289020034991823
0.0289020034991823
0.0289020034991823
0.0289020034991823
0.0289020034991823
0.0289020034991823
0.0289020034991823
0.0289020034991823
0.0289020034991823
0.0273453518743179
0.0289020034991823
0.0289020034991823
0.0289020034991823
0.0289020034991823
0.0289020034991823
0.0289020034991823
0.0289020034991823
0.0289020034991823
0.0289020034991823
0.0289020034991823
0.0290974273897436
0.0340411352277015
0.0317540290941022
0.0305610393022186
0.0294773143690765
0.0294773143690765
0.0289917066556555
0.0290268956203961
0.0290268956203961
0.0290268956203961
0.0289917066556555
0.0289917066556555
0.0289917066556555
0.0286391308114314
0.0286391308114314
0.0286391308114314
0.0286391308114314
0.0344457563494096
0.0293190840341312
0.0293190840341312
0.0293036840187312
0.0292805839956312
0.0292805839956312
0.0292805839956312
0.0292805839956312
0.0292805839956312
0.0292805839956312
0.0292805839956312
0.0292805839956312
0.0292805839956312
0.0292805839956312
0.0292805839956312
0.0292805839956312
0.0292805839956312
0.0292805839956312
0.0292805839956312
0.0292805839956312
0.0292805839956312
0.0292805839956312
0.0292791121051038
0.0292791121051038
0.0292791121051038
0.0306132220614946
0.0306132220614946
0.0298047212529938
0.0297123211605937
0.0301498971122074
0.0301071977568347
0.0301071977568347
0.0291033751346299
0.0287862696590942
0.0324601316699092
0.031492448996326
0.0317330139370431
0.021306065372542
0.0182250860023184
0.0201664140918798
0.0201516460425545
0.017534611517434
0.0173510152792835
0.0173510152792835
0.0194247277529306
0.019450553246382
0.0170001054963727
0.0170300585075863
0.0170775634347715
0.0170034213087217
0.017004079799191
0.0175815157826325
0.0178452150757097
0.0175578865709369
0.0175356930433959
0.017223458196988
0.0198951457216812
0.0199034492145875
0.0156993516258285
0.0166197608880622
0.0175162379575848
0.0175137191067278
0.0176391572177774
0.0214973655329092
0.0202750025667297
0.0177120476425544
0.0175804720789971
0.017417750185506
0.0184775473973571
0.0187140634282035
0.0181674927686844
0.0179312606706481
0.0181678901790872
0.0182265507931935
0.0188178691680593
0.0172954716638836
0.0188027639425599
0.0184343215208993
0.0180644990356922
0.0185663928914186
0.0180053416585824
0.0183602150096871
0.0188479974525153
0.0179642701186294
0.018212428029775
0.0180053416585824
0.0173695526518179
0.0184335123362732
0.0180053416585824
0.0185822220739354
0.0188790434451236
0.0180075401732118
0.0180075401732118
0.0192785086112406
0.0188790434451236
0.018643634847768
0.0186424139366844
0.0188456848365773
0.0180035083281079
0.0221612455278553
0.0213947359955452
0.021247992930766
0.0181736699933791
0.0181511888213607
0.0175180840656871
0.0185056220051675
0.0181511888213607
0.018477307404225
0.018477307404225
0.018477307404225
0.018477307404225
0.018477307404225
0.018477307404225
0.018477307404225
0.018477307404225
0.018477307404225
0.018477307404225
0.0194224625610433
0.0203568586799027
0.0220364096420385
0.0201757809976399
0.0206475333699765
0.0179560011505279
0.0184529661144979
0.0197592551920781
0.0188745974768732
0.018888261344739
0.0183888667254385
0.0183888667254385
0.0185057926369292
0.0187310117058371
0.0177331015089492
0.0177155558363457
0.0175540430059887
0.0177837473348308
0.0178466101991971
0.0205598020931023
0.0205598020931023
0.0198693533013877
0.0193400928869975
0.0188140350109023
0.0191366051398823
0.0217829151855804
0.0213662558751869
0.0213554360533292
0.0206964736504777
0.0207214481047409
0.0207214481047409
0.0234143473927236
0.021338909998549
0.0211346220868444
0.0214691199771442
0.0207889509598966
0.021376376609594
0.0211759370491545
0.0207963298932301
0.0207963298932301
0.0207963298932301
0.0207963298932301
0.022285984110692
0.0213543410999858
0.0213543410999858
0.0213543410999858
0.021563352578485
0.021563352578485
0.021563352578485
0.021563352578485
0.021563352578485
0.021563352578485
0.021563352578485
0.021563352578485
0.021563352578485
0.021563352578485
0.021563352578485
0.021563352578485
0.021563352578485
0.021563352578485
0.021563352578485
0.021563352578485
0.021563352578485
0.021563352578485
0.021563352578485
0.021563352578485
0.021563352578485
0.021563352578485
0.021563352578485
0.021563352578485
0.021563352578485
0.021563352578485
0.021563352578485
0.0221538889111632
0.0215369305170419
0.0216465876481944
0.0213924128149582
0.0213924128149582
0.0213924128149582
0.02415256173792
0.0215195876850355
0.0250077287926465
0.0219175822020887
0.0217546353734002
0.0218412768352779
0.0218256836702168
0.0219240954588383
0.0216205004861171
0.0226341808451678
0.0218891810268947
0.0219138708141081
0.021985646043865
0.0216257207952062
0.0215599754898192
0.0215599754898192
0.0215599754898192
0.021595522198194
0.021595522198194
0.021595522198194
0.021595522198194
0.021595522198194
0.021595522198194
0.0192970391210603
0.0187700738593824
0.0189378280594549
0.018774817065269
0.0175802370039027
0.027705720674378
0.027705720674378
0.0246386738087655
0.0249372794197196
0.0256149581234146
0.0253945411385775
0.0254093700870047
0.0253943568280697
0.025396683287832
0.0253684984614184
0.0266298105508014
0.0259591168856103
0.0252437214309006
0.0252003641306152
0.0251714592637582
0.0251714592637582
0.0251714592637582
0.0251714592637582
0.0251714592637582
0.027210742630605
0.0250574727640343
0.0250179971916758
0.0251754202223384
0.025012830346268
0.025012830346268
0.0248988438465441
0.0248988438465441
0.0251773006107133
0.0306505805507029
0.0306505805507029
0.0270266328685119
0.0268650635972564
0.0268650635972564
0.0268650635972564
0.0268650635972564
0.0268650635972564
0.0268650635972564
0.0268650635972564
0.0268650635972564
0.0268650635972564
0.0268650635972564
0.0268650635972564
0.0268650635972564
0.0259692963859277
0.0259692963859277
0.0259692963859277
0.0259692963859277
0.0259692963859277
0.0259692963859277
0.0259692963859277
0.0259692963859277
0.0259692963859277
0.0260126536862131
0.0260126536862131
0.0260126536862131
0.0260126536862131
0.0259692963859277
0.0259692963859277
0.0253525314613328
0.0253525314613328
0.026368725213354
0.026368725213354
0.026368725213354
0.0277662230897358
0.0283807802918319
0.0253858991338272
0.0257949517600473
0.0253964804409261
0.0253964804409261
0.0253964804409261
0.0253964804409261
0.0253964804409261
0.0253964804409261
0.0253964804409261
0.0253964804409261
0.0253964804409261
0.0253964804409261
0.0253964804409261
0.0256958683036963
0.0253964804409261
0.0253964804409261
0.0253964804409261
0.0253964804409261
0.0253964804409261
0.0253964804409261
0.0253964804409261
0.0253964804409261
0.0253964804409261
0.0253964804409261
0.0248372108664138
0.0247150531826211
0.0247150531826211
0.0245520421884352
0.0245520421884352
0.0245520421884352
0.0248693367320565
0.0248693367320565
0.0248693367320565
0.0248693367320565
0.0248693367320565
0.0248693367320565
0.0248693367320565
0.0248693367320565
0.0248693367320565
0.0248693367320565
0.0248693367320565
0.0248693367320565
0.0248978531646507
0.0248978531646507
0.0248978531646507
0.0248978531646507
0.0248978531646507
0.0248978531646507
0.0248978531646507
0.0250537350506881
0.0250537350506881
0.0247374482313079
0.0247374482313079
0.0247374482313079
0.0247374482313079
0.0247374482313079
0.0247374482313079
0.0247374482313079
0.0247374482313079
0.0247374482313079
0.0247374482313079
0.0247374482313079
0.0247374482313079
0.0253044893282332
0.0247954076959073
0.0247954076959073
0.0247954076959073
0.0247954076959073
0.0247954076959073
0.0247954076959073
0.0247954076959073
0.0247954076959073
0.0247954076959073
0.0247954076959073
0.0247954076959073
0.0247954076959073
0.0247954076959073
0.0247954076959073
0.0247954076959073
0.0247954076959073
0.0247954076959073
0.0247954076959073
0.0247954076959073
0.0247954076959073
0.0247954076959073
0.0247954076959073
0.0249584186900933
0.0249584186900933
0.0252818346176221
0.0252818346176221
0.0252818346176221
0.0252818346176221
0.0255680094740818
0.0255680094740818
0.0251188236234361
0.0251177747682601
0.025111899823917
0.025111899823917
0.025111899823917
0.025111899823917
0.025111899823917
0.025111899823917
0.025111899823917
0.0269297275468992
0.0258156273293786
0.0258156273293786
0.0264602585108354
0.0264602585108354
0.0264312787785356
0.0256669383391304
0.0256669383391304
0.0256669383391304
0.0256669383391304
0.0256669383391304
0.0256669383391304
0.0256669383391304
0.0256669383391304
0.0256669383391304
0.0256669383391304
0.0256669383391304
0.0256669383391304
0.0256669383391304
0.0256669383391304
0.0256669383391304
0.0244362587542326
0.0258299493333164
0.0258299493333164
0.0256669383391304
0.021453455193063
0.0256669383391304
0.0256669383391304
0.0256669383391304
0.0256669383391304
0.0261415805706798
0.0246871305484357
0.0250608891359842
0.02579601484821
0.02579601484821
0.0250503134907439
0.0250503134907439
0.0250503134907439
0.0250503134907439
0.0250503134907439
0.0250503134907439
0.0255343042652839
0.0253742331225538
0.0253742331225538
0.0271605385204087
0.027075167244286
0.0259276559320688
0.025764760004467
0.025764760004467
0.0259276559320688
0.0259276559320688
0.025764760004467
0.025764760004467
0.025764760004467
0.025909119836865
0.0256323774993028
0.0344959166858593
0.0309512545669356
0.0344661866936324
0.0344245003028429
0.0308377770568489
0.0308377770568489
0.0308377770568489
0.0308377770568489
0.0308377770568489
0.0308377770568489
0.0308377770568489
0.0308377770568489
0.0308377770568489
0.0308377770568489
0.0308377770568489
0.0308377770568489
0.0307808628727671
0.0307808628727671
0.0307808628727671
0.0307808628727671
0.0307808628727671
0.0307808628727671
0.0307808628727671
0.0307808628727671
0.0307808628727671
0.0307808628727671
0.0317814325433983
0.0317814325433983
0.0315244189687377
0.031184147475525
0.031184147475525
0.031184147475525
0.031184147475525
0.0311529127986951
0.0311529127986951
0.0311529127986951
0.0311529127986951
0.0311529127986951
0.0311529127986951
0.0311529127986951
0.0311529127986951
0.0311529127986951
0.0311529127986951
0.0311529127986951
0.0311529127986951
0.0311529127986951
0.0311529127986951
0.0312100515744968
0.0312100515744968
0.0312100515744968
0.0312100515744968
0.0312100515744968
0.0319877589083492
0.0321507699025351
0.0321507699025351
0.0319877589083492
0.0319877589083492
0.0335088456271947
0.0335088456271947
0.0335088456271947
0.0335448892412808
0.0335448892412808
0.0335448892412808
0.0335448892412808
0.0335231236925169
0.0335231236925169
0.0320009682694702
0.0320009682694702
0.0320009682694702
0.0320009682694702
0.0319999233508841
0.0319999233508841
0.0319999233508841
0.0319999233508841
0.0319999233508841
0.0317898078713835
0.028713386243495
0.0327135617472039
0.0332578419469702
0.0338880277318354
0.0332598648869943
0.0339754804972633
0.0337142204209539
0.0326070464287963
0.0307884282221454
0.0307884282221454
0.0307884282221454
0.0307884282221454
0.0307884282221454
0.0307884282221454
0.0307884282221454
0.0307884282221454
0.0307884282221454
0.0307884282221454
0.0307884282221454
0.0307884282221454
0.0338858741267103
0.0341220158292108
0.0341220158292108
0.0374692968086899
0.0341103743681702
0.0341103743681702
0.030445282035936
0.030445282035936
0.030445282035936
0.0287591374863519
0.0287591374863519
0.0287584846776386
0.0275058160616422
0.0275058160616422
0.0342177661807151
0.0342177661807151
0.0340474840905558
0.0340474840905558
0.0340474840905558
0.0340474840905558
0.0340474840905558
0.0340474840905558
0.0340474840905558
0.0340474840905558
0.0340474840905558
0.0340474840905558
0.0342388191753014
0.0334885623668517
0.0333980960573992
0.0342140163646062
0.0342140163646062
0.0342140163646062
0.0342140163646062
0.033578427317377
0.033578427317377
0.033578427317377
0.033578427317377
0.033578427317377
0.033578427317377
0.0297581405223699
0.0293535699685457
0.0293535699685457
0.0293535699685457
0.0293525666506559
0.0293525666506559
0.0293525666506559
0.0291964386050914
0.0291964386050914
0.0291964386050914
0.0293512206503741
0.0293512206503741
0.0293512206503741
0.0294820390485319
0.0294298632234571
0.0258408476669875
0.0254339323222038
0.0241059509347491
0.0239762000053028
0.023920060003236
0.023920060003236
0.023920060003236
0.024741074812076
0.0248141208021677
0.0251466127554666
0.0249790101736028
0.0249790101736028
0.0249790101736028
0.0293941477170438
0.0309404381614621
0.028581208703416
0.0285363337922309
0.0282277395665123
0.0281540937293433
0.0278153228783656
0.0306381713377079
0.0307624209829037
0.0297715407487396
0.0296287682525175
0.0295994812545944
0.0296141719019582
0.0305325326989904
0.0305307600000485
0.030563222317424
0.0305472109940206
0.0285744353994166
0.0283142451129702
0.0283394421771098
0.0283170918141335
0.0282878006565073
0.0282731405771038
0.0283428461497491
0.0282767922778834
0.0282881991771597
0.0282832181876365
0.0282738909861112
0.0282980860762068
0.0282943774221834
0.0285157236370262
0.0284938251963002
0.0276345379116287
0.0275831703619983
0.0275904841393672
0.0275758145707644
0.0276344822000259
0.0276454880465234
0.0275776450809579
0.0276093631564566
0.02758759619018
0.0275785146573781
0.0275879612545827
0.02761163968358
0.0275831214822554
0.0285462647559873
0.0243178453047856
0.0243178435467118
0.0243178453047856
0.0315242332474067
0.0300818984411433
0.0285801562452472
0.0288475702720592
0.0289725886571158
0.0289718991994561
0.0279393484747361
0.0279393484747361
0.0297544299358538
0.0291123087043894
0.0281298673129379
0.0286743280282216
0.0274303343431047
0.0277694833985954
0.0273606780307892
0.0279066422548963
0.0336782079696044
0.0309742972514975
0.0309542424896286
0.0283648515994565
0.0305287820383467
0.0269814243455477
0.0296677943341377
0.0275116246459095
0.0273124214586585
0.0276879393615179
0.0235347538680697
0.0214620595247599
0.0211511604078524
0.0210525410784639
0.0210525410784639
0.0210525410784639
0.0189212422811936
0.0284605378651236
0.0205854154439485
0.0204421780458152
0.0204932539916237
0.0208527470155777
0.0197128107252613
0.0285730535961994
0.0227922214639737
0.0226852621298433
0.0228759290216163
0.0227673182449604
0.0227613301837758
0.0227944125294662
0.0227872861007648
0.0228034788596232
0.0227702239497914
0.0487953350518059
0.0337704184071228
0.0297426369664262
0.0292787062060816
0.0290845440002675
0.0288579192078864
0.0291391194457524
0.0288604805876833
0.029131519973252
0.0290460312190585
0.0312753036497369
0.030771399584248
0.0311656526721368
0.0310181842121069
0.0309797172926828
0.0348405538059177
0.0348221986446744
0.0331484838446869
0.0360986497643281
0.0298366965749222
0.027999671071589
0.0287255947245596
0.0289705981070411
0.0290712151091407
0.0283032195140952
0.0280834455669147
0.028098251935614
0.027792236564724
0.0278287868430962
0.0277535874411642
0.0278373879085964
0.0277477021430052
0.0278343760066654
0.0277609452526597
0.0277325007668355
0.0277325007668355
0.0332885585354839
0.0279512159274188
0.0278543243772284
0.0278063243423099
0.0277279965653803
0.0277298429650576
0.0278067667199772
0.0280146537479868
0.0279365524609103
0.0280058673800242
0.0276743498073033
0.0259066754368627
0.0259673693269074
0.0258109925074214
0.025780898496192
0.0258971004176355
0.0269147939606683
0.0275507130797553
0.0289956422501806
0.0289313941385136
0.0289708008803989
0.0290722311204208
0.0283270757804902
0.0280264060095696