0.0619347478004341
0.0619347478004341
0.0636119841575968
0.0636530474140236
0.0636530474140236
0.0636530474140236
0.0636530474140236
0.0636530474140236
0.0619509604288384
0.0619347478004341
0.0619347478004341
0.0619347478004341
0.0619347478004341
0.0619347478004341
0.0619347478004341
0.0619347478004341
0.0619347478004341
0.0621381023347917
0.0623250567168527
0.0623250567168527
0.0625086540468405
0.0621637471716967
0.0621637471716967
0.0621637471716967
0.0621637471716967
0.0621637471716967
0.0621637471716967
0.0621637471716967
0.0621637471716967
0.0621637471716967
0.0621637471716967
0.0621227959115295
0.0621227959115295
0.0621227959115295
0.0612950711064932
0.0612849558237559
0.061299512916321
0.0612849558237559
0.0612847346847563
0.0613844480265618
0.0612612941805207
0.06125416598709
0.0612116492620496
0.0612116492620496
0.0612116492620496
0.0612065472109787
0.0612065472109787
0.0612065472109787
0.0612065472109787
0.0612063276600459
0.0612063276600459
0.0616736348811857
0.0616281124363638
0.0616281124363638
0.0616281124363638
0.0616281124363638
0.0616281124363638
0.0616281124363638
0.0616281124363638
0.0616232578960447
0.0616232578960447
0.0616232578960447
0.0616232578960447
0.0616232578960447
0.0616232578960447
0.0616232578960447
0.0616232578960447
0.0616232578960447
0.0616232578960447
0.0616232578960447
0.0616232578960447
0.0616232578960447
0.0616232578960447
0.0616232578960447
0.0616232578960447
0.0616232578960447
0.0616232578960447
0.0616799856411777
0.0616799856411777
0.0617368684625657
0.0617368684625657
0.0617368684625657
0.0617368684625657
0.0617368684625657
0.0617368684625657
0.0617368684625657
0.0617357915423578
0.0617357915423578
0.0617357915423578
0.0617787095256424
0.0618485062294694
0.0617850994425148
0.0617850994425148
0.0617850994425148
0.0617825344674207
0.0617825344674207
0.0619186231372459
0.061913516450039
0.061913516450039
0.061913516450039
0.0619702959185832
0.0619694656588414
0.0619694656588414
0.0646577428163084
0.0623398590094875
0.0623155420039306
0.063183383382462
0.0621985878726589
0.0621947333898955
0.0621944442994341
0.0621944442994341
0.0621944442994341
0.0621944442994341
0.0621944442994341
0.0621944442994341
0.0621944442994341
0.0621944442994341
0.0621944442994341
0.0622475465652143
0.066929896356126
0.066929896356126
0.066929896356126
0.0668458934008787
0.0668458934008787
0.0668458934008787
0.066460176405623
0.0597083230812552
0.0605253741531964
0.0637925159560818
0.0507157176321387
0.0332613980065706
0.0333495790366601
0.0333244380215404
0.0332940929516876
0.0332430530210685
0.0332273021731995
0.0332526097898829
0.033197206040978
0.0331969887706996
0.0331969887706996
0.0331969887706996
0.0331969887706996
0.0331963397836877
0.0331963397836877
0.0331963397836877
0.0331963397836877
0.0337651991153564
0.0331896752342913
0.0331799148068344
0.0331799148068344
0.0331799148068344
0.0331799148068344
0.0331799148068344
0.0331799148068344
0.0331881738021471
0.0331804330462862
0.0331804330462862
0.0331756255825122
0.0331756255825122
0.0331626114022412
0.0331766816408724
0.0331756255825122
0.0331921295686927
0.0331921295686927
0.0331921295686927
0.0331921295686927
0.0331921295686927
0.0335348555476733
0.0335348555476733
0.0335348555476733
0.0335329955405643
0.0335329955405643
0.0335329955405643
0.0335329955405643
0.0335329955405643
0.0335329955405643
0.0335342726640629
0.0335293198947531
0.0335318291769207
0.0335318291769207
0.0335318291769207
0.0335318291769207
0.0335318291769207
0.0335318291769207
0.0335318291769207
0.0335318291769207
0.0335318291769207
0.167929814722689
0.228975382022181
0.0435379692045243
0.205735412016292
0.206816008097886
0.210055746349349
0.209278798326601
0.0864657985260648
0.0340949034267048
0.0340184880132009
0.0340184880132009
0.0340184880132009
0.0340184880132009
0.0340184880132009
0.0340184880132009
0.0340184880132009
0.0340184880132009
0.0340184880132009
0.0340184880132009
0.0340184880132009
0.0340184880132009
0.0340184880132009
0.0340187308663949
0.0340184880132009
0.0340184880132009
0.0356908180776125
0.0339871277419467
0.0343753364649246
0.0340485358061286
0.0338311235978761
0.0338152152718022
0.0338011376344456
0.0337932503183445
0.0337932503183445
0.0337932503183445
0.0337932503183445
0.0337932503183445
0.0337225329614765
0.0328635453182112
0.0337225329614765
0.0337397227819404
0.0337397227819404
0.0337151730393606
0.0337151730393606
0.0337150161742413
0.0337150161742413
0.0337150161742413
0.0337150161742413
0.0337150161742413
0.0337150161742413
0.0337150161742413
0.0337150161742413
0.0337150161742413
0.0337150161742413
0.0337150161742413
0.0337171290954039
0.0337255726960273
0.0337255726960273
0.0337341230286597
0.0337341230286597
0.0337341230286597
0.033732010107497
0.033732010107497
0.0337385561433345
0.0334220535362287
0.0333088306212671
0.0335667105518197
0.03356353385976
0.03356353385976
0.0335603586290993
0.0335603586290993
0.0335603586290993
0.0335603586290993
0.0335603586290993
0.0335603586290993
0.0335603586290993
0.0335603586290993
0.0335603586290993
0.0335603586290993
0.0335601354659969
0.0335601354659969
0.0335601354659969
0.0335601354659969
0.0335601354659969
0.0335601354659969
0.0335601354659969
0.0335601354659969
0.0335601354659969
0.0335601354659969
0.0335601354659969
0.0335598609319357
0.0335627888254046
0.0335627888254046
0.0335627888254046
0.0335627888254046
0.0335596379724957
0.0335596379724957
0.033567445488251
0.0335653315955154
0.0335628132031563
0.0335680815731191
0.0336993777049905
0.033552159572456
0.033552159572456
0.033552159572456
0.0335575835890933
0.0335538479233898
0.0335538479233898
0.0335538479233898
0.033551727210841
0.0335506726927291
0.0335506726927291
0.0335506726927291
0.0335506726927291
0.0335506726927291
0.0335506726927291
0.0335506726927291
0.0335506726927291
0.0335506726927291
0.0335506726927291
0.0335506726927291
0.0335506726927291
0.0335506726927291
0.0335506726927291
0.0335367563326462
0.036048388456661
0.0350725182580677
0.0339386069846502
0.0336183582227625
0.0338076444141492
0.0338045368861884
0.0336455194662767
0.0335175222244728
0.0335176935223105
0.0335148323688293
0.033513575456388
0.0335135659836277
0.033520300363984
0.0335165064520271
0.0335053315030079
0.0335032098135066
0.0335089027657241
0.0335021548109482
0.0334989839584391
0.0334989839584391
0.0334989839584391
0.0334989839584391
0.0334989839584391
0.0334997669876871
0.0335593808271615
0.0335710174985262
0.0335683480606669
0.0335566970662655
0.0335566970662655
0.0335566970662655
0.0335566970662655
0.0335566970662655
0.0335566970662655
0.0335566970662655
0.0335566970662655
0.0335566970662655
0.0335566970662655
0.0335566970662655
0.0335566970662655
0.0335601513794146
0.0335601513794146
0.0335563669147194
0.0335563669147194
0.0335563669147194
0.0335563669147194
0.0335563669147194
0.0335563669147194
0.0335563669147194
0.0335563669147194
0.0332471398481604
0.0335563669147194
0.0335563669147194
0.0335563669147194
0.0335563669147194
0.0335563669147194
0.0335563669147194
0.0335563669147194
0.0335563669147194
0.0335513186418983
0.0335513186418983
0.0335513186418983
0.0335513186418983
0.0335532068080933
0.0335532068080933
0.0335532068080933
0.0334933791293517
0.0334933791293517
0.0334907574958331
0.0334907574958331
0.0334882391034741
0.0334882391034741
0.0334738976624461
0.0335128901369486
0.0335270095315762
0.0335295279239353
0.0335295279239353
0.0335238343009155
0.0335238343009155
0.0335238343009155
0.0335238343009155
0.0335238343009155
0.0335238343009155
0.0335238343009155
0.0335238343009155
0.0335276187656107
0.0335276187656107
0.0335276187656107
0.0335276187656107
0.0335238343009155
0.0335238343009155
0.0335238343009155
0.0335238343009155
0.0335238343009155
0.0335238343009155
0.0335238343009155
0.0335238343009155
0.0335238343009155
0.0335238343009155
0.0335238343009155
0.0335238343009155
0.0335238343009155
0.0335212637271236
0.0335212637271236
0.0337787009329513
0.0335276187656107
0.0335276187656107
0.0335276187656107
0.0335276187656107
0.0335276187656107
0.0335238343009155
0.0335238343009155
0.0335238343009155
0.0335238343009155
0.0335238343009155
0.0335238343009155
0.0335238343009155
0.0335314431360772
0.0335314431360772
0.0335270095315762
0.0335270095315762
0.0335238343009155
0.0335238343009155
0.0335267876873118
0.0335267876873118
0.0335267876873118
0.0335267876873118
0.0335236124566512
0.0335236124566512
0.0335236124566512
0.0335236124566512
0.033524240343489
0.033536446366548
0.0335358184797101
0.0335358184797101
0.0335358184797101
0.0335358184797101
0.0335358184797101
0.0335358184797101
0.0335358184797101
0.0336740085853805
0.0335423165439181
0.0335338729432947
0.0335304588239006
0.0335304588239006
0.0335304588239006
0.0335304588239006
0.0335304588239006
0.0335304588239006
0.0335294236227874
0.0335273636280791
0.0335337549933394
0.0335337549933394
0.0335337549933394
0.0335337549933394
0.0335337549933394
0.0335337549933394
0.0335337549933394
0.0335337549933394
0.0335337549933394
0.0335337549933394
0.0335337549933394
0.0335337549933394
0.0335337549933394
0.033533643488179
0.033533643488179
0.0335356833217519
0.0335354880092418
0.0335354880092418
0.0336308161591033
0.0336283365112421
0.0336283365112421
0.0345664223894162
0.0293742809622082
0.0287652644584988
0.0287555001521421
0.0287487382044643
0.0287467555533952
0.0287467555533952
0.0287465401725922
0.0287465401725922
0.0291961716440183
0.0291961716440183
0.0287478781106385
0.0291968405888253
0.0291963762593787
0.0291939873388159
0.0291902245906181
0.0291306136761934
0.028672706815433
0.028564312935063
0.0286688399669613
0.0286689663028283
0.0286688399669613
0.0286643789425515
0.0293161989599378
0.0293816028233249
0.0293824044991585
0.0293834341731834
0.0293818374593854
0.0293818374593854
0.0293818374593854
0.0293818374593854
0.0293818374593854
0.0293806788083969
0.0293806788083969
0.0293806788083969
0.0293806788083969
0.0293814756865149
0.0293895327473813
0.0292726866292893
0.0293973081987203
0.0293687717298749
0.0286526015681199
0.0293376337516248
0.0293282640250177
0.0300655461010884
0.0293575258588329
0.029354992759708
0.0294540268381485
0.0295665470636685
0.0285890065929108
0.0285870382344378
0.0285870382344378
0.0285870382344378
0.0285870382344378
0.0285870382344378
0.0285870382344378
0.0285870382344378
0.0285870382344378
0.0285870382344378
0.0285870382344378
0.0285870382344378
0.0285870382344378
0.0285870382344378
0.0285870382344378
0.0285870382344378
0.0285870382344378
0.0286801375505914
0.0286889373897689
0.0285886836849323
0.0285886836849323
0.0285886836849323
0.0285886836849323
0.0285886836849323
0.0285867153264593
0.0285883436914045
0.0285930426746828
0.0285880754608372
0.0285879612116483
0.0285887756709039
0.0286193026079838
0.0286192050624613
0.0286147561386745
0.0286147561386745
0.0286146331444286
0.0286146331444286
0.0286146331444286
0.0286146331444286
0.0286146331444286
0.0286146331444286
0.0286146331444286
0.0286146331444286
0.0286146331444286
0.0286146331444286
0.0287191208620903
0.0287191208620903
0.0287191208620903
0.0287191208620903
0.0287191208620903
0.0287191208620903
0.0287191208620903
0.0287191208620903
0.0286909539725357
0.0286909539725357
0.028813577252087
0.0288607427465128
0.0288689267357315
0.0288556373273024
0.0287412667081213
0.0287403192628886
0.0287250621227383
0.0287221726916593
0.0287191208620903
0.0287191208620903
0.0287191208620903
0.0287191208620903
0.0287191208620903
0.0287191208620903
0.0287201094962413
0.0286919426066866
0.0286909539725357
0.0286909539725357
0.0286909539725357
0.0286909539725357
0.0286909539725357
0.0286909539725357
0.0286909539725357
0.0286909539725357
0.0286909539725357
0.0286909539725357
0.0286909539725357
0.0286909539725357
0.0286909539725357
0.0286909539725357
0.0286929348285324
0.0286929348285324
0.0286933042198587
0.0286956544671818
0.0286933042198587
0.0286933042198587
0.0286909539725357
0.0286909539725357
0.0286907352426186
0.0286907352426186
0.0294292731349611
0.0286700006412816
0.0286676525486823
0.0286676525486823
0.028663332538985
0.028663332538985
0.028663332538985
0.028663332538985
0.028663332538985
0.028663332538985
0.028663332538985
0.028663332538985
0.028663332538985
0.028663332538985
0.028663332538985
0.028663332538985
0.028663332538985
0.028663332538985
0.028663332538985
0.028663332538985
0.028663332538985
0.028663332538985
0.028663332538985
0.028663332538985
0.028663332538985
0.028663332538985
0.028663332538985
0.028663332538985
0.0286536567068005
0.0308255752966493
0.0301157810098056
0.0538586728051787
0.0538515504336792
0.0539228296683672
0.0539228296683672
0.0539179611052678
0.0539179611052678
0.0548021360805874
0.0548018126811858
0.0548018126811858
0.0548018126811858
0.0555929828560397
0.0556143118165746
0.0556143118165746
0.0556143118165746
0.059531372299328
0.0347639975155711
0.0347639975155711
0.0347637170336043
0.0347637170336043
0.0347638066773262
0.0347638066773262
0.0347638066773262
0.0347638066773262
0.0347638066773262
0.0347638066773262
0.0347638066773262
0.0347638066773262
0.0347638066773262
0.0347638066773262
0.0347638066773262
0.0347638066773262
0.0347638066773262
0.0347638066773262
0.0347638066773262
0.0347638066773262
0.0347638066773262
0.0347620750414116
0.0347620750414116
0.0347620750414116
0.0347664675815408
0.0347664675815408
0.0347664675815408
0.0347664675815408
0.0339400164444115
0.0338376478744076
0.0338376478744076
0.0347598187681303
0.0339260812854866
0.0338714430121791
0.0340254462327344
0.0338703359068766
0.0445160787289435
0.0338134622914006
0.0338535449281766
0.0338424317372825
0.0338425741828994
0.0338372251702228
0.0348632482864038
0.0351640294327138
0.0351381842385357
0.035136425918646
0.033646123964054
0.0331839734249712
0.0332446617891614
0.0332233414049117
0.0331591863188047
0.0313193861212811
0.0314400757235371
0.0314322129387385
0.0314321541326996
0.0411445689500349
0.0411432700648582
0.0312806084301333
0.00267667728241508
0.0304624378673794
0.0304624378673794
0.0304624378673794
0.0304631213967662
0.0304706151207723
0.0304703240081073
0.030461427628929
0.0304613575498686
0.0304613575498686
0.0304613575498686
0.0304613575498686
0.0304613575498686
0.0304613575498686
0.0304613575498686
0.0304613575498686
0.0304613575498686
0.0304613575498686
0.0304613575498686
0.0304613575498686
0.0304613575498686
0.0304613575498686
0.0304613575498686
0.0304613575498686
0.0304636981553803
0.0304613575498686
0.0304613575498686
0.0304613575498686
0.0304613575498686
0.0304613575498686
0.0304613575498686
0.0300579030128698
0.0300579030128698
0.0300579030128698
0.0300579030128698
0.0300579030128698
0.0300579030128698
0.0300579030128698
0.0298413833821474
0.0298413833821474
0.0392519646474352
0.0298455143050356
0.0298455143050356
0.0298455143050356
0.0298455143050356
0.0298478428808199
0.0298413833821474
0.0298412681546645
0.0298412681546645
0.0298412681546645
0.0298412681546645
0.0298412681546645
0.0298412681546645
0.0298412681546645
0.0298412681546645
0.0298412681546645
0.0298412681546645
0.0298412681546645
0.0298412681546645
0.028693779262772
0.00228910548617354
0.00228950637445398
0.0022876883416286
0.0261238535747557
0.0261238535747557
0.00228550001322029
0.00229044998194375
0.00230733961787365
0.00224258630058974
0.00224258630058974
0.00224139543408595
0.00224122540888834
0.0022411254267617
0.00224081971951308
0.002241280849637
0.00224092125137505
0.00224081971951308
0.00229607229633389
0.00229607229633389
0.00229607229633389
0.00229277125841394
0.00229182015356436
0.100336325361585
0.00243434312558964
0.00243434312558964
0.00243461465148769
0.00243441259787555
0.00243441259787555
0.00243441259787555
0.00241945962149696
0.00242858587655809
0.00242779630771566
0.00242576424401307
0.00242187227646041
0.00242187227646041
0.00242183278001637
0.00242180334861919
0.00242180334861919
0.00242180334861919
0.00242180334861919
0.00242320775799102
0.00242320775799102
0.00242320775799102
0.00235636401403774
0.00242320775799102
0.00242320775799102
0.00242627438447969
0.00242627438447969
0.00242627438447969
0.00242627438447969
0.00242627438447969
0.00242627438447969
0.00242627438447969
0.00242627438447969
0.00242627438447969
0.00242627438447969
0.00242627438447969
0.00242627438447969
0.00242627438447969
0.00242627438447969
0.00242627438447969
0.00242627438447969
0.00242627438447969
0.00242627438447969
0.00242627438447969
0.00242627438447969
0.00242627438447969
0.00242605572042278
0.00242603223031195
0.00242603223031195
0.00242603223031195
0.00242603223031195
0.00242623128815359
0.00242603223031195
0.00229130667348928
0.00229130667348928
0.00229130667348928
0.00229338215173596
0.0022945808669449
0.00230602665380504
0.00234309148151079
0.00234376802457248
0.00234336779898788
0.00229750973206928
0.00234307704974067
0.00235127640896654
0.00234296244874983
0.00234336779898788
0.00234325763819719
0.00234285631009178
0.00229571289751749
0.00229143853519345
0.00229143853519345
0.00229143853519345
0.00229128040340457
0.00229128040340457
0.00229128040340457
0.00229128040340457
0.00229123972098306
0.00229123972098306
0.00229123972098306
0.00229765613836606
0.00229776204897922
0.00229776204897922
0.00229765613836606
0.0022971392877113
0.0022971392877113
0.0022971392877113
0.0022971392877113
0.00229716645394854
0.00229716645394854
0.00230127185443247
0.00230149005501761
0.00230159905266365
0.00230159905266365
0.00229975986349082
0.00229348990880379
0.00229348990880379
0.00229348990880379
0.00229348990880379
0.00229348990880379
0.00229348990880379
0.00229348990880379
0.00229348990880379
0.00229348990880379
0.00229348990880379
0.00229339765017654
0.00229339765017654
0.00229339765017654
0.00229339765017654
0.00229339765017654
0.00229339765017654
0.00229337069962796
0.00229337069962796
0.00229337069962796
0.00229337069962796
0.00229337069962796
0.00229337069962796
0.00229337069962796
0.00229337069962796
0.00229337069962796
0.00229337069962796
0.00229337069962796
0.00229194068331071
0.00229194068331071
0.00229194068331071
0.00229194068331071
0.00229194068331071
0.00229194068331071
0.00229194068331071
0.00229194068331071
0.00229194068331071
0.00229194068331071
0.0022919136947993
0.0022919136947993
0.0022919136947993
0.0022919136947993
0.0022919136947993
0.0022919136947993
0.00229334371111655
0.00229334371111655
0.00229334371111655
0.00229334371111655
0.00229354700246368
0.00229354700246368
0.00229547123223977
0.00229547123223977
0.00229547123223977
0.00229536546884406
0.00229516141212285
0.00229772346726334
0.00229727863738047
0.00229727863738047
0.00229727863738047
0.00229727863738047
0.00229727863738047
0.00229727863738047
0.00229727863738047
0.00229727863738047
0.00229727863738047
0.00229727863738047
0.00229727863738047
0.00229727863738047
0.00229727863738047
0.00229727863738047
0.00229727863738047
0.00229727863738047
0.00229727863738047
0.00229727863738047
0.00229727863738047
0.00229727863738047
0.00229727863738047
0.00229727863738047
0.00229699345725943
0.00229699345725943
0.00229688617929728
0.00229688617929728
0.00229688617929728
0.00229699208991045
0.00229699208991045
0.00229699208991045
0.00229699208991045
0.00229699208991045
0.00229699208991045
0.00229699208991045
0.00229699208991045
0.00229699208991045
0.00229699208991045
0.00229699208991045
0.00229727727003148
0.00229727727003148
0.00229727727003148
0.00229727727003148
0.00229727727003148
0.00229727727003148
0.00229727727003148
0.00229727727003148
0.00229727727003148
0.00229727727003148
0.00229583992854429
0.00229583992854429
0.00229583992854429
0.00229583992854429
0.00229583992854429
0.00229582657539522
0.00229582657539522
0.00229582657539522
0.00229726391688241
0.00229726391688241
0.00229726391688241
0.00229726391688241
0.00229726391688241
0.00229726391688241
0.00229726391688241
0.00229726391688241
0.00229726391688241
0.00229726391688241
0.00229726391688241
0.00229726391688241
0.00229726391688241
0.00229726391688241
0.00229726391688241
0.00229726391688241
0.00229726391688241
0.00229726391688241
0.00229726391688241
0.00229726391688241
0.00229726391688241
0.00229726391688241
0.00229726391688241
0.00229726391688241
0.00229726391688241
0.00229561967675193
0.00229561967675193
0.00229551679440533
0.00229551679440533
0.00229551679440533
0.00229551679440533
0.00229551679440533
0.00229551679440533
0.00229551679440533
0.00229551679440533
0.00229551679440533
0.00229726391688241
0.00229726391688241
0.00229715494491607
0.0022978293778765
0.0022978293778765
0.0022978293778765
0.0022978293778765
0.0022978293778765
0.0022978293778765
0.0022978293778765
0.0022978293778765
0.0022978293778765
0.0022978293778765
0.00229793568257567
0.00229793568257567
0.0022978293778765
0.0022978293778765
0.0022978293778765
0.0022978293778765
0.0022978293778765
0.0022978293778765
0.0022978293778765
0.0022978293778765
0.0022978293778765
0.0022978293778765
0.0022978293778765
0.0022978293778765
0.0022978293778765
0.0022978293778765
0.0022978293778765
0.0022978293778765
0.0022978293778765
0.0022978293778765
0.0022978293778765
0.0022978293778765
0.0022978293778765
0.0022978293778765
0.0022978293778765
0.0022978293778765
0.0022978293778765
0.00229291493191554
0.00228691661801485
0.00228691661801485
0.00228631570981221
0.00228631570981221
0.00228631570981221
0.00228631570981221
0.00228631570981221
0.00228631570981221
0.00228631570981221
0.00228631570981221
0.00228622219415139
0.00228622219415139
0.00228622219415139
0.00228622219415139
0.00228622219415139
0.00228622219415139
0.00228622219415139
0.00228622219415139
0.00228622219415139
0.00228622219415139
0.00228622219415139
0.00228622219415139
0.00228622219415139
0.00228622219415139
0.00228622219415139
0.00228719942711493
0.00228719942711493
0.00228693391098277
0.00228622219415139
0.00228622219415139
0.00228622219415139
0.00228622219415139
0.00228622219415139
0.00228622219415139
0.00228622219415139
0.00228622219415139
0.00228622219415139
0.00228622219415139
0.00228622219415139
0.00228622219415139
0.00228622219415139
0.00228622219415139
0.00228622219415139
0.00228622219415139
0.00228622219415139
0.00228622219415139
0.00228622219415139
0.00228622219415139
0.00228622219415139
0.00228622219415139
0.00228622219415139
0.0022861822092377
0.00228575400539954
0.00228575400539954
0.00228575400539954
0.00228575400539954
0.00228575400539954
0.00228575400539954
0.0022978293778765
0.0022978293778765
0.0022978293778765
0.0022978293778765
0.0022978293778765
0.0022978293778765
0.0022978293778765
0.0022978293778765
0.0022978293778765
0.0022978293778765
0.0022978293778765
0.0022978293778765
0.0022978293778765
0.0022978293778765
0.0022978293778765
0.0022978293778765
0.0022978293778765
0.0022978293778765
0.0022978293778765
0.0022978293778765
0.0022978293778765
0.0022978293778765
0.0022978293778765
0.0022978293778765
0.00230097217127477
0.00230097217127477
0.00253274520931984
0.00253274520931984
0.00253274520931984
0.00253274520931984
0.00253274520931984
0.00253274520931984
0.00253274520931984
0.00252916655237041
0.00252916655237041
0.00252916655237041
0.00252916655237041
0.00252905798940042
0.00252905798940042
0.00252905798940042
0.00252905798940042
0.00252905798940042
0.00255850789950836
0.00247983449557851
0.00255759264632092
0.00255770166957426
0.00255832266223638
0.00255787028426561
0.00254656903649232
0.00254699603173044
0.00254699603173044
0.00254688700847709
0.00254688700847709
0.00254688700847709
0.00254688700847709
0.00254688700847709
0.00254688700847709
0.00254688700847709
0.00254688700847709
0.00254688700847709
0.00254688700847709
0.00254688700847709
0.00254688700847709
0.00254688700847709
0.00254761937031503
0.00254761937031503
0.00254750800113921
0.00254833922766523
0.00254771823500311
0.00254771823500311
0.00254771823500311
0.00254771823500311
0.00271178802553637
0.00271178802553637
0.00271172799714894
0.0817321784484865
0.0817321784484865
0.00736720081059605
0.00736385733949322
0.00732721085043842
0.00732721085043842
0.00732721085043842
0.00732721085043842
0.00732721085043842
0.00732721085043842
0.00732721085043842
0.00732721085043842
0.00732721085043842
0.00732721085043842
0.00732649400371363
0.00745285493680519
0.00744814307065933
0.00744802287483814
0.00744875692414677
0.00744875692414677
0.00744875692414677
0.00762783878835818
0.00762783878835818
0.00762783878835818
0.00762783878835818
0.00762783878835818
0.00762783878835818
0.00721342594202227
0.00721342594202227
0.00721342594202227
0.00721130166818217
0.0073239668549758
0.0073239668549758
0.0073239668549758
0.0072103125903484
0.0072103125903484
0.0072103125903484
0.0072103125903484
0.0072103125903484
0.0072103125903484
0.00721105891291255
0.00721321435690233
0.00751149972034239
0.00744609917303728
0.00719821397289147
0.00719821397289147
0.00720458249604701
0.00720490655307972
0.00720490655307972
0.00720596500165663
0.00717970668972117
0.00727061669535151
0.0072761412003436
0.0072761412003436
0.0072761412003436
0.00725623387348258
0.00729817749245615
0.00729178386305734
0.00729017068475539
0.00728352041169715
0.00727573844392487
0.00727341959982313
0.00727356946093789
0.00727464820792242
0.00632242257447452
0.00707217026877291
0.00707523189820195
0.00707456215540575
0.00707448947234107
0.00707508530773955
0.00707542005977878
0.00707465427983701
0.0858674022079889
0.0858716270183439
0.0858654863693636
0.0882648160333405
0.0882648942193097
0.0882648426813604
0.0882704923711444
0.08836303754225
0.0882827813229257
0.0882702612333191
0.0882720200507881
0.0882768976534598
0.0882780964455
0.0882473661801191
0.0882374560230923
0.0882358152352105
0.0882316591726637
0.0882315293010265
0.0882302621691803
0.088234955915136
0.0882355700553269
0.0882488641513095
0.0882411691754649
0.0882380413533775
0.0882489048991577
0.088237125276683
0.088242310532743
0.0882658965808707
0.0921592905313861
0.1082928058827
0.108303015210406
0.1082928058827
0.00707489898426074
0.00706779696560241
0.0070613863873247
0.00706051122396646
0.00706055216596733
0.00706001721598614
0.00706000469206193
0.00705989837657748
0.00756382171653804
0.0075598588353119
0.0465597374261431
0.0463023239007478
0.0463028251215115
0.0474727463502273
0.0474710835241525
0.0500149993575495
0.0477076594822728
0.0488506926389825
0.0488525268052507
0.047706916729592
0.0479974725261106
0.0441656419589429
0.0488004026360805
0.0497763877869817
0.0497763877869817
0.0601805702644313
0.192935918955751
0.176813435435866
0.176650039029053
0.177207617545211
0.177207617545211
0.177207617545211
0.186417202800299
0.176628764754502
0.172204302070921
0.170123706020769
0.169975309024698
0.169910575406653
0.166665472938479
0.150361366477176
0.145616962122862
0.145552194131953
0.145540796305949
0.145521428483621
0.145556085569739
0.145547398850646
0.145511617353527
0.145512248516058
0.145525360167125
0.145537869458891
0.145662093906518
0.145678496616084
0.145645010983557
0.145677715211638
0.145683246093183
0.145770419743948
0.146091472081409
0.145669396403164
0.145289495797457
0.146157955860789
0.144114610578894
0.144079999898237
0.146198123518183
0.146247760488833
0.146806896044447
0.14677357413877
0.144450284129288
0.144333141335422
0.146608621224187
0.135301838307406
0.14637620983256
0.144029141723347
0.143993098426995
0.144328377644992
0.144029677372994
0.144005202864978
0.144011268384649
0.143996414221192
0.143985704480065
0.143993536442679
0.144025548576199
0.146161276865723
0.146406479967377
0.146417062090276
0.144714563708049
0.145170752785221
0.144211121918562
0.146412503142695
0.146393729908121
0.146389147764634
0.146388144476411
0.146396037260719
0.146379965357152
0.146415883017457
0.146394813553931
0.146407620420283
0.146499149855779
0.146480919967298
0.146464105883025
0.146473511620801
0.146462452252041
0.146432824771941
0.146423044767186
0.146287527777619
0.146277140693329
0.14633667089912
0.146298921289199
0.146312080360365
0.146288242780642