0.0655509364373351
0.0655229560769804
0.0674241845046674
0.0674241845046674
0.067658562322996
0.067658562322996
0.0676164012068202
0.0676164012068202
0.0657207729758831
0.0657128921488921
0.0657128921488921
0.0657128921488921
0.0657128921488921
0.0657128921488921
0.0657128921488921
0.0657128921488921
0.0657128921488921
0.0657128921488921
0.0658748164870552
0.0653333920684505
0.0660137216605843
0.0660137216605843
0.0660137216605843
0.0660137216605843
0.0660137216605843
0.0660137216605843
0.0660137216605843
0.0660137216605843
0.0660137216605843
0.0660137216605843
0.0660137216605843
0.0659718271752979
0.0659718271752979
0.0659718271752979
0.0651500035204644
0.0651441647430366
0.0667047521119532
0.0667047521119532
0.0651769490416232
0.0651262699170699
0.0651190463348915
0.0651190463348915
0.0650716826855874
0.0650716826855874
0.0650716826855874
0.0650616718429558
0.0650616718429558
0.0650616718429558
0.0650616718429558
0.0650613474195387
0.0650651526962734
0.0650643952629487
0.0650541303697246
0.0650508559364992
0.0650459611884156
0.0650459611884156
0.0650459611884156
0.0650459611884156
0.0650459611884156
0.0650449671692718
0.0650449671692718
0.0650449671692718
0.0650449671692718
0.0650449671692718
0.0650449671692718
0.0650449671692718
0.0650449671692718
0.0650449671692718
0.0650449671692718
0.0650449671692718
0.0650449671692718
0.0650449671692718
0.0650449671692718
0.0650449671692718
0.0650449671692718
0.0650449671692718
0.0650449671692718
0.0650536829690677
0.0650536829690677
0.0650449671692718
0.0650449671692718
0.0650449671692718
0.0650449671692718
0.0650449671692718
0.0650449671692718
0.0650449671692718
0.0650446388399402
0.0650446388399402
0.0650446388399402
0.065834667309001
0.0657996670908559
0.0658562438416456
0.0658562438416456
0.0658459744742487
0.0658409934998867
0.0658409934998867
0.0659368793034182
0.065926962529524
0.065926962529524
0.065926962529524
0.0659979368652042
0.0659829181744483
0.0659829181744483
0.0689768945153965
0.08072600247545
0.0792592610825819
0.0775255879297231
0.0829864277089439
0.0829856879597267
0.0829847938906312
0.0822743631640544
0.0822743631640544
0.0822743631640544
0.0822743631640544
0.0822743631640544
0.0822743631640544
0.0822743631640544
0.0822743631640544
0.0823572792002567
0.0885828942045187
0.0885828942045187
0.0885828942045187
0.0885699721144294
0.0885699721144294
0.0885829138628111
0.0889098661691136
0.0829951812316827
0.0705644865722101
0.0711388513369964
0.0821110562742431
0.0820212453902703
0.0771401462731429
0.0655195124336678
0.0654440312249886
0.0651601105477117
0.065159312610486
0.0666828600838555
0.065145139830648
0.0651096454452632
0.0650843821511865
0.0650843821511865
0.0650843821511865
0.00150221918605357
0.000427692546812754
0.000427677341902698
0.000427486453373344
0.000556831473045722
0.000427094180917579
0.000427094180917579
0.000427094180917579
0.000427094180917579
0.000427094180917579
0.000427094180917579
0.000427094180917579
0.00042724110553726
0.0636582564701934
0.063807265911518
0.0642136619937946
0.0642196801964094
0.0646280458127147
0.0645293707350686
0.0644585515992871
0.0644616120886561
0.0644616120886561
0.0644616120886561
0.0644616120886561
0.0644616120886561
0.064569212107793
0.064569212107793
0.0645608596636069
0.064553429125003
0.064553429125003
0.064553429125003
0.064553429125003
0.064553429125003
0.064553429125003
0.0703318005869786
0.0703257422658017
0.0702614232918006
0.0702519109503914
0.0702477081627061
0.0702372675882432
0.07012228734906
0.07012228734906
0.0702346721546343
0.0702346721546343
0.07012228734906
0.0710667833261994
0.0718009509779993
0.0922032955764057
0.0710646704663083
0.0709321563846837
0.0718367143115083
0.0709122848193521
0.0709107141826483
0.070940324843502
0.0709497319246055
0.0709242106931796
0.0709242106931796
0.0709242106931796
0.0709242106931796
0.0709242106931796
0.0709242106931796
0.0709242106931796
0.0709242106931796
0.0709242106931796
0.0709242106931796
0.0709854374211318
0.0709570863211091
0.0709559804203889
0.0709570863211091
0.0710136858230335
0.0745630171766285
0.0874425556550169
0.0884802872990833
0.087217156672928
0.0871842029576154
0.087159480424891
0.087053297868941
0.0871690666849559
0.0871662669089169
0.0872652712085322
0.0872652712085322
0.0807912157262709
0.0830161584264445
0.0841261046228771
0.0807912157262709
0.0808925846407797
0.0810505833832524
0.0810259752822251
0.0810257318159002
0.0810241426775476
0.0810234432154824
0.0812215492648732
0.0812215492648732
0.0810262429915213
0.0810234432154824
0.0811071311306169
0.0810213972485867
0.0810213972485867
0.0810213972485867
0.0810213972485867
0.0810995074505231
0.08156181282345
0.0815338232160932
0.0810970216737866
0.0810514743436064
0.0810514743436064
0.0832577743374717
0.0832577743374717
0.0834119428442888
0.083405587741078
0.0833993043935415
0.0833245845267227
0.0810596750540721
0.0810571274097871
0.0810495216218362
0.0810495216218362
0.0810351771413388
0.0810351771413388
0.0810351771413388
0.0810251957696163
0.0810251957696163
0.0810251957696163
0.0810251957696163
0.0810251957696163
0.0810249612040195
0.0810249612040195
0.0810249612040195
0.0810249612040195
0.0810249612040195
0.0810249612040195
0.0810249612040195
0.0810249612040195
0.0810249612040195
0.0810249612040195
0.0810249612040195
0.0812590280171914
0.0815289700468081
0.0815289700468081
0.0810645123141737
0.0581611163926025
0.0799909078141439
0.0823799435032568
0.0824397457095017
0.0826780065181775
0.082623180688628
0.0827038477614088
0.0827186439470823
0.0826409028052673
0.0826381030292283
0.0826381030292283
0.0848844987524622
0.0848894941702265
0.0848894941702265
0.082635692175741
0.0826338232978073
0.0826328940037213
0.0826328940037213
0.0825755282396093
0.0825755282396093
0.0825755282396093
0.0825755282396093
0.0825755282396093
0.0825755282396093
0.0825755282396093
0.0825755282396093
0.0825755282396093
0.0825755282396093
0.0825755282396093
0.0825755282396093
0.0825643951515429
0.0846202182527279
0.0848118967873707
0.0837456125744948
0.0837180455773118
0.080510650147856
0.0804137714751456
0.0810264751918301
0.0830454025758109
0.0826168543959142
0.0825841160224525
0.0825117741456239
0.0825472899845578
0.0825706608316771
0.0826036636340013
0.0840121698448893
0.0841222544266606
0.0818221750570935
0.0823181996785658
0.0822967292047865
0.0822967292047865
0.0822967292047865
0.0822967292047865
0.0820480931511379
0.0818248578220904
0.0818014351892898
0.0823951308663016
0.08289092211756
0.0824700974567537
0.0822977956757722
0.0822977956757722
0.0822977956757722
0.0822977956757722
0.0822977956757722
0.0822977956757722
0.0822977956757722
0.0822977956757722
0.0822977956757722
0.0822977956757722
0.0822977956757722
0.0823090215944023
0.0823090215944023
0.0822898868774996
0.0822898868774996
0.0822898868774996
0.0822898868774996
0.0822898868774996
0.0822898868774996
0.0822898868774996
0.0822898868774996
0.0822877602748025
0.0822898868774996
0.0822898868774996
0.0822898868774996
0.0822898868774996
0.0822898868774996
0.0822898868774996
0.0822898868774996
0.0822898868774996
0.0822879293839567
0.0822879293839567
0.0822879293839567
0.0822879293839567
0.0822908526446662
0.0822908526446662
0.0822908526446662
0.0822864085127883
0.0822864085127883
0.0771757511534624
0.0771884352763434
0.0772965612477263
0.0783758873405882
0.0800340014321252
0.0799323014648781
0.0822523789773166
0.0800554554793272
0.0800377469767768
0.0800088380868899
0.0799429250656246
0.0799069971651644
0.0799069971651644
0.0799069971651644
0.0799069971651644
0.0799069971651644
0.0799069971651644
0.0803819514468699
0.0801627276405789
0.0802793379533737
0.0803310410933186
0.0806709791864272
0.0806709791864272
0.0806709791864272
0.0806014156002261
0.0806014156002261
0.0806014156002261
0.0806014156002261
0.0806014156002261
0.0806014156002261
0.0806014156002261
0.0806014156002261
0.0806014156002261
0.0806014156002261
0.0805914480691961
0.0805914480691961
0.0806014156002261
0.0803635132728089
0.0803635132728089
0.0803502751415026
0.0803502751415026
0.0803375071298579
0.0825355410068064
0.0825388031404924
0.0825388031404924
0.0825388031404924
0.0825786981402743
0.0803593601411922
0.080339531558399
0.0803648486125789
0.0803520340977034
0.0803363111695502
0.0803209722937048
0.0803194640591409
0.080317873123208
0.0803492759968057
0.0803492759968057
0.0803187994826107
0.0803187994826107
0.0803172912480468
0.0803172912480468
0.0803172912480468
0.0803172912480468
0.0806207060702717
0.0806181002191996
0.0805760407069615
0.0803146853969747
0.0803146853969747
0.0803146853969747
0.0803146853969747
0.0803146853969747
0.0803146853969747
0.0811851786543046
0.0809404673969626
0.0808632688252895
0.0803124760629573
0.0803124760629573
0.0803407630057045
0.0803407630057045
0.0803407630057045
0.0803407630057045
0.0803354277384291
0.0803248108426244
0.0803329047920776
0.0803329047920776
0.0803329047920776
0.0803329047920776
0.0803329047920776
0.0803329047920776
0.0803329047920776
0.0803046178493304
0.0803046178493304
0.08050733579922
0.08050733579922
0.08050733579922
0.0805561893541951
0.0805560721516908
0.0806146201610585
0.0806266587463551
0.0816310513473066
0.0816310513473066
0.0806604947373681
0.0806479573341514
0.0806479573341514
0.0806600404147706
0.0835549970743765
0.0865454877416265
0.0857123705004004
0.0859142964017869
0.0859205918354185
0.0858576997100982
0.085989543959391
0.0861408857749454
0.0865056459289183
0.0865056459289183
0.0863809983554776
0.0864636641515759
0.0864636641515759
0.0862429671407698
0.0862277397051127
0.087367996091331
0.0872289383061919
0.0872100796956405
0.0867226093958244
0.0868932639217591
0.0868932639217591
0.0868625482059185
0.0872157821021902
0.0878455566372006
0.087855043841871
0.0881262730823697
0.0881162865150109
0.0875952953941976
0.087656788337399
0.087656788337399
0.0875861505924944
0.0876307962324866
0.0877949493167377
0.0877635593007485
0.0874808435263045
0.0873996978520852
0.0875581916759168
0.0876461702724494
0.0878731385999624
0.0876625922615563
0.0865592860469565
0.0871172449117345
0.0871056418247194
0.0894313029841003
0.0872834198747324
0.0872659785998659
0.0874842599930468
0.0875060748664164
0.086465156751033
0.0864516039133941
0.0864516039133941
0.0864516039133941
0.0864516039133941
0.0864516039133941
0.0864516039133941
0.0864726931736883
0.0864726931736883
0.0864726931736883
0.0864726931736883
0.0864726931736883
0.0864726931736883
0.0864726931736883
0.0864726931736883
0.0864726931736883
0.0864726931736883
0.0867500252114916
0.0867776426403305
0.0864851749221363
0.0864851749221363
0.0864851749221363
0.0864851749221363
0.0864851749221363
0.0864664376175981
0.086619223426865
0.0864668226726434
0.0865840613258765
0.0864639926273605
0.0865485759253699
0.102264880332382
0.102272694868657
0.10238401105736
0.10250669760187
0.102526479749797
0.102526479749797
0.102526479749797
0.102526479749797
0.102526479749797
0.102526479749797
0.102505351873324
0.102526479749797
0.102526479749797
0.102526479749797
0.102855951361463
0.102863002055956
0.102863002055956
0.102863002055956
0.102863002055956
0.0869865416263281
0.0869865416263281
0.0869865416263281
0.0868395217687935
0.0868395217687935
0.0872693882281298
0.0997823850787281
0.102189914960922
0.0884727893060404
0.102004624191229
0.102175028175058
0.102457435530566
0.102871920825854
0.102878691463557
0.1030304264496
0.1030304264496
0.1030304264496
0.1030304264496
0.1030304264496
0.0872136561999009
0.0870666032560315
0.0870789207966916
0.0870743931133991
0.087067624932382
0.0870616321646012
0.0870616321646012
0.0870616321646012
0.08317075629675
0.08317075629675
0.0856015327390055
0.0863491505806412
0.0878412688226073
0.0878412688226073
0.0878967964215592
0.0878967964215592
0.086420500601757
0.086420500601757
0.0864475337259026
0.0864521371028907
0.0864406770936548
0.0864210179044528
0.0864075671186326
0.0864075671186326
0.0864071118470566
0.0864071118470566
0.0873466039790582
0.08679764724671
0.0867793720731007
0.0864433625054554
0.0863637919352537
0.0863637919352537
0.0862478428125301
0.0862478428125301
0.0863623039814967
0.0863630477886337
0.0863630477886337
0.0863630477886337
0.0863623039814967
0.0863623039814967
0.0863623039814967
0.0863623039814967
0.0863623039814967
0.0849913357762907
0.0863623039814967
0.0863623039814967
0.0863623039814967
0.0863623039814967
0.0864185805809831
0.0864185805809831
0.0864185805809831
0.0864185805809831
0.0864185805809831
0.0864185805809831
0.0874814295686309
0.0913474598500643
0.0913682403303788
0.086583909706365
0.0862744536404094
0.0862708954190434
0.0860478793196272
0.0860768443032965
0.0860768443032965
0.0860768443032965
0.0860759852981063
0.0860759852981063
0.0860759852981063
0.087214752383682
0.0872150584447806
0.0872150584447806
0.0872292639991524
0.0922617299184426
0.0946644353029479
0.0946644353029479
0.0946542609057509
0.0946542609057509
0.094654559718157
0.094654559718157
0.094654559718157
0.094654559718157
0.094654559718157
0.094654559718157
0.094654559718157
0.094654559718157
0.094654559718157
0.094677659741257
0.094654559718157
0.094654559718157
0.094654559718157
0.0954207104843077
0.0954207104843077
0.0946863789847229
0.0946736385376494
0.0973354037216127
0.0973354037216127
0.0973354037216127
0.0949021225002937
0.0949021225002937
0.0949000593728749
0.0949000593728749
0.092696562979296
0.0924133727751962
0.0924133727751962
0.0949009854627087
0.0997265513429128
0.100617255563266
0.100807785309738
0.100443375836379
0.13121237953803
0.0998311128945133
0.101145503419738
0.100908305945213
0.100903939234939
0.100884301398896
0.101004841613495
0.100881671019845
0.100903093078879
0.100590865084226
0.100469155505501
0.100579059058476
0.100700006831327
0.100681046678013
0.100761595666281
0.100725131924711
0.101168421393797
0.100689780629672
0.100784325092141
0.13229118256064
0.13218161990149
0.100489114865518
0.100312553891208
0.0995342171834594
0.0995205562340952
0.102098395467587
0.100778240911046
0.106197341159981
0.10760944595142
0.10759639300628
0.107590055181954
0.0998625109635181
0.0998774984115304
0.0999222252585173
0.0998999759343041
0.0999074678336879
0.0998849921355365
0.0998849921355365
0.0998849921355365
0.0998849921355365
0.0998702347107072
0.0998702347107072
0.0998702347107072
0.0998927104088586
0.0998702347107072
0.0998702347107072
0.0998827655133857
0.0998702347107072
0.0998702347107072
0.0998702347107072
0.0998477535386887
0.0998477535386887
0.0998702347107072
0.0990722795288134
0.0990722795288134
0.0991393725362272
0.0990722795288134
0.0990722795288134
0.0990722795288134
0.0990722795288134
0.099035934896558
0.099035934896558
0.130097554467277
0.0992255139690361
0.0991927917296647
0.0988997086031886
0.0989072023271947
0.0989122371980524
0.0989247469814876
0.0989241996509438
0.0989241996509438
0.0989241996509438
0.0989241996509438
0.0989241996509438
0.0989241996509438
0.0989241996509438
0.0989241996509438
0.0989241996509438
0.0989241996509438
0.0989241996509438
0.0989241996509438
0.0950630402943354
0.0952278162408771
0.095603974133098
0.0953069952615304
0.0945888150264675
0.0945888150264675
0.0927159263969803
0.0966321567582298
0.0978607909526227
0.0953353419177258
0.0953335281937931
0.101496184364902
0.0962517449255832
0.0962293119495558
0.0966165987580874
0.0966590565505309
0.0966346198568387
0.0966223693739379
0.0965466450674421
0.0965383095999663
0.0965383095999663
0.0967456796316313
0.0967999617205623
0.0919961676524939
0.0962239502955139
0.0962239502955139
0.0962419792617886
0.0962292794734462
0.0962274153204232
0.0962095277860024
0.0954716482717847
0.0961022321599289
0.0960351299971116
0.0964313803327476
0.096581016768735
0.0965586910895706
0.0965344761573841
0.0965080055939766
0.0964932523778819
0.0964932523778819
0.0964932523778819
0.110775893621005
0.113236053752084
0.113236053752084
0.113067862134304
0.114749647280249
0.114749647280249
0.114784338492402
0.114784338492402
0.114784338492402
0.114784338492402
0.114784126526156
0.114726016553032
0.114733017515664
0.114771017468214
0.114747019440929
0.114747019440929
0.114726016553032
0.114726016553032
0.114726016553032
0.114726016553032
0.114726016553032
0.114615335866811
0.114637278667701
0.114637278667701
0.114626755889493
0.114615335866811
0.114615335866811
0.114613080893724
0.118461380727249
0.118461380727249
0.118461380727249
0.105339492627154
0.0932613030759259
0.104507320455274
0.106851765210589
0.107086365661097
0.110561425589765
0.11165943469529
0.110875439068155
0.111622130855804
0.113151218508812
0.113188835569365
0.113171424224324
0.111063550615593
0.113185447588175
0.113523947761683
0.113195947889002
0.1131880643314
0.11317893675463
0.113177169794603
0.110900856880942
0.110757789185538
0.110672414934751
0.110672414934751
0.11066085154769
0.11066085154769
0.11066085154769
0.11066085154769
0.110660536258923
0.110600949271231
0.110557602151106
0.111336673512397
0.111421303534672
0.111421303534672
0.111547590082971
0.111376491822363
0.111400836159941
0.111448413194849
0.111448413194849
0.111426439262999
0.111341164197659
0.111279070863183
0.111330862609589
0.1112836254585
0.1112836254585
0.111397465588372
0.11208963594372
0.11208963594372
0.112132585002079
0.112132585002079
0.112132585002079
0.112132585002079
0.112132585002079
0.112132585002079
0.112197007631499
0.1121321950804
0.112029476634919
0.112029476634919
0.112018704175732
0.112018704175732
0.112018704175732
0.112018704175732
0.112047661107186
0.112013366445939
0.112013366445939
0.112013366445939
0.112013366445939
0.112013366445939
0.112013366445939
0.112013366445939
0.112013366445939
0.112013366445939
0.112013366445939
0.111917523007077
0.111982558957505
0.111982558957505
0.111982558957505
0.111939201657219
0.111982558957505
0.111982558957505
0.111982558957505
0.111982558957505
0.111982558957505
0.111982437765123
0.111917401814695
0.111917401814695
0.111917401814695
0.111889144518641
0.11186064789371
0.111859869991316
0.111938950133246
0.111938950133246
0.111953198445712
0.097544874179094
0.097544874179094
0.097279787540764
0.0970019454476869
0.0969235797291267
0.0969530694587341
0.109035912936669
0.108860228395
0.108917291831799
0.108917291831799
0.108917291831799
0.108917291831799
0.108917291831799
0.108917291831799
0.108852087434125
0.108852087434125
0.108852087434125
0.108852087434125
0.108852087434125
0.108852087434125
0.108917291831799
0.108902801965649
0.108917291831799
0.108917291831799
0.108917291831799
0.108917291831799
0.108917291831799
0.108852087434125
0.108852087434125
0.108917291831799
0.109837371172304
0.109837371172304
0.109835301058203
0.109770096660529
0.109770096660529
0.116354715462404
0.116354715462404
0.116405429993929
0.116354715462404
0.116354715462404
0.116419919860079
0.116419919860079
0.116419919860079
0.116354715462404
0.116354715462404
0.116354715462404
0.116361987555491
0.116361987555491
0.116361987555491
0.116361987555491
0.116361987555491
0.116361987555491
0.116361987555491
0.116361987555491
0.116361987555491
0.116361987555491
0.116323689648443
0.116323689648443
0.116323689648443
0.116295428586887
0.116360632984561
0.116360512806219
0.116360512806219
0.116360512806219
0.116441474332406
0.116441474332406
0.116376269934731
0.116376269934731
0.116376269934731
0.116376269934731
0.116390887450069
0.116409734890945
0.116382400394811
0.116382400394811
0.116426984466256
0.116441474332406
0.116441474332406
0.116441474332406
0.116441474332406
0.116471354624486
0.116590875792805
0.116590875792805
0.116590875792805
0.116590875792805
0.116590875792805
0.116634345391255
0.116584516746365
0.11656278194714
0.11651931234869
0.116430924003635
0.116430924003635
0.116471564337553
0.116428094739104
0.11642694604664
0.116492150444314
0.116442492772909
0.116442492772909
0.116420757973684
0.116456982639059
0.108430150320222
0.108467492293736
0.108524425897338
0.108524425897338
0.10862494306971
0.10862494306971
0.108559738672035
0.108559738672035
0.108559738672035
0.108559738672035
0.108559738672035
0.108559738672035
0.108559738672035
0.108440217503716
0.108455664112158
0.108470153978308
0.108469197236016
0.108476442169091
0.10850542190139
0.10850542190139
0.10850542190139
0.108483687102166
0.108483687102166
0.10850542190139
0.10850542190139
0.10850542190139
0.10856518248555
0.10856518248555
0.10856518248555
0.108517452817203
0.108517452817203
0.108517452817203
0.107324957732294
0.10851697732319
0.10851697732319
0.10851697732319
0.104750051365253
0.10851697732319
0.10851697732319
0.10851697732319
0.10851697732319
0.108490386281515
0.109045154746111
0.109045154746111
0.108939566608552
0.108902371405322
0.108860586022064
0.108867825841069
0.108867825841069
0.108831626746046
0.108831626746046
0.108896785117087
0.108893813403604
0.108893813403604
0.108893813403604
0.108893813403604
0.108857614308582
0.108828655032564
0.108828655032564
0.108893813403604
0.108893813403604
0.108893813403604
0.108893813403604
0.108893813403604
0.108893813403604
0.108893813403604
0.108932755402954
0.107885295229142
0.107820855860644
0.107865927668494
0.10767490525751
0.10767490525751
0.10767490525751
0.10760974688647
0.10760974688647
0.10767490525751
0.10767490525751
0.10767490525751
0.107739201305089
0.10767490525751
0.10767490525751
0.10767490525751
0.10767490525751
0.10767490525751
0.10767490525751
0.10767490525751
0.10771776928923
0.10767490525751
0.10767490525751
0.10767490525751
0.10760974688647
0.10767490525751
0.10767490525751
0.107663466055332
0.107652118653621
0.10758696028258
0.107652118653621
0.107652118653621
0.107652118653621
0.107652118653621
0.107176664042695
0.107176664042695
0.107176664042695
0.107176664042695
0.10711145964502
0.107176664042695
0.107176664042695
0.107176664042695
0.107176664042695
0.107176664042695
0.107176664042695
0.107176664042695
0.107176664042695
0.107176664042695
0.107176664042695
0.107176664042695
0.107176664042695
0.107176664042695
0.107176664042695
0.106964566026662
0.106964566026662
0.106964566026662
0.106964566026662
0.106942831227437
0.107112349277753
0.107112349277753
0.107111393424007
0.107111119352006
0.107067588254478
0.107082098620321
0.10713288490077
0.107125629717849
0.10713288490077
0.107045102553702
0.10698002074949
0.10698002074949
0.10698002074949
0.106974986141756
0.106974986141756
0.106974986141756
0.106974986141756
0.107090660344152
0.108558775090952
0.104787564007815
0.109853439317588
0.109466198123786
0.110245702144973
0.110128034935406
0.109648046061265
0.18936119218608
0.189295399105319
0.189287426779918
0.189353219860679
0.189353219860679
0.189309357806838
0.189295613063076
0.189266809664275
0.189151596069071
0.18908580298831
0.18908580298831
0.18908580298831
0.18908580298831
0.18908580298831
0.188797328021635
0.19007757567458
0.19007757567458
0.189530588040985
0.190411241985645
0.189678552309805
0.189677981966295
0.189677981966295
0.189677981966295
0.00169495003821939
0.00169495003821939
0.00169287224949515
0.00289977282767789
0.00289977282767789
0.00191256229686291
0.00191256229686291
0.00190289360705818
0.00190289360705818
0.00190289360705818
0.00190289360705818
0.00190289360705818
0.00190289360705818
0.00190289360705818
0.00190289360705818
0.00190289360705818
0.00190289360705818
0.00190259733675202
0.00181134702997252
0.00180869214102457
0.00180865822350985
0.00180865822350985
0.00180865822350985
0.00180865822350985
0.0
0.0
0.0
0.0
0.0
0.0
0.171160393673347
0.171160393673347
0.171160393673347
0.172063265486059
0.172561432662851
0.173803049188805
0.173803049188805
0.173381221878985
0.173381221878985
0.173381221878985
0.173381221878985
0.173381221878985
0.173381221878985
0.173451109453613
0.173460540297415
0.1507895193352
0.16381608166409
0.188574705813634
0.188574705813634
0.184472361301846
0.184404071453325
0.184404071453325
0.18425271942526
0.18382457849719
0.185876948884216
0.186098765194394
0.186040031277392
0.186040031277392
0.184566739068976
0.185284806648168
0.184667350294465
0.184794738437083
0.184798217387815
0.18518095127741
0.185157278769138
0.18482716957057
0.18490664457689
0.184912689968772
0.1849020328643
0.184775061262288
0.184782080900675
0.182020639471454
0.182058671745554
0.182025034772118
0.182111913889476
0.13226442293989
0.131606684073941
0.131661921571762
0.130715451799917
0.130617710237194
0.130613268724001
0.130727092438699
0.130575334392614
0.130630972430496
0.130706697557342
0.130705943206361
0.130671544321898
0.130676278225069
0.130634669628018
0.130706574104977
0.130708548614066
0.130596153506776
0.130696894587949
0.130574956818857
0.130713160543649
0.130714615570801
0.130592025074251
0.130654618195439
0.130685233102553
0.130589115504494
0.130703612722039
0.130654859724835
0.130566628508075
0.158908061589385
0.0904511765811961
0.0904504825373294
0.0904511765811961
0.0911176569632467
0.091419035500315
0.0917779447536748
0.0917938302247545
0.0922412347741698
0.092240895242257
0.0922412347741698
0.0922411729549942
0.104190098939162
0.1049614681558
0.104800714994483
0.104035877380825
0.104038849293807
0.102936980200784
0.103123431279368
0.103454321054666
0.104513205552644
0.103292588056655
0.103271425531001
0.0991057921279065
0.0752788280933844
0.0663739695231566
0.0748210966784955
0.0747780604592071
0.0747780604592071
0.0784736083061609
0.0790979491975753
0.0695550246343316
0.0694382747990995
0.0694382747990995
0.0694382747990995
0.0694382747990995
0.0721663218026432
0.0599405472970145
0.0664780367392826
0.0656993168092424
0.0655183931580547
0.0658172511684269
0.0653495644836086
0.129930262895229
0.136800499505592
0.136630746532796
0.136863200533528
0.136842380547214
0.136632805646674
0.136707153789825
0.136908979801545
0.136898733822912
0.136825610293663
0.13737095251893
0.137299683449839
0.140723924647989
0.140918470493738
0.140711720724214
0.140925756315488
0.140892447605297
0.140723149151861
0.140831051020536
0.140509497754548
0.168192914626054
0.168808623833922
0.169046285704778
0.166984518302989
0.167028698236237
0.166404095178212
0.166515313131679
0.168863892778656
0.168863353272175
0.16660441868542
0.152843569189128
0.166573585733938
0.168573493663796
0.169177209781614
0.168861515838321
0.168929069738268
0.169096012786915
0.169077849972006
0.169152385125554
0.169215539373746
0.169178681802325
0.168951769438506
0.167150965676469
0.167058865604767
0.16699308843678
0.168587379425559
0.169109789700565
0.169235585099156
0.167042243215534
0.167158495850227
0.167191579455578
0.167188644442262
0.167151243465906
0.167217675788176
0.16697219938068
0.167120162077286
0.167015023363506
0.166403701332448
0.166529811211005
0.166615269971628
0.166558797343936
0.166631029550032
0.166859040981242
0.166956002039692
0.167112193456645
0.167151743707879
0.166547828524977
0.166788027798852
0.166675120391284
0.166784839234883