0.0318943623194833
0.0318895095331279
0.00380608418500657
0.00380533320013951
0.00380533320013951
0.00380533320013951
0.00380533320013951
0.00380533320013951
0.0318895095331279
0.0318895095331279
0.0318895095331279
0.0318895095331279
0.0318895095331279
0.0318895095331279
0.0318895095331279
0.0318895095331279
0.0318895095331279
0.0318952760326978
0.0319062478245893
0.0319062478245893
0.0319067147272787
0.0319067147272787
0.0319067147272787
0.0319067147272787
0.0319067147272787
0.0319067147272787
0.0319067147272787
0.0319067147272787
0.0319067147272787
0.0319067147272787
0.0319067147272787
0.0325777417541376
0.0325777417541376
0.0325777417541376
0.0449774903008501
0.0450594284525209
0.0451132478109523
0.0450892865789425
0.0450836608916066
0.0450599197960007
0.0450514645399075
0.0450514645399075
0.0453160031105623
0.0453160031105623
0.0453160031105623
0.0453134263170922
0.0453134263170922
0.0453134263170922
0.0453134263170922
0.0453132677197713
0.0453144208339334
0.0454916430625564
0.0454664145015315
0.0454654222490389
0.0454639389920439
0.0454639389920439
0.0454639389920439
0.0454639389920439
0.0454639389920439
0.0454613231521919
0.0454613231521919
0.0454613231521919
0.0454613231521919
0.0454613231521919
0.0454613231521919
0.0454613231521919
0.0454613231521919
0.0454613231521919
0.0454613231521919
0.0454613231521919
0.0454613231521919
0.0454613231521919
0.0454613231521919
0.0454613231521919
0.0454613231521919
0.0454613231521919
0.0454613231521919
0.0454064004077207
0.0454064004077207
0.0454613231521919
0.0454613231521919
0.0454613231521919
0.0454613231521919
0.0454613231521919
0.0454613231521919
0.0454613231521919
0.0454749980688553
0.0454749980688553
0.0454749980688553
0.0455074948941616
0.0455191604443703
0.0455130828278442
0.0455130828278442
0.0455099327151458
0.0455086372731791
0.0455086372731791
0.0455751954946395
0.0455726163596865
0.0455726163596865
0.0455726163596865
0.0455726163596865
0.0455713291352806
0.0455713291352806
0.0476478566771733
0.0464606328154695
0.0464411436551192
0.0464793870815325
0.045728598827222
0.0457266521187556
0.045731348802209
0.0457341235794368
0.0457341235794368
0.0457341235794368
0.0457341235794368
0.0457341235794368
0.0457341235794368
0.0457341235794368
0.0457341235794368
0.0457482806404307
0.0494259685354752
0.0494259685354752
0.0494259685354752
0.0493932637968318
0.0493932637968318
0.0493945269774366
0.0491061622739096
0.0461777725940608
0.045137925680641
0.046984012530828
0.0449759857366628
0.0449841089562565
0.0449995458652974
0.0449972826867559
0.0449730255300407
0.0449713118054234
0.044969211970619
0.0449654278550289
0.0449666897556986
0.0449662183889037
0.0449604310413624
0.0449604310413624
0.0449604310413624
0.0449646275754916
0.0449646275754916
0.0449646275754916
0.0449646275754916
0.0455238576135776
0.0449664372314154
0.0449501690548693
0.0449501690548693
0.0449421636645902
0.0449421636645902
0.0449421636645902
0.0449421636645902
0.0449562949412666
0.0449490817591015
0.0449490817591015
0.0449386318697427
0.0449383131090109
0.0449395778495621
0.0449395778495621
0.0449383131090109
0.0449551539112359
0.0449551539112359
0.0449551539112359
0.0449551539112359
0.0449551539112359
0.0449276580395337
0.0449276580395337
0.0449250998636727
0.0449232018972349
0.0449232018972349
0.0449232018972349
0.0449232018972349
0.0449232018972349
0.0449232018972349
0.0449321302159039
0.0449284568864281
0.0449270427177689
0.0449258316894044
0.0449245444649985
0.0449213467392824
0.0449205518132154
0.0449205518132154
0.0449205518132154
0.0449205518132154
0.0449205518132154
0.045014267126448
0.0449699262679439
0.0580755677306641
0.0449785483028818
0.0449674585451451
0.0456608300668828
0.0454468173930131
0.0455143885419893
0.0455499755854468
0.0455455566721803
0.0455455566721803
0.0455455566721803
0.0455455566721803
0.0455455566721803
0.0455455566721803
0.0455455566721803
0.0455455566721803
0.0455455566721803
0.0455455566721803
0.0455455566721803
0.0455455566721803
0.0455455566721803
0.0455458783320399
0.0455455566721803
0.0455455566721803
0.0478097467233349
0.0455042767453783
0.0460279784480862
0.0455773732776694
0.0455611452525606
0.045544912266771
0.0455345381698419
0.0455240131708783
0.0455240131708783
0.0455240131708783
0.0455240131708783
0.0455240131708783
0.0455240131708783
0.0454826008757349
0.0455240131708783
0.0455340517986246
0.0455340517986246
0.0455147500198356
0.0455090251684082
0.0455087044543108
0.0455087044543108
0.0455087044543108
0.0455087044543108
0.0455087044543108
0.0455087044543108
0.0455060814198292
0.0455060814198292
0.0455060814198292
0.0455060814198292
0.0455060814198292
0.0455161444063453
0.0455247603253488
0.0455247603253488
0.0455311270396367
0.0455397429586402
0.0455397429586402
0.0455380441048145
0.0455380441048145
0.0455331244580392
0.0455318418943236
0.0455315205990254
0.0455292243939203
0.0455438801978353
0.0455403047023002
0.0455401401985032
0.0455401401985032
0.0455401401985032
0.0455401401985032
0.0455401401985032
0.0455401401985032
0.0455401401985032
0.0455401401985032
0.0455401401985032
0.0455401401985032
0.0455398144129521
0.0455398144129521
0.0455398144129521
0.0455398144129521
0.0455398144129521
0.0455398144129521
0.0455398144129521
0.0455398144129521
0.0455398144129521
0.0455398144129521
0.0455398144129521
0.045545041161265
0.0455479308290608
0.0455479308290608
0.0455476018969271
0.0455479308290608
0.0455447156730313
0.0455365819156425
0.0455446636278359
0.0455446636278359
0.0455367464194396
0.0455533315920348
0.045532955471291
0.0455245040560846
0.0455245040560846
0.0455245040560846
0.045526056891598
0.0455331199750881
0.0455331199750881
0.0455411628124803
0.0455411628124803
0.0455409983086833
0.0455409983086833
0.0455409983086833
0.0455409983086833
0.0455409983086833
0.0455409983086833
0.0455409983086833
0.0455409983086833
0.0455409983086833
0.0455409983086833
0.0455409983086833
0.0455409983086833
0.0455409983086833
0.0455409983086833
0.0455607952741213
0.0461326457783342
0.0459726565826474
0.04570087824581
0.0457146564885403
0.0460416611733102
0.0458243260097369
0.0455557336331982
0.0455508471644263
0.045550329530348
0.0455472633863041
0.0455421815345236
0.0455459808225885
0.0455601056789459
0.0455427133999922
0.0455324742620268
0.0455304870122216
0.0455578039628702
0.0455469833637863
0.0455409624078395
0.0455409624078395
0.0455409624078395
0.0455409624078395
0.0455409624078395
0.0455422566710592
0.0455461679125774
0.0455769954743434
0.0455730984847679
0.0455443140613696
0.0455422566710592
0.0455422566710592
0.0455422566710592
0.0455422566710592
0.0455422566710592
0.0455422566710592
0.0455422566710592
0.0455422566710592
0.0455422566710592
0.0455422566710592
0.0455422566710592
0.0455461183697277
0.0455461183697277
0.0455422566710592
0.0455422566710592
0.0455422566710592
0.0455422566710592
0.0455422566710592
0.0455422566710592
0.0455422566710592
0.0455422566710592
0.0455402875944878
0.0455422566710592
0.0455422566710592
0.0455422566710592
0.0455422566710592
0.0455422566710592
0.0455422566710592
0.0455422566710592
0.0455422566710592
0.0455371053722622
0.0455371053722622
0.0455371053722622
0.0455371053722622
0.0455397428853363
0.0455397428853363
0.0455397428853363
0.0455358111090425
0.0455358111090425
0.0455409746326597
0.0455409746326597
0.0455384048445383
0.0455384048445383
0.04554114779385
0.0455522750776655
0.0455730049511145
0.0455704164182427
0.0455810618170398
0.0455775806090432
0.0455737202986893
0.0455677977491416
0.0455677977491416
0.0455677977491416
0.0455677977491416
0.0455677977491416
0.0455677977491416
0.0455780225571362
0.0455780225571362
0.0455745821804243
0.0455716594478101
0.0455677977491416
0.0455677977491416
0.0455677977491416
0.0455778608111701
0.0455778608111701
0.0455778608111701
0.0455778608111701
0.0455778608111701
0.0455778608111701
0.0455778608111701
0.0455778608111701
0.0455778608111701
0.0455778608111701
0.0455752377766885
0.0455752377766885
0.0455778608111701
0.0455767654839397
0.0455767654839397
0.0455736796724464
0.0455736796724464
0.0455817225098386
0.0455797462117169
0.0455797462117169
0.0455797462117169
0.0455797462117169
0.0455890955499815
0.0455890955499815
0.0455844735027104
0.0455961338368612
0.045593521796493
0.045587293737927
0.0455837182423919
0.0455797492040661
0.0455794249164188
0.0455796306730264
0.0455796306730264
0.0455876735104187
0.0455876735104187
0.0455837044720928
0.0455837044720928
0.0455837044720928
0.0455837044720928
0.0455988926802402
0.0455956827621016
0.0455950420612466
0.0455804945539542
0.0455804945539542
0.0455804945539542
0.0455804945539542
0.0455804945539542
0.0455804945539542
0.0458631673709278
0.0456668127932705
0.0456276950145857
0.0455820352939247
0.0455820352939247
0.0455820352939247
0.0455820352939247
0.0455820352939247
0.0455820352939247
0.0455820352939247
0.0455820352939247
0.0455969060724865
0.0455969060724865
0.0455969060724865
0.0455969060724865
0.0455969060724865
0.0455969060724865
0.0455969060724865
0.0455969060724865
0.0455969060724865
0.0456178826681994
0.0456178826681994
0.0456178826681994
0.0456178826681994
0.0456177198869434
0.0456177198869434
0.0456267068529997
0.0455996943554876
0.0455996943554876
0.0455681704114778
0.0455656401585582
0.0455656401585582
0.0455807113990873
0.0455657052322866
0.0455502854141349
0.0455290041694552
0.0455117605649788
0.0455170565430503
0.0455170565430503
0.0455236956169993
0.0455150659586093
0.0455395853511051
0.0455395853511051
0.0455363954632188
0.0455461916038748
0.0455715454437751
0.045555273798911
0.0455354403939826
0.0454401933772771
0.0454401933772771
0.0454263950043891
0.0454285502905069
0.0454342750476018
0.0454341141101916
0.0454284312765486
0.0457921605334716
0.0459239537356724
0.0459265753374597
0.0459278870241156
0.0459239513099904
0.0459148449982325
0.0459239513099904
0.0459239513099904
0.0459128783742103
0.0459120567172658
0.0459224753214701
0.0459224753214701
0.0459224753214701
0.0459235041839529
0.0459309157633324
0.0458634676993751
0.0460135092703605
0.0459679519309841
0.045443573456862
0.0458461105971725
0.0458308176303902
0.0195900107892414
0.0458362158212594
0.0458329889433932
0.0460180596976232
0.0460287562278232
0.0453207335057543
0.0453182260427314
0.0453182260427314
0.0453182260427314
0.0453182260427314
0.0453182260427314
0.0453182260427314
0.0453182260427314
0.0453182260427314
0.0453182260427314
0.0453182260427314
0.0453182260427314
0.0453182260427314
0.0453182260427314
0.0453182260427314
0.0453182260427314
0.0453182260427314
0.045470284760877
0.0454830523892114
0.0453205766128341
0.0453205766128341
0.0453205766128341
0.0453205766128341
0.0453205766128341
0.0453180691498112
0.0453213341862354
0.0453280188904141
0.0453207099670562
0.0453201802866215
0.0453215252250249
0.0453812833559513
0.0453811221236828
0.045375454704846
0.0453691931447208
0.0453688753794146
0.0453688753794146
0.0453688753794146
0.0453688753794146
0.0453688753794146
0.0453688753794146
0.0453688753794146
0.0453688753794146
0.0453688753794146
0.0453688753794146
0.0454687145931528
0.0454687145931528
0.0454687145931528
0.0454687145931528
0.0454687145931528
0.0454687145931528
0.0454687145931528
0.0454687145931528
0.0454212438444383
0.0454212438444383
0.0456180931836104
0.0456926310272538
0.0457078663045292
0.0456922659832297
0.0455014145211983
0.0454994632384836
0.0454797302003397
0.0454792447261044
0.0454779498327172
0.0454687145931528
0.0454687145931528
0.0454687145931528
0.0454687145931528
0.0454687145931528
0.0454699739997145
0.045422503251
0.0454212438444383
0.0454212438444383
0.0454212438444383
0.0454212438444383
0.0454212438444383
0.0454212438444383
0.0454212438444383
0.0454212438444383
0.0454212438444383
0.0454212438444383
0.0454202793227916
0.0454202793227916
0.0454202793227916
0.0454202793227916
0.0454237672278736
0.0454237672278736
0.0454251968110312
0.0454281063258008
0.0454239282389225
0.0454214048554872
0.0454202793227916
0.0454202793227916
0.0454199600090442
0.0454199600090442
0.0459372410515321
0.0454044725875464
0.0453980611898346
0.0453968029219777
0.0453889646496142
0.0453889646496142
0.0453904097808822
0.0453904097808822
0.0453886443151132
0.0453888044458209
0.0453888044458209
0.0453888044458209
0.0453886443151132
0.0453886443151132
0.0453886443151132
0.0453886443151132
0.0453886443151132
0.0453886443151132
0.0453886443151132
0.0453886443151132
0.0453886443151132
0.0453886443151132
0.0453886443151132
0.0453886443151132
0.0453886443151132
0.0453886443151132
0.0453886443151132
0.0453886443151132
0.0453778828673669
0.0483412678527525
0.0482509059891773
0.0454665452656921
0.0454253866707411
0.0454158323045141
0.0454011596525127
0.0453988019948375
0.0453988019948375
0.0453988019948375
0.0453986453849578
0.0453986453849578
0.0453986453849578
0.0460775689322431
0.046078535220009
0.046078535220009
0.046078535220009
0.048411392774529
0.049650750835803
0.049650750835803
0.0496505638478252
0.0496505638478252
0.0496505638478252
0.0496505638478252
0.0496505638478252
0.0496505638478252
0.0496505638478252
0.0496505638478252
0.0496505638478252
0.0496505638478252
0.0496505638478252
0.0496505638478252
0.0496505638478252
0.0496505638478252
0.0496505638478252
0.0496505638478252
0.0496505638478252
0.0496505638478252
0.0496505638478252
0.0496497848792814
0.0496497848792814
0.0496497848792814
0.0496647753568515
0.0496647753568515
0.0496643999014523
0.0496643999014523
0.048484517190903
0.0483410371621171
0.0483410371621171
0.0496658006873039
0.0485553577332112
0.0484732882461591
0.048678964428994
0.0484292804469825
0.0635839457596776
0.0482934315113924
0.0483621299020467
0.0483503467553461
0.048344175756456
0.0483404320649023
0.0483384847791435
0.0483179163253617
0.0483179163253617
0.0483164913623087
0.048314695338361
0.0483107190443988
0.0483505728439144
0.0483520151080897
0.0483744526424716
0.0483743327652889
0.0485546496969876
0.0485486974542522
0.0485417586726752
0.063529602510735
0.0635227856097038
0.0483130124750703
0.0483061408169566
0.0483169509208086
0.0483155278412283
0.0483155278412283
0.0483039334607902
0.0483039334607902
0.0483125632751024
0.0483039334607902
0.0482958112382689
0.0482958112382689
0.0482958112382689
0.0482958112382689
0.0482958112382689
0.0482958112382689
0.0482958112382689
0.0482958112382689
0.0482958112382689
0.0482958112382689
0.0482958112382689
0.0482958112382689
0.0482958112382689
0.0482958112382689
0.0482958112382689
0.0482958112382689
0.0482986656352344
0.0482958112382689
0.0482958112382689
0.0482958112382689
0.0482958112382689
0.0482958112382689
0.0482958112382689
0.0483186257109066
0.0483186257109066
0.0483186257109066
0.0483186257109066
0.0483186257109066
0.0483186257109066
0.0483186257109066
0.0483511709309627
0.0483511709309627
0.063592378928411
0.0483547320713836
0.0483547320713836
0.0483547320713836
0.0483547320713836
0.0483575892195851
0.0483511709309627
0.0483497305874264
0.0483497305874264
0.0483497305874264
0.0483497305874264
0.0483497305874264
0.0483497305874264
0.0483497305874264
0.0483497305874264
0.0483497305874264
0.0483497305874264
0.0483497305874264
0.0483497305874264
0.0465211178650258
0.0465384948919184
0.0465381318623166
0.0465221758904978
0.0464837166540892
0.0464837166540892
0.0464712502463084
0.046641887891963
0.0469346142210737
0.0456721281590825
0.045669480386918
0.0456462847350042
0.0456213552384461
0.0456201054618632
0.0456162841212554
0.0456294440230071
0.0456249490447326
0.0456150045345107
0.0455758940496473
0.0455746196981694
0.0455746196981694
0.0455102049237025
0.0454915425817842
0.0448485540341676
0.0454445962901724
0.0454445962901724
0.0454474604893767
0.0454478013924848
0.0454465023311447
0.0454401536441029
0.045196185644958
0.04536892212693
0.0453495384793216
0.0453062538224942
0.0452735831948366
0.0452690820498438
0.0452643192390166
0.0452593087880967
0.0452536208022072
0.0452536208022072
0.0452536208022072
0.0452945704349346
0.0452892642390607
0.0452892642390607
0.0452532529229983
0.045273672800862
0.045273672800862
0.0452931322502646
0.0452931322502646
0.0452931322502646
0.0452931322502646
0.0452931322502646
0.0452931322502646
0.0452931322502646
0.0452931322502646
0.0452931322502646
0.0452931322502646
0.0452931322502646
0.0452931322502646
0.0452931322502646
0.0452931322502646
0.0452931322502646
0.0452931322502646
0.0452967294307383
0.0452967294307383
0.0452950043851304
0.0452931322502646
0.0452931322502646
0.0452931322502646
0.0452931322502646
0.0452931322502646
0.0452931322502646
0.0453095751621244
0.0453089240254745
0.0453095751621244
0.0465810503095041
0.0465810503095041
0.0465810503095041
0.0466562945834173
0.0466994883613524
0.0470739400475711
0.047637823648009
0.0476539168237558
0.0476412776164726
0.0467465007085371
0.0476376432508825
0.0477926575183374
0.0476550756701541
0.0476412776164726
0.0476385098151952
0.0476304395689218
0.0466731533484742
0.0465865061997023
0.0465830269568651
0.0465830269568651
0.0465810503095041
0.0465810503095041
0.0465810503095041
0.0465810503095041
0.0465810503095041
0.0465810503095041
0.0465810503095041
0.046719656464238
0.0467183325815735
0.0467183325815735
0.046717008698909
0.0467151081262027
0.046707060411301
0.046723269590691
0.046723269590691
0.0467171307896038
0.046708422807537
0.0467891485996357
0.0467940409466098
0.0467972541389904
0.0467972541389904
0.0467663945561635
0.0466372183056264
0.0466372183056264
0.0466372183056264
0.0466372183056264
0.0466372183056264
0.0466372183056264
0.0466372183056264
0.0466372183056264
0.0466505408851907
0.0466480660666549
0.0466477292633976
0.0466477292633976
0.0466502040819334
0.0466502040819334
0.0466502040819334
0.0466502040819334
0.04665803441994
0.0466479180006932
0.0466479180006932
0.0466479180006932
0.0466479180006932
0.0466479180006932
0.0466479180006932
0.0466479180006932
0.0466479180006932
0.0466479180006932
0.0466479180006932
0.0466327336288091
0.0466327336288091
0.0466327336288091
0.0466327336288091
0.0466327336288091
0.0466327336288091
0.0466327336288091
0.0466327336288091
0.0466327336288091
0.0466327336288091
0.0466320577292078
0.0466320577292078
0.0466320577292078
0.0466320577292078
0.0466320577292078
0.0466320577292078
0.0466434165534466
0.0466434165534466
0.0466434165534466
0.0466434165534466
0.0466426356583728
0.0466426356583728
0.0466982317664576
0.0466982317664576
0.0466982317664576
0.0466969097240113
0.046697681051909
0.0467116087493364
0.046706044956917
0.046706044956917
0.046706044956917
0.046706044956917
0.046706044956917
0.046706044956917
0.046706044956917
0.046706044956917
0.046706044956917
0.046706044956917
0.046706044956917
0.046706044956917
0.046706044956917
0.046706044956917
0.046706044956917
0.046706044956917
0.046706044956917
0.046706044956917
0.046706044956917
0.046706044956917
0.046706044956917
0.046706044956917
0.046702480205404
0.046702480205404
0.0467008583426746
0.0467008583426746
0.0467008583426746
0.0467028435526256
0.0467028435526256
0.0467028435526256
0.0467028435526256
0.0467028435526256
0.0467028435526256
0.0467028435526256
0.0467028435526256
0.0467028435526256
0.0467028435526256
0.0467028435526256
0.0467064083041386
0.0467064083041386
0.0467064083041386
0.0467064083041386
0.0467064083041386
0.0467064083041386
0.0467064083041386
0.0467064083041386
0.0467064083041386
0.0467064083041386
0.046694211215138
0.046694211215138
0.046694211215138
0.046694211215138
0.046694211215138
0.0466940443007746
0.0466940443007746
0.0466940443007746
0.0467056267934106
0.0467056267934106
0.0467056267934106
0.0467056267934106
0.0467056267934106
0.0467056267934106
0.0467082893645104
0.0467102993568523
0.0467056267934106
0.0467056267934106
0.0467056267934106
0.0467056267934106
0.0467056267934106
0.0467056267934106
0.0467056267934106
0.0467056267934106
0.0467056267934106
0.0467056267934106
0.0467056267934106
0.0467056267934106
0.0467056267934106
0.0467056267934106
0.0467056267934106
0.0467056267934106
0.0467056267934106
0.0466940443007746
0.0466940443007746
0.0466940443007746
0.0466940443007746
0.0466932588820024
0.0466932588820024
0.0466919806482352
0.0466919806482352
0.0466919806482352
0.0466919806482352
0.0466919806482352
0.0467035631408712
0.0467035631408712
0.0467022009912919
0.0467135939592874
0.0467135939592874
0.0467135939592874
0.0467135939592874
0.0467135939592874
0.0467135939592874
0.0467135939592874
0.0467135939592874
0.0467135939592874
0.0467135939592874
0.046714922768027
0.046714922768027
0.0467135939592874
0.0467135939592874
0.0467135939592874
0.0467135939592874
0.0467135939592874
0.0467135939592874
0.0467135939592874
0.0467135939592874
0.0467135939592874
0.0467135939592874
0.0467135939592874
0.0467135939592874
0.0467135939592874
0.0467135939592874
0.0467135939592874
0.0467135939592874
0.0467135939592874
0.0467135939592874
0.0467135939592874
0.0467135939592874
0.0467135939592874
0.0467135939592874
0.0467135939592874
0.0467135939592874
0.0467135939592874
0.0466431767799282
0.0465474986057566
0.0465539183711013
0.0465382315094342
0.0465318842051287
0.0465318842051287
0.0465318842051287
0.0465318842051287
0.0465318842051287
0.0465318842051287
0.0465318842051287
0.0465297316408395
0.0465297316408395
0.0465297316408395
0.0465297316408395
0.0465297316408395
0.0465297316408395
0.0465297316408395
0.0465297316408395
0.0465297316408395
0.0465297316408395
0.0465297316408395
0.0465297316408395
0.0465297316408395
0.0465297316408395
0.0465349090891222
0.0465517424153726
0.046543309202463
0.046539990250811
0.0465297316408395
0.0465297316408395
0.0465297316408395
0.0465297316408395
0.0465297316408395
0.0465297316408395
0.0465297316408395
0.0465297316408395
0.0465297316408395
0.0465297316408395
0.0465297316408395
0.0465297316408395
0.0465297316408395
0.0465297316408395
0.0465297316408395
0.0465297316408395
0.0465297316408395
0.0465297316408395
0.0465297316408395
0.0465297316408395
0.0465297316408395
0.0465297316408395
0.0465297316408395
0.0465230860484594
0.0465177335004824
0.0465177335004824
0.0465177335004824
0.0465177335004824
0.0465177335004824
0.0465177335004824
0.0467129326320009
0.0467129326320009
0.0467129326320009
0.0467129326320009
0.0467129326320009
0.0467129326320009
0.0467129326320009
0.0467129326320009
0.0467129326320009
0.0467129326320009
0.0467129326320009
0.0467129326320009
0.0467129326320009
0.0467129326320009
0.0467129326320009
0.0467129326320009
0.0467129326320009
0.0467129326320009
0.0467129326320009
0.0467129326320009
0.0467129326320009
0.0467129326320009
0.0467129326320009
0.0467129326320009
0.046777484926858
0.0467784903906825
0.046776994964721
0.046776994964721
0.046776994964721
0.046776994964721
0.046776994964721
0.046776994964721
0.046776994964721
0.0467100792179012
0.0467100792179012
0.0467100792179012
0.0467100792179012
0.0467087221807764
0.0467087221807764
0.0467087221807764
0.0467087221807764
0.0467087221807764
0.0472601154019484
0.0457985170056479
0.0472516398066486
0.0472493340109815
0.0472644741681174
0.0472399967426356
0.0470475210467965
0.0470514988975255
0.0470514988975255
0.0470501361068586
0.0470501361068586
0.0470501361068586
0.0470501361068586
0.0470501361068586
0.0470501361068586
0.0470501361068586
0.0470501361068586
0.0470501361068586
0.0470501361068586
0.0470501361068586
0.0470501361068586
0.0470501361068586
0.0474472727286297
0.0474472727286297
0.047059786988783
0.0470688534376937
0.0470593738300965
0.0470592025557693
0.0470592025557693
0.0470592025557693
0.0501743773302942
0.0501743773302942
0.0501570851587947
0.0501570851587947
0.0501570851587947
0.050154606463724
0.050154606463724
0.0499042983777611
0.0499042983777611
0.0499042983777611
0.0499042983777611
0.0499042983777611
0.0499042983777611
0.0499042983777611
0.0499042983777611
0.0499042983777611
0.0499042983777611
0.0498998321075734
0.0499420971489641
0.0499085061843987
0.0499109192000855
0.0499140428141648
0.0499140428141648
0.0499140428141648
0.0502145567179844
0.0502145567179844
0.0502145567179844
0.0502145567179844
0.0502145567179844
0.0502145567179844
0.0470667847402144
0.0470667847402144
0.0470667847402144
0.047057745277065
0.0470563708689968
0.0470563708689968
0.0470563708689968
0.0470522656428012
0.0470522656428012
0.0470522656428012
0.0470522656428012
0.0470522656428012
0.0470522656428012
0.0470681654397996
0.047072433691916
0.0488574122584762
0.0488416547596772
0.0471687284409122
0.0471687284409122
0.0472054020228679
0.0472067809889645
0.0472067809889645
0.0472101393991123
0.0472095606233369
0.0476731434080251
0.047698757702246
0.047698757702246
0.047698757702246
0.047677176623876
0.0479623692606409
0.0477777861630879
0.0477691854799069
0.0477249708334738
0.0476853769840079
0.0476816956455365
0.0476825721125321
0.0476862398822143
0.0476862398822143
0.0476867851598003
0.0476904257520753
0.0476877913985565
0.0476869137831447
0.0476912338241618
0.047693328485264
0.0476882576089336
0.0476912313944662
0.047693564913819
0.0476904138737585
0.0476865644085235
0.0476869156059577
0.0476867405525769
0.0476902395399312
0.0476864500425122
0.0476956626066711
0.047691579200854
0.0476915813444146
0.0476935655623408
0.0476936265404849
0.0476772002311112
0.0476710461216522
0.0476704030334182
0.0476669658182829
0.0476681321353572
0.047666905585326
0.0476700553293815
0.0476701712501441
0.047676873101926
0.047673377012451
0.0476717479459655
0.0476770464970248
0.0476712253844748
0.0476733731769121
0.0476668503350393
0.0476667327650626
0.0476770464970248
0.0476766959698194
0.0476772199744769
0.0476673340225276
0.0476176131581382
0.0475702076628782
0.0475698701977023
0.0475700444189826
0.0475698711884149
0.047569528241201
0.0475690708263912
0.0509934644545036
0.0513450185780226
0.0512962635997196
0.0509506476531864
0.050946422188423
0.0511448971677646
0.0511448971677646
0.0511442207605796
0.0511588248310486
0.0512283602420436
0.0512295709128477
0.0500753050922512
0.0500700341300207
0.0470062635249413
0.0498888628400624
0.0498800216221657
0.0498800216221657
0.0522270398375899
0.052651654061258
0.0491486108825525
0.0491432253999195
0.0491432253999195
0.0491432253999195
0.0491432253999195
0.0201228179889608
0.0191328242652022
0.0476822176748676
0.0470566748214295
0.0470170795943942
0.0469253354044862
0.0468363428476091
0.0460589503633588
0.0464756482635763
0.046485114245291
0.0464732768783855
0.0464757342248222
0.0464868920877718
0.0464824636946749
0.0464718706485963
0.0464723584606025
0.0464768695384633
0.046479280965764
0.0464832443395258
0.0464776888810032
0.0464667281137265
0.0464783005225363
0.0464737626296138
0.0464393073517241
0.0464296235247256
0.0464658187177315
0.0463619876316188
0.046616576952471
0.0459718525901366
0.0459582035154369
0.0459614865720994
0.0459588510605719
0.0459508284412347
0.045947508512631
0.0459363849579412
0.0459220377338907
0.0459364706223164
0.0457122627770771
0.0459035325930565
0.0458934902625424
0.0458804794755103
0.045873718026188
0.0458941163369548
0.0458860443680448
0.0458859988180545
0.0458816613400761
0.0458794683053008
0.0458808051377289
0.0458925126470738
0.0458817898036714
0.0458690346744024
0.0458727564721693
0.0458717799131587
0.0458726428523666
0.045860887046531
0.0458705111741769
0.0458646783308247
0.0458638282671688
0.0458643696966054
0.0458651424607792
0.0458599659572429
0.0458727688270426
0.0458643769663467
0.0458694431454316
0.0458727564721693
0.0458659332151988
0.0458678041717927
0.0458710772337308
0.0458669352792749
0.0458716743086672
0.0458794971216434
0.0458791903209603
0.0458809484253401
0.0458751350148686
0.0458624446289419
0.0458673433141963
0.0458622928475403