0.00374504907471911
0.00373898849379581
0.00384740843633521
0.00384740843633521
0.00385181618938995
0.00385181618938995
0.00384740843633521
0.00384740843633521
0.00373898849379581
0.00373898849379581
0.00373898849379581
0.00373898849379581
0.00373898849379581
0.00373898849379581
0.00373898849379581
0.00373898849379581
0.00373898849379581
0.00373898849379581
0.00383827030144327
0.00383827030144327
0.00383827030144327
0.00383827030144327
0.00383827030144327
0.00383827030144327
0.00383827030144327
0.00383827030144327
0.00383827030144327
0.00383827030144327
0.00383827030144327
0.00383827030144327
0.00383827030144327
0.00383585275969986
0.00383585275969986
0.00383585275969986
0.00377702570593635
0.00377691133399386
0.00182885468433636
0.00182885468433636
0.00378037288560698
0.00377507255237998
0.00377507255237998
0.00377507255237998
0.00377507255237998
0.00377507255237998
0.00377507255237998
0.00377507255237998
0.00377507255237998
0.00377507255237998
0.00377507255237998
0.00377507255237998
0.00377547037676588
0.00374360405817385
0.00374355436558413
0.00374325668983637
0.00377507255237998
0.00377507255237998
0.00377507255237998
0.00377507255237998
0.00377507255237998
0.00377507255237998
0.00377507255237998
0.00377507255237998
0.00377507255237998
0.00377507255237998
0.00377507255237998
0.00377507255237998
0.00377507255237998
0.00377507255237998
0.00377507255237998
0.00377507255237998
0.00377507255237998
0.00377507255237998
0.00377507255237998
0.00377507255237998
0.00377507255237998
0.00377507255237998
0.00377507255237998
0.00377598374963136
0.00377598374963136
0.00377507255237998
0.00377507255237998
0.00377507255237998
0.00377507255237998
0.00377507255237998
0.00377507255237998
0.00377507255237998
0.00377507255237998
0.00377507255237998
0.00377507255237998
0.00377643112694745
0.00377735043253803
0.00377735043253803
0.00377735043253803
0.00377626364365708
0.00377626364365708
0.00377626364365708
0.00379165819803247
0.00379165819803247
0.00379165819803247
0.00379165819803247
0.00379165819803247
0.00379165819803247
0.00379165819803247
0.00391270036911805
0.00433785353069349
0.00433785353069349
0.00430073570022427
0.0047325944851811
0.0047325944851811
0.00473254332591405
0.00473248591538874
0.00473248591538874
0.00473248591538874
0.00473248591538874
0.00473248591538874
0.00473248591538874
0.00473248591538874
0.00473248591538874
0.00474808818987084
0.00510525143609036
0.00510525143609036
0.00510525143609036
0.00510525143609036
0.00510525143609036
0.00510632473012682
0.0050728265679865
0.00190809074764004
0.00384493282372136
0.00398631509692979
0.00461305469664211
0.00454240871680205
0.00420832407568877
0.00367552524996436
0.00367241618573901
0.00367241618573901
0.00367241618573901
0.00179856243518572
0.00344115383676321
0.00367286959345716
0.00367020011827907
0.00367020011827907
0.00367020011827907
0.012462276923824
0.012462276923824
0.0124612277850301
0.0124480564765047
0.0140830108758751
0.0139104202300902
0.0139104202300902
0.0139104202300902
0.0139065644286378
0.0139065644286378
0.0139065644286378
0.0139065644286378
0.0139050453774851
0.00368395852413285
0.00368126342215881
0.00367372959648102
0.00367361803022492
0.00367361803022492
0.00367361803022492
0.00367361803022492
0.00367361803022492
0.00367361803022492
0.00367361803022492
0.00367361803022492
0.00367361803022492
0.00367041093611866
0.00367041093611866
0.00366951557456731
0.00366951557456731
0.00366951557456731
0.00366951557456731
0.00366951557456731
0.00366951557456731
0.00366951557456731
0.00387908390942058
0.00367451277948001
0.00367165781519409
0.00367063811550244
0.00367018758696038
0.00366906838295975
0.00366879015883629
0.00366879015883629
0.00366879015883629
0.00366879015883629
0.00366879015883629
0.00368570610657404
0.00368083814634442
0.00471041643475544
0.00379410734206624
0.00378866181460593
0.00390940807695942
0.00378886440337224
0.0037969462725054
0.0037969462725054
0.0037969462725054
0.00379424540598947
0.00379424540598947
0.00379424540598947
0.00379424540598947
0.00379424540598947
0.00379424540598947
0.00379424540598947
0.00379424540598947
0.00379424540598947
0.00379424540598947
0.00379470100346
0.00379470100346
0.00379447299530278
0.00379470100346
0.00379470100346
0.0039847911233349
0.00477111170952233
0.00482905136737914
0.00478226147264274
0.00477979687022502
0.00478003284031873
0.00477925723820139
0.00478031443847144
0.00478008716253416
0.00478008716253416
0.00478008716253416
0.00478008716253416
0.00210863129806304
0.00220684676941771
0.00478008716253416
0.00492172937813177
0.00478823926011383
0.00478727268910074
0.00478721544058647
0.00478716483657701
0.00478710805671524
0.00480318960660697
0.00480318960660697
0.00478733533265252
0.00478710805671524
0.00478710805671524
0.00478710805671524
0.00478710805671524
0.00478710805671524
0.00478710805671524
0.00462793273673816
0.00464265533870235
0.00464265533870235
0.0047916754319807
0.00478781860744162
0.00478781860744162
0.00210113573366777
0.00208696339806687
0.00201877163000707
0.00201877163000707
0.0020764823880881
0.00211440503162956
0.00478630434079288
0.00478588396091633
0.00478557833043837
0.00478557833043837
0.00478466642098193
0.00478466642098193
0.00478466642098193
0.00478466642098193
0.00478466642098193
0.00478466642098193
0.00478466642098193
0.00478466642098193
0.00478466642098193
0.00478466642098193
0.00478466642098193
0.00478466642098193
0.00478466642098193
0.00478466642098193
0.00478466642098193
0.00478466642098193
0.00478466642098193
0.00478466642098193
0.00478466642098193
0.00458535967752109
0.00459304777921689
0.00459304777921689
0.00478669143225155
0.00758663567341475
0.00478686169369944
0.00478399876753852
0.00469063259603917
0.00469063259603917
0.00478399876753852
0.00479014180029081
0.00478637377538949
0.00478031443847144
0.00478008716253416
0.00478008716253416
0.00125282777712983
0.00221905479376165
0.00221905479376165
0.0047797458224202
0.0047797458224202
0.0047797458224202
0.0047797458224202
0.0047797458224202
0.0047797458224202
0.0047797458224202
0.0047797458224202
0.0047797458224202
0.0047797458224202
0.0047797458224202
0.0047797458224202
0.0047797458224202
0.0047797458224202
0.0047797458224202
0.0047797458224202
0.0047797458224202
0.00417323765796877
0.00469187478535165
0.00464907910013072
0.00497038443239849
0.0046357449490097
0.00462070933526868
0.00490908980001185
0.00452407776384231
0.00452407776384231
0.00462230244370261
0.00477008705304721
0.00477266549729861
0.00477155040296682
0.00467055419966089
0.00466798484785133
0.00466798484785133
0.00475363114514471
0.00476782584836793
0.00476645778929823
0.00476645778929823
0.00476645778929823
0.00476645778929823
0.00476645778929823
0.00476645778929823
0.00476645778929823
0.00485095359776918
0.00485095359776918
0.00478041180677208
0.00476645778929823
0.00476645778929823
0.00476645778929823
0.00476645778929823
0.00476645778929823
0.00476645778929823
0.00476645778929823
0.00476645778929823
0.00476645778929823
0.00476645778929823
0.00476645778929823
0.00476645778929823
0.00476645778929823
0.00476645778929823
0.00476645778929823
0.00476645778929823
0.00476645778929823
0.00476645778929823
0.00476645778929823
0.00476645778929823
0.00476645778929823
0.00476645778929823
0.00476645778929823
0.00476645778929823
0.00476645778929823
0.00476645778929823
0.00476645778929823
0.00476645778929823
0.00476645778929823
0.00476645778929823
0.00476645778929823
0.00476645778929823
0.00476645778929823
0.00476645778929823
0.00476534371007279
0.00476534371007279
0.00476534371007279
0.00476534371007279
0.00476534371007279
0.00483604374016443
0.00483684847303604
0.004823247338556
0.00480058973303757
0.00464935363830725
0.00465545935996654
0.00116029566822232
0.00467912551087087
0.00467566140611962
0.0047773034415984
0.00477200274408406
0.00476943668782697
0.00476943668782697
0.00476943668782697
0.00476943668782697
0.00476943668782697
0.00476943668782697
0.0047740983966633
0.0047740983966633
0.00477044503057886
0.00476943668782697
0.00476943668782697
0.00476943668782697
0.00476943668782697
0.00476943668782697
0.00476943668782697
0.00476943668782697
0.00476943668782697
0.00476943668782697
0.00476943668782697
0.00476943668782697
0.00476943668782697
0.00476943668782697
0.00476943668782697
0.00476943668782697
0.00476943668782697
0.00476943668782697
0.00477131298273527
0.00477131298273527
0.00477024837777007
0.00477024837777007
0.00476943668782697
0.0012678308989782
0.00194295724231895
0.00194295724231895
0.00230774314081612
0.00196877778696524
0.0046370560247264
0.00473896195525221
0.00477188998794919
0.00477107534169574
0.0047707713730033
0.00476953782704369
0.00476953782704369
0.00476943668782697
0.00477046596865289
0.00477046596865289
0.00476832260860153
0.00476832260860153
0.00476832260860153
0.00476832260860153
0.00476832260860153
0.00476832260860153
0.00479246779544851
0.0112208414765937
0.0112176118619795
0.0111965937776099
0.0111965937776099
0.0111965937776099
0.0111965937776099
0.0111965937776099
0.0111965937776099
0.0113750243199359
0.0113736539228882
0.0113351693251165
0.0111957605166661
0.0111957605166661
0.0111957605166661
0.0111957605166661
0.0111957605166661
0.0111957605166661
0.0111951854049366
0.0111992772234855
0.0112026852022027
0.0112026852022027
0.0112026852022027
0.0112026852022027
0.0112026852022027
0.0112026852022027
0.0112026852022027
0.0112026852022027
0.0112026852022027
0.00478814180789461
0.00478814180789461
0.00478814180789461
0.00479207059028772
0.00479207059028772
0.00479207059028772
0.00479207059028772
0.00477183931542097
0.00477183931542097
0.00498119788899494
0.00498119788899494
0.00498119788899494
0.00498119788899494
0.00498186536446219
0.00523184021297116
0.00523154730227388
0.00522483963447336
0.00520389162457972
0.00520389162457972
0.0052267197642785
0.00522400142188565
0.0116827330251439
0.0116827833330687
0.00535275527689946
0.0116997722409433
0.0116961156465513
0.0116758651315759
0.0116613433565575
0.0117912771867561
0.00536880232405464
0.00534366418111482
0.00525956106530608
0.00527223615926678
0.00527223615926678
0.00527223615926678
0.00529661464680446
0.00522639047300749
0.00524635444484418
0.00540368738998225
0.00536119477620356
0.00529838486234529
0.00530294724200217
0.00530294724200217
0.00529770637705764
0.00529793212145131
0.00531114936513958
0.00531089860635918
0.00530756043645725
0.00530142707935799
0.00531074053628092
0.00508115149151754
0.0050884161146058
0.00533174068218466
0.00526846210850227
0.0052832737763464
0.00528037364174608
0.00535766676686906
0.00530049953232208
0.00530049953232208
0.00531094099371234
0.00530841834329666
0.00523668033799617
0.00523668033799617
0.00523668033799617
0.00523668033799617
0.00523668033799617
0.00523668033799617
0.00523668033799617
0.00522636029807498
0.00522636029807498
0.00522636029807498
0.00522636029807498
0.00522636029807498
0.00522636029807498
0.00522636029807498
0.00522636029807498
0.00522636029807498
0.00522636029807498
0.0052353376216392
0.0052451383326832
0.00522636029807498
0.00522636029807498
0.00522636029807498
0.00522636029807498
0.00522636029807498
0.00522636029807498
0.00522723757549829
0.00522758596131826
0.00525420499567591
0.00523678488421089
0.00523690202820384
0.00591073872136048
0.00591073872136048
0.00591073872136048
0.00596510437749705
0.00596503511105963
0.00596503511105963
0.00596503511105963
0.00596503511105963
0.00596503511105963
0.00596503511105963
0.00596503511105963
0.00596503511105963
0.00596503511105963
0.00596503511105963
0.00597242943526917
0.00597242943526917
0.00597242943526917
0.00597242943526917
0.00595139304230935
0.0057901140296174
0.0057901140296174
0.0057901140296174
0.00523390005630726
0.00523938454890444
0.00526428270742819
0.00553978555143357
0.00572571181665433
0.00572519842570712
0.00571461302829337
0.00571461302829337
0.00585780014673579
0.00597533853573196
0.00597533853573196
0.00597242943526917
0.00597242943526917
0.00597242943526917
0.00597242943526917
0.00597242943526917
0.00579053297674481
0.00523971822346703
0.00523518414200612
0.00524033234811548
0.00523982965221647
0.00523938454890444
0.00523938454890444
0.00523938454890444
0.00530453696240354
0.00530453696240354
0.0052589249253055
0.005243751469546
0.00522310805922898
0.00524256586280219
0.00524256586280219
0.00524256586280219
0.00524346814678425
0.00524346814678425
0.00524511624154423
0.00524661840443507
0.00522525883775676
0.00524346814678425
0.00524256586280219
0.00524256586280219
0.00524256586280219
0.00524256586280219
0.0052928752527723
0.0052683873993486
0.00526759036967892
0.00524422278062638
0.00523936132996836
0.00523936132996836
0.00524511064609117
0.00524327606366274
0.00523787183971892
0.00524098074132398
0.0052428153237524
0.0052428153237524
0.00524092389492276
0.00522331839918087
0.00524092389492276
0.00523787183971892
0.00523787183971892
0.00524092389492276
0.00524092389492276
0.00524275847735119
0.00524275847735119
0.00524275847735119
0.00524275847735119
0.00524275847735119
0.00524275847735119
0.00524275847735119
0.00524275847735119
0.00523728536730127
0.00523970948309043
0.00544551111429627
0.00544734778319786
0.0053018096488456
0.00528381826571593
0.00526076072597779
0.00524216875831747
0.00524216875831747
0.00524216875831747
0.00524216875831747
0.00524216875831747
0.00524216875831747
0.00524216875831747
0.00532330036690498
0.00532330036690498
0.00532140828290623
0.00531034434533319
0.00559338968109391
0.00573917134098378
0.00573917134098378
0.00573850488271571
0.00573850488271571
0.00573850488271571
0.00573850488271571
0.00573850488271571
0.00573850488271571
0.00573850488271571
0.00573850488271571
0.00573850488271571
0.00573850488271571
0.00573850488271571
0.00571558837519146
0.00573850488271571
0.00573850488271571
0.00573850488271571
0.00449078791434439
0.00449078791434439
0.00573850488271571
0.00573850488271571
0.00256216443074759
0.00256216443074759
0.00256216443074759
0.00573103332027083
0.00573103332027083
0.00573850488271571
0.00573850488271571
0.00557965637625928
0.00558604851026482
0.00558604851026482
0.00573565631703318
0.00560154808656066
0.00559982474764725
0.00561553952236355
0.00557676011824729
0.00733753685126262
0.00560530654247123
0.00560834761813222
0.0055927942227221
0.00558604851026482
0.00558604851026482
0.0055945391450431
0.00560379983779222
0.00560372339553709
0.00559720579797953
0.0055809398632696
0.0055790394002642
0.00558346905720488
0.00558346905720488
0.00558261018052058
0.00557889200840954
0.00559755584535779
0.00556313352952476
0.00555901710679902
0.00726434309966502
0.00727477418969247
0.0055590714138649
0.00554281255145219
0.00554492786621609
0.00554492786621609
0.00248352804678373
0.00211144194106106
0.00138025767579903
0.00160768997260578
0.00228884143357082
0.00230086253184304
0.00553987932700713
0.00553987932700713
0.00552512190217776
0.00553987932700713
0.00553987932700713
0.00553987932700713
0.00553987932700713
0.00553987932700713
0.00553987932700713
0.00553987932700713
0.00553987932700713
0.00553987932700713
0.00553987932700713
0.00553987932700713
0.00553987932700713
0.00553987932700713
0.00553987932700713
0.00553987932700713
0.00553987932700713
0.00553987932700713
0.00553987932700713
0.00553987932700713
0.00553987932700713
0.00553987932700713
0.00551774318976308
0.00553987932700713
0.00553987932700713
0.00553987932700713
0.00553987932700713
0.00554388259575131
0.00554388259575131
0.00728383731966375
0.00554360705414409
0.0055655123430707
0.00554388259575131
0.00554388259575131
0.00554388259575131
0.00554388259575131
0.00554332806348982
0.00554332806348981
0.00554332806348982
0.00554332806348982
0.00554332806348981
0.00554332806348981
0.00554332806348981
0.00554332806348982
0.00554332806348981
0.00554332806348981
0.00554332806348981
0.00554332806348982
0.00532310357027198
0.00531423538785694
0.00532849874635549
0.0053190524533518
0.00530957600785684
0.00530957600785684
0.00530505253060618
0.00531263316889412
0.00535606581292382
0.00521111725656487
0.00521111725656487
0.00521111725656487
0.00520116245332963
0.00520116245332963
0.00520116245332963
0.00520272351043298
0.00520272351043298
0.00520068274795514
0.00519833406918975
0.00519793264847423
0.00519793264847423
0.00518908871967806
0.0051845673644176
0.00500557002920314
0.00505542872530917
0.00505542872530917
0.0051823912254053
0.00518330373190127
0.00518330373190127
0.00518120892472036
0.00514426232380757
0.00495342536193059
0.00494675066675093
0.00502635070328106
0.00488198299953754
0.00488115028771387
0.0048802787296903
0.00499000760483558
0.00510023129139817
0.00510023129139817
0.00510023129139817
0.00532681314576407
0.00532681314576407
0.00532681314576407
0.00532059492655801
0.00531962478428387
0.00531962478428387
0.00531962478428387
0.00531962478428387
0.00531962478428387
0.00531962478428387
0.00531962478428387
0.00531962478428387
0.00531962478428387
0.00527256675164576
0.00531962478428387
0.00531962478428387
0.00531962478428387
0.00531962478428387
0.00531962478428387
0.00531962478428387
0.00531962478428387
0.00531962478428387
0.00532086581154728
0.00532086581154728
0.00532027067081257
0.00531962478428387
0.00531962478428387
0.00531962478428387
0.005318404766653
0.005318404766653
0.005318404766653
0.00542433331183381
0.00542768499597702
0.00542423040426695
0.00553560706220285
0.00552684555756796
0.00552684555756796
0.0055325762031055
0.00557168227993393
0.0056052103645514
0.00565074395460772
0.00565074395460772
0.00565074395460772
0.00558184839683676
0.00565074395460772
0.00566683416004727
0.00566148724185898
0.00566009130503827
0.00565965320574925
0.00565074395460772
0.00553861612563378
0.0055007508389177
0.00552684555756796
0.00552684555756796
0.00552707986632539
0.00552707986632539
0.00552707986632539
0.00552684555756796
0.00552684555756796
0.00552684555756796
0.00552684555756796
0.00554444220276661
0.00554444220276661
0.00554444220276661
0.00554444220276661
0.00554059113809291
0.00554356600294718
0.0055669561623214
0.0055669561623214
0.00554687382961715
0.0055752470723465
0.00556858976559923
0.00554777355101922
0.0055505362900518
0.0055505362900518
0.00554612932193274
0.00554454277577428
0.00554454277577428
0.0055300903423458
0.0055300903423458
0.0055300903423458
0.0055300903423458
0.0055300903423458
0.0055300903423458
0.00550423508696532
0.00553066548211597
0.00553066548211597
0.00553066548211597
0.00553009034234581
0.0055300903423458
0.00553009034234581
0.00553009034234581
0.00553009034234581
0.0055300903423458
0.0055300903423458
0.00553009034234581
0.00553009034234581
0.00553009034234581
0.0055300903423458
0.0055300903423458
0.0055300903423458
0.0055300903423458
0.00552666200002712
0.00556869576595114
0.0055300903423458
0.00553009034234581
0.00553009034234581
0.00556869576595114
0.0055300903423458
0.0055300903423458
0.0055300903423458
0.0055300903423458
0.0055300903423458
0.0055300903423458
0.00556869576595114
0.00556869576595114
0.00556869576595114
0.005566221425917
0.005566221425917
0.00556869576595114
0.00553009034234581
0.0055300903423458
0.0055300903423458
0.00556916328489467
0.00556916328489467
0.00557103063194926
0.00557103063194926
0.00557103063194926
0.00556688661078257
0.00553745805574961
0.00554190717257259
0.00554190717257259
0.00554190717257259
0.00554190717257259
0.00551456333838729
0.00554190717257259
0.00554190717257259
0.00557915934420093
0.00557915934420093
0.00557915934420093
0.00557915934420093
0.00557915934420093
0.00557915934420093
0.00554190717257259
0.00555639703872245
0.00554190717257259
0.00554190717257259
0.00554190717257259
0.00554190717257259
0.00554190717257259
0.00557915934420093
0.00557915934420093
0.00554190717257259
0.00554190717257259
0.00554190717257259
0.00554190717257259
0.00557777541899672
0.00557777541899672
0.00557828511382257
0.00557828511382257
0.0055569067335483
0.00557828511382257
0.00557828511382257
0.00554241686739844
0.00554241686739844
0.00554241686739844
0.00557828511382257
0.00557828511382257
0.00557828511382257
0.00557828511382257
0.00557828511382257
0.00557828511382257
0.00557828511382257
0.00557828511382257
0.00557828511382257
0.00557828511382257
0.00557828511382257
0.00557828511382257
0.00557828511382257
0.00557828511382257
0.00557828511382257
0.00557828511382257
0.00557828511382257
0.00554241686739844
0.00554241686739844
0.00554241686739844
0.00554241686739844
0.00554241686739844
0.00554241686739844
0.00554241686739844
0.00557828511382257
0.00557828511382257
0.00557828511382257
0.00557828511382257
0.00557975697130671
0.00557828511382257
0.00557828511382257
0.0055569067335483
0.00554241686739844
0.00554241686739844
0.00554241686739844
0.00554241686739844
0.00554241686739844
0.00554241686739844
0.00554241686739844
0.00554241686739844
0.00554241686739844
0.00554241686739844
0.00553524119108641
0.00554241686739844
0.00556415166662323
0.00557828511382257
0.00557828511382257
0.00557828511382257
0.00556415166662323
0.00557828511382257
0.00557828511382257
0.00554241686739844
0.00557828511382257
0.00557828511382257
0.00557828511382257
0.00557139659969816
0.00554241686739844
0.00557828511382257
0.00557828511382257
0.00557828511382257
0.00554241686739844
0.00554241686739844
0.00557966903902678
0.00557966903902678
0.00557966903902678
0.00557966903902678
0.00557966903902678
0.00557966903902678
0.00557966903902678
0.00557966903902678
0.00557966903902678
0.00557864153277309
0.00557864153277309
0.00557139659969816
0.00554241686739844
0.00554241686739844
0.00554241686739844
0.00556415166662323
0.00556415166662323
0.00554241686739844
0.00554241686739844
0.00554241686739844
0.00554241686739844
0.00551507303321314
0.00554241686739844
0.00554241686739844
0.00554241686739844
0.00554241686739844
0.00554241686739844
0.00554241686739844
0.00554241686739844
0.00554241686739844
0.00554241686739844
0.00554241686739844
0.00554241686739844
0.00554241686739844
0.00554241686739844
0.00551830385167905
0.00543159557006463
0.00543159557006463
0.00541784254845975
0.00553105674280775
0.00554362182858814
0.00554362182858814
0.00554362182858814
0.00554362182858814
0.00554362182858814
0.00553105674280775
0.00551052982607413
0.00553105674280775
0.00553105674280775
0.00553105674280775
0.00554362182858814
0.00554362182858814
0.00554362182858814
0.00553105674280775
0.00553105674280775
0.00553105674280775
0.00553105674280775
0.00553105674280775
0.00553105674280775
0.00553105674280775
0.00554509163157942
0.00554509163157942
0.00554362182858814
0.00549383342928518
0.00553105674280775
0.00553105674280775
0.00553105674280775
0.00554362182858814
0.00554362182858814
0.00553105674280775
0.00553105674280775
0.00553105674280775
0.00547960817234147
0.00553105674280775
0.00553105674280775
0.00553105674280775
0.00553105674280775
0.00553105674280775
0.00553105674280775
0.00553105674280775
0.00547960817234147
0.00553105674280775
0.00553105674280775
0.00553105674280775
0.00554362182858814
0.00553105674280775
0.00553105674280775
0.00553105674280775
0.00553105674280775
0.00554362182858814
0.00553105674280775
0.00553105674280775
0.00552899101970359
0.00552899101970359
0.00554241686739844
0.00554241686739844
0.00554241686739844
0.00554241686739844
0.00557966903902678
0.00553690697235015
0.00554241686739844
0.00554241686739844
0.00554241686739844
0.00554241686739844
0.00554241686739844
0.00554241686739844
0.00554241686739844
0.00554241686739844
0.00554241686739844
0.00554241686739844
0.00554241686739844
0.00554241686739844
0.00554241686739844
0.00554241686739844
0.00554241686739844
0.00554241686739844
0.00554241686739844
0.00556415166662323
0.00554974096194822
0.00554974096194822
0.00554922984570935
0.00554922984570935
0.00558939428082131
0.00558939428082131
0.00554922984570935
0.00556374021155195
0.00554922984570935
0.0055174741088607
0.0055363972775243
0.00554190717257259
0.00554190717257259
0.00554190717257259
0.00554190717257259
0.00554190717257259
0.00554190717257259
0.0055174741088607
0.00560084661205439
0.00493285160018922
0.00560476418859523
0.00560227918029531
0.00564503727795376
0.00563815796014684
0.00558105927027776
0.00558105927027776
0.00562121707292836
0.00562121707292836
0.00558105927027776
0.00558105927027776
0.00562121707292836
0.00558105927027776
0.00558105927027776
0.00558105927027776
0.00562121707292836
0.00562121707292836
0.00562121707292836
0.00562121707292836
0.00562121707292836
0.00562121707292836
0.00568971468068282
0.00568971468068282
0.00562121707292836
0.00562121707292836
0.00562121707292836
0.00562121707292836
0.00562121707292836
0.00562121707292836
0.0840084631918561
0.0840084631918561
0.0840084631918561
0.0701865117613907
0.0701865117613907
0.0671754867319345
0.0671754867319345
0.066839053264396
0.066839053264396
0.066839053264396
0.066839053264396
0.066839053264396
0.066839053264396
0.066839053264396
0.066839053264396
0.066839053264396
0.066839053264396
0.0668335709500689
0.0674918636883261
0.0668412678252913
0.0668406131416695
0.066844611367691
0.066844611367691
0.066844611367691
0.0671999210499556
0.0671999210499556
0.0671999210499556
0.0671999210499556
0.0671999210499556
0.0671999210499556
0.00358357361087229
0.00358357361087229
0.00358357361087229
0.00260067829306307
0.00141414160560967
0.00141414160560967
0.00152911304239334
0.00260048402524169
0.00260048402524169
0.00260048402524169
0.00260048402524169
0.00260048402524169
0.00260048402524169
0.0026010508373176
0.00260166422241655
0.00155273015921514
0.00387182810265071
0.00465976689308243
0.00465976689308243
0.00465402620698036
0.00465455710892757
0.00465455710892757
0.00465439326371621
0.00465515273475291
0.00470239521891827
0.00463608222157079
0.00470239521891827
0.00470239521891827
0.00470081649259131
0.00471478931932599
0.00470831019476444
0.00470831019476444
0.00363997264313364
0.00363997264313364
0.00363661549147011
0.00363360574928943
0.00363360574928943
0.0036903013124044
0.00363360574928943
0.00363360574928943
0.00363363779694447
0.00277137452748849
0.00277149023815226
0.00277202394658662
0.00277137974915566
0.000662000382286785
0.00066200554643384
0.000661968277111635
0.000661952617076051
0.000661952617076051
0.000661952617076051
0.000661968277111635
0.000672827422124861
0.000662011392873421
0.000661995108065425
0.000661995108065425
0.00066200554643384
0.000661973498778803
0.000661700298356512
0.000661690646388582
0.000661658544362961
0.000661642911572777
0.000661648133239946
0.000661642911572777
0.000661658544362961
0.000661658544362961
0.000661706903951178
0.000661663766030129
0.000661685372167221
0.000661706903951178
0.000661690646388582
0.000661695783290236
0.000661642911572777
0.000661642911572777
0.00140422842601078
0.00140422842601078
0.00140422842601078
0.0254775982432755
0.025445042567362
0.0254181366304348
0.0254257814512851
0.0254221210621858
0.0254221210621858
0.0254221210621858
0.0254221210621858
0.0273069400101677
0.0274071069823916
0.0276570354245542
0.0273465256245298
0.027346618874087
0.0274227434508748
0.0273818164736137
0.0292701965798517
0.00218035122079589
0.0021831614275004
0.00218319774762452
0.0287546694904852
0.0256464908191242
0.0238876735921198
0.0254338437916988
0.0283720594526999
0.0283720594526999
0.029825924404092
0.0034522594880515
0.00322530847235369
0.0032242555593905
0.0032242555593905
0.0032242555593905
0.0032242555593905
0.00336833657660809
0.00320428075042838
0.00311496479580757
0.0030783487333265
0.00307691869680754
0.003074110341962
0.00141255672878981
0.000820069484506071
0.000760679732441953
0.000760753585592581
0.000760672986099436
0.000760663974996982
0.000760755273159148
0.000760728264863403
0.00076065584140324
0.000760653825553709
0.000760684616476192
0.000760693253191563
0.000814984884438263
0.000464282039766821
0.000485651691426071
0.000485733978485783
0.000485670289486128
0.000485582143877194
0.000485450636189851
0.000485559930588057
0.000483664581982699
0.000485161383468713
0.000478731193010454
0.000478649542225631
0.000478657839560459
0.000478649542225631
0.000478371490198713
0.000478318740531522
0.000478300608509502
0.000478064327301616
0.000457128977710535
0.000454496223951637
0.000457147487252514
0.000457147487252514
0.000457067497501258
0.000456958243203466
0.000457148989313483
0.000457084679940145
0.00045709708808121
0.000457067497501258
0.000457044872207485
0.000457067497501258
0.000457147487252514
0.000457067497501258
0.000456948600913647
0.000456948600913647
0.000456948600913647
0.00047754413416989
0.000456868684873771
0.000456940257138601
0.000456868684873771
0.000456865801571838
0.000456884132254555
0.000456880124046203
0.000456868684873771
0.000456948600913647
0.000456892218590275
0.000456921926455884
0.000456948600913647
0.000456888405987091
0.000456868684873771
0.000456885100883638
0.000456868684873771
0.00045689885258478
0.000456948600913647
0.000456892793633838
0.000456890846594242
0.000456946969977369
0.000456867053937494
0.000456914948574377
0.000456869210808072