0.0292048652323263
0.0292048652323263
0.0295750650641971
0.0295750650641971
0.029526975842676
0.029526975842676
0.029526975842676
0.029526975842676
0.0291976465668762
0.0291976465668762
0.0291976465668762
0.0291976465668762
0.0291976465668762
0.0291976465668762
0.0291976465668762
0.0291976465668762
0.0291976465668762
0.0291976465668762
0.0291976465668762
0.0291976465668762
0.0288197094556116
0.0288089311157633
0.0288089311157633
0.0288089311157633
0.0288089311157633
0.0288089311157633
0.0288089311157633
0.0288089311157633
0.0288089311157633
0.0288089311157633
0.0288089311157633
0.0287996764237617
0.0287996764237617
0.0287996764237617
0.0284033933982208
0.0284004629282717
0.0287688601171178
0.0287541496224879
0.0283931330565791
0.0287212999415665
0.030665422826153
0.030665422826153
0.0306810119410655
0.0306810119410655
0.0306810119410655
0.0301970192655494
0.0301970192655494
0.0301970192655494
0.0301970192655494
0.0301970192655494
0.0302808736117851
0.0309022930083167
0.0309022930083167
0.0302932968605714
0.0302932968605714
0.0302932968605714
0.0302932968605714
0.0302932968605714
0.0302932968605714
0.0302847169058568
0.0302847169058568
0.0302847169058568
0.0302847169058568
0.0302847169058568
0.0302847169058568
0.0302847169058568
0.0302847169058568
0.0302847169058568
0.0302847169058568
0.0302847169058568
0.0302847169058568
0.0302847169058568
0.0302847169058568
0.0302847169058568
0.0302847169058568
0.0302847169058568
0.0302847169058568
0.03022788580788
0.03022788580788
0.03022788580788
0.03022788580788
0.03022788580788
0.03022788580788
0.03022788580788
0.03022788580788
0.03022788580788
0.03022788580788
0.03022788580788
0.03022788580788
0.0302675157941463
0.030137172931524
0.0302685806588914
0.0302685806588914
0.0302685806588914
0.0302682244123506
0.0302682244123506
0.030503620997211
0.030502911735099
0.030502911735099
0.030502911735099
0.030502911735099
0.030502911735099
0.030502911735099
0.0271528253953411
0.0270750395956496
0.0270458816763588
0.0267732809632453
0.0264755005332741
0.0264755005332741
0.0264755005332741
0.0264755005332741
0.0264755005332741
0.0264755005332741
0.0264755005332741
0.0264755005332741
0.0264755005332741
0.0264755005332741
0.0264755005332741
0.0286124025926489
0.0282608141342159
0.0282608141342159
0.0282608141342159
0.0281479616791867
0.0281479616791867
0.0227611416874767
0.0230041119387654
0.175447900506573
0.0226617111114889
0.0220409697803061
0.0230937550579552
0.0240607790323093
0.0279234648114521
0.0274504597327332
0.0274697971197277
0.0274064909967891
0.0275335136081089
0.0275874993567843
0.0275711425129066
0.0275711425129066
0.0275711425129066
0.0269388358582304
0.0269388358582304
0.0283355437936694
0.0283355437936694
0.0283355437936694
0.0283355437936694
0.0286237777645035
0.0283073635022624
0.0282850956504773
0.0282850956504773
0.0282850956504773
0.0282850956504773
0.0282850956504773
0.0282850956504773
0.0282850956504773
0.027085261568219
0.027085261568219
0.0270704957866277
0.0270704957866277
0.0270704957866277
0.02683162438375
0.02683162438375
0.0268823151984471
0.0268823151984471
0.0268823151984471
0.0268823151984471
0.0268823151984471
0.0271287901454321
0.0271287901454321
0.0271287901454321
0.0265017194324157
0.0265017194324157
0.0265017194324157
0.0265017194324157
0.0265017194324157
0.0265017194324157
0.0262022387142738
0.0265440058080381
0.0264866353945685
0.026494683186528
0.026494683186528
0.026494683186528
0.026494683186528
0.026494683186528
0.026494683186528
0.026494683186528
0.026494683186528
0.0267979813547472
0.0251517312969
0.0319143879672017
0.0256205540140128
0.0256205540140128
0.0251244410714591
0.0248266071658472
0.0256001579685438
0.0256216179633957
0.0256216179633957
0.0256216179633957
0.0256216179633957
0.0256180740758929
0.0256180740758929
0.0256180740758929
0.0256180740758929
0.0256180740758929
0.0256180740758929
0.0256180740758929
0.0256180740758929
0.0256321469277832
0.0256321469277832
0.0256326921412452
0.0256321469277832
0.0255755474258588
0.0218836197622121
0.0212706542887461
0.0213542819886492
0.0214208136150369
0.0214208136150369
0.0214033537372193
0.0213984560683099
0.021393560640375
0.021393560640375
0.0212945563407597
0.0212945563407597
0.0218042086844217
0.0218042086844217
0.0220737381925529
0.0218042086844217
0.0217590779028296
0.0215185844668857
0.0215251438208126
0.0215251438208126
0.0215286356703827
0.0215286356703827
0.0215250998025393
0.0215250998025393
0.0215250998025393
0.0215250998025393
0.02152282268073
0.02152282268073
0.02152282268073
0.02152282268073
0.02152282268073
0.02152282268073
0.0215440378877904
0.0215440378877904
0.0215827077563214
0.0215827077563214
0.0215827077563214
0.021561492549261
0.021561492549261
0.0215618452542827
0.021561492549261
0.021561492549261
0.021561492549261
0.021561492549261
0.021561492549261
0.021561492549261
0.021561492549261
0.021561492549261
0.021561492549261
0.021561492549261
0.021561492549261
0.021561492549261
0.021561492549261
0.021561492549261
0.021561492549261
0.021561492549261
0.021561492549261
0.021561492549261
0.021561492549261
0.021561492549261
0.021561492549261
0.021561492549261
0.021561492549261
0.021561492549261
0.021561492549261
0.021561492549261
0.021561492549261
0.0215836883789104
0.0215836883789104
0.0215836883789104
0.0228356610069573
0.0215327182323018
0.0215327182323018
0.0215342986519965
0.0212929859106838
0.0212922792189504
0.0213134944260108
0.0213157715478201
0.0212945563407597
0.0212945563407597
0.0212945563407597
0.0212948073242066
0.0212945563407597
0.0212945563407597
0.0212945563407597
0.0212945563407597
0.0212945563407597
0.0212945563407597
0.0212945563407597
0.0212945563407597
0.0212945563407597
0.0212945563407597
0.0212945563407597
0.0212945563407597
0.0212945563407597
0.0212945563407597
0.0212945563407597
0.0212945563407597
0.0212945563407597
0.0212945563407597
0.0212945563407597
0.0217207551702165
0.0217930773919513
0.0216632365845817
0.0219719602335441
0.0218074383327677
0.021754806857445
0.0216950049087593
0.0216948274325846
0.0216069355228511
0.021606226260739
0.0216058735557172
0.0216058735557172
0.0216068074814961
0.0216917941605302
0.0216917941605302
0.0216917941605302
0.0217162206414547
0.0216917941605302
0.0216917941605302
0.0216917941605302
0.0216917941605302
0.0216917941605302
0.0216917941605302
0.0216946285969813
0.0217031942159064
0.0221737754755884
0.0218816254321838
0.0218835757007268
0.0218268992101351
0.0217950186841773
0.0217950186841773
0.0217950186841773
0.0217950186841773
0.0217950186841773
0.0217950186841773
0.0217950186841773
0.0217950186841773
0.0217950186841773
0.0217950186841773
0.0218245220620051
0.0218245220620051
0.0217950186841773
0.0217950186841773
0.0217950186841773
0.0217950186841773
0.0217950186841773
0.0217950186841773
0.0217950186841773
0.0217950186841773
0.0212292718081829
0.0208915078994136
0.0208915078994136
0.0208915078994136
0.0208915078994136
0.0208915078994136
0.0209702232646529
0.0208915078994136
0.0208915078994136
0.0208800205030964
0.0208800205030964
0.0208800205030964
0.0208800205030964
0.0209085754603576
0.0209085754603576
0.0209085754603576
0.0209057410239065
0.0209057410239065
0.0207925043536107
0.0207074896177231
0.0207067829259897
0.0207067829259897
0.0207032406453277
0.0207373607946943
0.0207372327533394
0.0208239880912407
0.0208239880912407
0.0207372327533394
0.0207372327533394
0.0207372327533394
0.0207372327533394
0.0207372327533394
0.0207372327533394
0.0207372327533394
0.0207372327533394
0.0210998426119453
0.0210998426119453
0.0210998426119453
0.0210998426119453
0.0210312322944132
0.0210312322944132
0.0210312322944132
0.0210312322944132
0.0210312322944132
0.0210312322944132
0.0210312322944132
0.0210312322944132
0.0210312322944132
0.0210312322944132
0.0211099476596525
0.0210312322944132
0.0210312322944132
0.0210253829275193
0.0210253829275193
0.0210312322944132
0.0207526361615012
0.0207526361615012
0.0207526361615012
0.0207526361615012
0.0207526361615012
0.0207515741943673
0.0207515741943673
0.0207515741943673
0.0207515741943673
0.0207515741943673
0.0207515741943673
0.0207515741943673
0.0208379755455571
0.0208379755455571
0.0208376228405353
0.0208376228405353
0.0208376228405353
0.0208376228405353
0.0208374949157405
0.0208374949157405
0.0208374949157405
0.0208374949157405
0.0208374949157405
0.0208374949157405
0.0208374949157405
0.0208374949157405
0.0220418977870231
0.0216065529664701
0.021485920010202
0.0214363280809342
0.0214327858002722
0.0214327858002722
0.0214115705932118
0.0214115705932118
0.0214115705932118
0.0214008411867159
0.0214008411867159
0.0214008411867159
0.0213999570188078
0.0213999570188078
0.0213999570188078
0.0213999570188078
0.0213999570188078
0.0213999570188078
0.0213999570188078
0.0213999570188078
0.0214145006356756
0.0214145006356756
0.0214145006356756
0.0214145006356756
0.0214145006356756
0.0214145006356756
0.0214145006356756
0.0214145006356756
0.0214145006356756
0.0214145006356756
0.0214145006356756
0.0214145006356756
0.0214145006356756
0.0214145006356756
0.0214145006356756
0.021415207327409
0.0214145003284056
0.0214145003284056
0.021086228258462
0.0210855324389091
0.0210855324389091
0.0210943095301363
0.021388135217429
0.0213799625472968
0.021377956406119
0.021377956406119
0.0213458432994114
0.0213145525562563
0.0213145525562563
0.0213145525562563
0.0213378275809088
0.0213378275809088
0.021315247115548
0.021454695335562
0.021454695335562
0.021454695335562
0.0214538744927626
0.0210055459225266
0.0208378311598072
0.0208353391529908
0.0208353391529908
0.0208354027232679
0.0208353391529908
0.020833776373739
0.0208375176838095
0.0219224572559184
0.0213276057821908
0.021316445801872
0.0213448831685718
0.0213307850101438
0.0219358967975103
0.0219358967975103
0.0219358967975103
0.0213307850101438
0.0219358967975103
0.0219358967975103
0.0219358967975103
0.0213307850101438
0.0213320319287518
0.0210180087432337
0.0213033153707733
0.0211249796958108
0.0218795432057392
0.0213689331412633
0.0213407626393002
0.0218587549980502
0.0213563106095676
0.0213413379671729
0.0214132812205332
0.0214132812205332
0.021261976341065
0.0212612867887337
0.0212612867887337
0.0212612867887337
0.0212612867887337
0.0212612867887337
0.0212612867887337
0.0212612867887337
0.0212612867887337
0.0212612867887337
0.0212612867887337
0.0212612867887337
0.0212612867887337
0.0212612867887337
0.0212612867887337
0.0212612867887337
0.0212612867887337
0.0213324339878871
0.021338013405924
0.0212616923648794
0.0212616923648794
0.0212616923648794
0.0212616923648794
0.0212616923648794
0.0212610028125481
0.0212311489702894
0.0212343221192913
0.0212372744549896
0.0212340990099149
0.0212483761396128
0.0120235366698329
0.0120200817820304
0.0120232641951355
0.0120232641951355
0.0120197984110886
0.0120197984110886
0.0120197984110886
0.0120197984110886
0.0120197984110886
0.0120197984110886
0.0120197984110886
0.0120197984110886
0.0120197984110886
0.0120197984110886
0.0119550787039537
0.0119550787039537
0.0119550787039537
0.0119550787039537
0.0119550787039537
0.0202888966532844
0.0202888966532844
0.0202888966532844
0.0215010312844034
0.0215010312844034
0.0213916194331696
0.0135992746298213
0.0120068521341011
0.0201757384388981
0.0119555387897735
0.0119570343916358
0.0119554520901132
0.0119550787039537
0.0119550787039537
0.0119550787039537
0.0119550787039537
0.0119550787039537
0.0119550787039537
0.0119550787039537
0.0202888966532844
0.0215010312844034
0.0215010312844034
0.0215010312844034
0.0215010312844034
0.0215010312844034
0.0215010312844034
0.0215010312844034
0.0217370235799491
0.0217370235799491
0.0215010312844034
0.0215010312844034
0.0215010312844034
0.0215010312844034
0.0215010312844034
0.0215010312844034
0.0215010312844034
0.0215010312844034
0.0215010312844034
0.0215010312844034
0.0215010312844034
0.0215010312844034
0.0215010312844034
0.0215010312844034
0.0215010312844034
0.0215010312844034
0.0217880716579302
0.0217312497980302
0.0217034483697319
0.0217034483697319
0.0217025942909887
0.0217025942909887
0.0217025942909887
0.0217025942909887
0.0217025942909887
0.0217060632008838
0.0217060632008838
0.0217025942909887
0.0217025942909887
0.0217025942909887
0.0217025942909887
0.0217025942909887
0.0217025942909887
0.0217025942909887
0.0217025942909887
0.0217025942909887
0.0217025942909887
0.0217025942909887
0.0217025942909887
0.0217025942909887
0.0217025942909887
0.0217025942909887
0.0217025942909887
0.0217025942909887
0.0217003973947216
0.0227751777325406
0.0227266196701333
0.0215721812058533
0.0215720112701679
0.0215719576363032
0.0215719576363032
0.0215711560326936
0.0215711560326936
0.0215711560326936
0.0215711027853345
0.0215711027853345
0.0215711027853345
0.0220260820219157
0.0220260820219157
0.0220260820219157
0.0220260820219157
0.0237177743458959
0.0243578824458807
0.0243578824458807
0.0243578132603289
0.0243578132603289
0.0243578132603289
0.0243578132603289
0.0243578132603289
0.0243578132603289
0.0243578132603289
0.0243578132603289
0.0243578132603289
0.0243578132603289
0.0243578132603289
0.0243578132603289
0.0243578132603289
0.0243578132603289
0.0243578132603289
0.0243578132603289
0.0243578132603289
0.0243578132603289
0.0243578132603289
0.0243578132603289
0.0243578132603289
0.0243578132603289
0.0243589243381733
0.0243589243381733
0.0243589243381733
0.0243589243381733
0.0241875397550541
0.0242104609358303
0.0242104609358303
0.024823522804757
0.0245690003912414
0.0246067606142766
0.0244714704592143
0.0242812385768046
0.0313962097981594
0.0241881736785268
0.0244128484220446
0.0244066199531984
0.0242370572384585
0.0242357396165028
0.0242246280708545
0.0249527496561754
0.0247160063561957
0.0247492983827553
0.0241347199203494
0.0241519786390372
0.0241546945716157
0.0241559830772908
0.024055853858046
0.0242605379903014
0.0242781131393275
0.0242871292690672
0.0242871292690672
0.0309065668994968
0.030890548671236
0.0241743045071574
0.0247454940191528
0.0245751221936081
0.0245751221936081
0.0245751221936081
0.0256263901111366
0.0253304609861621
0.0253386827219427
0.0259860010540375
0.0258528329477989
0.0253055913219835
0.0257346885531967
0.0258530602031865
0.0258678566594352
0.0252316090407399
0.0258678566594352
0.0253795736032272
0.0265036456661997
0.0253499806907297
0.0258826531156839
0.0258530602031865
0.0258382637469378
0.025823467290689
0.0252759984094861
0.0252464054969886
0.026523608580956
0.0258826531156839
0.0252464054969886
0.0265184421224484
0.0253795736032272
0.0258826531156839
0.0253203877782323
0.0253252341379567
0.025310437681708
0.0259466853004033
0.025310437681708
0.02563595971918
0.025310437681708
0.0257395349129211
0.0253271490387686
0.0259338037449665
0.0340768595134505
0.0253612506016386
0.0259383123953391
0.025997498220334
0.0258791265703441
0.0266389172772741
0.0257562462699817
0.0259486002012152
0.0253123525825199
0.0253123525825199
0.0253123525825199
0.0253123525825199
0.0253123525825199
0.0246773264615326
0.0246773264615326
0.0246773264615326
0.0246773264615326
0.0246773264615326
0.0246773264615326
0.0237103714540739
0.0238957582007712
0.0243498116920238
0.0243826731352882
0.024976846664134
0.024976846664134
0.0254323707837803
0.0256036370390379
0.0256325046840205
0.0240313584236757
0.0240313584236757
0.0240266676174337
0.0242534893174191
0.0242534893174191
0.0237843302008828
0.023548557458477
0.023548557458477
0.0235480878736154
0.0250400849391001
0.0245083747211689
0.0235302281465769
0.0234872046050308
0.0234797505432246
0.021091728957201
0.0250015158852131
0.0240903107004419
0.0234750901466628
0.0234497356242866
0.023435781324618
0.023435781324618
0.0241433914097361
0.0240389214060098
0.0239098231988145
0.0234468303715036
0.0233363988828514
0.0233363988828514
0.0233294453843724
0.0233224918858935
0.0233224918858935
0.0233224918858935
0.0233224918858935
0.0125921150920313
0.0122054316358532
0.0122054316358532
0.0122054316358532
0.0122054316358532
0.0122054316358532
0.0122477894142278
0.0122477894142278
0.0122477894142278
0.0122477894142278
0.0122477894142278
0.0122477894142278
0.0122477894142278
0.0122477894142278
0.0122477894142278
0.0122477894142278
0.0122477894142278
0.0122477894142278
0.0122477894142278
0.0122477894142278
0.0122477894142278
0.0122477894142278
0.0122477894142278
0.0122477894142278
0.0122477894142278
0.0122477894142278
0.0122477894142278
0.0122447691169417
0.0122446531345195
0.0122446531345195
0.0122446531345195
0.0123628626086612
0.0123641085998938
0.0123628626086612
0.0125123010949481
0.0125123010949481
0.0125123010949481
0.0125114083031666
0.012525509277595
0.0126370309255334
0.0127961791584881
0.0128006084231907
0.012796282777542
0.0125388286556319
0.0127926405863998
0.012828792294863
0.0127862663010349
0.0127926405863998
0.0127926405863998
0.0127902829631522
0.0125360698662601
0.0125123603943689
0.0125123603943689
0.0125123603943689
0.0125123010949481
0.0125123010949481
0.0125123010949481
0.0125123010949481
0.01251534888636
0.01251534888636
0.012585046034256
0.0128882916362543
0.0128884722464178
0.0122742304065492
0.0124170376295736
0.0124160762918208
0.0124160762918208
0.0123982204243827
0.0124160762918208
0.0123985398526198
0.0123985398526198
0.012414484664353
0.012415548145524
0.0124162614476502
0.0124449106383106
0.0124129389606709
0.0123780788188673
0.0123780788188673
0.0123780788188673
0.0123780788188673
0.0123780788188673
0.0123780788188673
0.0123780788188673
0.0123780788188673
0.0123780788188673
0.0123780788188673
0.0123780788188673
0.0123780788188673
0.0123780788188673
0.0123780788188673
0.0123780788188673
0.0123780788188673
0.0125597821531848
0.0123773064701439
0.0123773064701439
0.0123773064701439
0.0123773064701439
0.0123773064701439
0.0123773064701439
0.0123773064701439
0.0123773064701439
0.0123773064701439
0.0123773064701439
0.0123545059950744
0.0123545059950744
0.0123545059950744
0.0123545059950744
0.0123545059950744
0.0123545059950744
0.0123545059950744
0.0123545059950744
0.0123545059950744
0.0123545059950744
0.0123720312061013
0.0123720312061013
0.0123720312061013
0.0123720312061013
0.0123720312061013
0.0123720312061013
0.0123917833064833
0.0123917833064833
0.0123917833064833
0.0123917833064833
0.0124594893783873
0.0124594893783873
0.0124916448453032
0.0124916448453032
0.0124916448453032
0.0136264480725262
0.0128257464065335
0.012522737918443
0.012522737918443
0.0124941685305422
0.0124941685305422
0.0124941685305422
0.0124941685305422
0.0124941685305422
0.0124941685305422
0.0124941685305422
0.0124941685305422
0.0124941685305422
0.0124941685305422
0.0124941685305422
0.0124941685305422
0.0124941685305422
0.0124941685305422
0.0124941685305422
0.0124941685305422
0.0124941685305422
0.0124941685305422
0.0124941685305422
0.0124941685305422
0.0124941685305422
0.0124902294801203
0.0124110414198373
0.0124537633008529
0.0124537633008529
0.0124537633008529
0.0124537633008529
0.0124537633008529
0.0124537633008529
0.0124537633008529
0.0124537633008529
0.0124537633008529
0.0124537633008529
0.0124537633008529
0.0124537633008529
0.0124537633008529
0.0124537633008529
0.0124577023512747
0.0124577023512747
0.0124577023512747
0.0124577023512747
0.0124577023512747
0.0124577023512747
0.0124577023512747
0.0124577023512747
0.0124577023512747
0.0124577023512747
0.0124378490719828
0.0124378490719828
0.0124378490719828
0.0124378490719828
0.0124378490719828
0.0124378490719828
0.0124378490719828
0.0124378490719828
0.0124577023512747
0.0124577023512747
0.0124577023512747
0.0124577023512747
0.0124577023512747
0.0124577023512747
0.0124594862739116
0.0124577023512747
0.0124577023512747
0.0124577023512747
0.0124577023512747
0.0124577023512747
0.0124577023512747
0.0124577023512747
0.0124577023512747
0.0124577023512747
0.0124577023512747
0.0124577023512747
0.0124577023512747
0.0124577023512747
0.0124577023512747
0.0124577023512747
0.0124577023512747
0.0124577023512747
0.0124577023512747
0.0124349912844725
0.0124349912844725
0.0124335702220601
0.0124335702220601
0.0124335702220601
0.0124335702220601
0.0124335702220601
0.0124335702220601
0.0124335702220601
0.0124335702220601
0.0124335702220601
0.0124577023512747
0.0124577023512747
0.0124577023512747
0.0124578345521104
0.0124578345521104
0.0124578345521104
0.0124578345521104
0.0124578345521104
0.0124578345521104
0.0124578345521104
0.0124578345521104
0.0124578345521104
0.0124578345521104
0.0124578345521104
0.0124578345521104
0.0124578345521104
0.0124578345521104
0.0124578345521104
0.0124578345521104
0.0124578345521104
0.0124578345521104
0.0124578345521104
0.0124578345521104
0.0124578345521104
0.0124578345521104
0.0124578345521104
0.0124578345521104
0.0124578345521104
0.0124578345521104
0.0124578345521104
0.0124578345521104
0.0124578345521104
0.0124578345521104
0.0124578345521104
0.0124578345521104
0.0124578345521104
0.0124578345521104
0.0124578345521104
0.0124578345521104
0.0124578345521104
0.0127680488642406
0.0128060718024569
0.0128060718024569
0.0128058464618809
0.0128058464618809
0.0128058464618809
0.0128058464618809
0.0128058464618809
0.0128058464618809
0.0128058464618809
0.0128058464618809
0.0128056259408114
0.0128056259408114
0.0128056259408114
0.0128056259408114
0.0128056259408114
0.0128056259408114
0.0128056259408114
0.0128056259408114
0.0128056259408114
0.0128056259408114
0.0128056259408114
0.0128056259408114
0.0128056259408114
0.0128056259408114
0.0128056259408114
0.012805725509361
0.012805725509361
0.0128056259408114
0.0128056259408114
0.0128056259408114
0.0128056259408114
0.0128056259408114
0.0128056259408114
0.0128056259408114
0.0128056259408114
0.0128056259408114
0.0128056259408114
0.0128056259408114
0.0128056259408114
0.0128056259408114
0.0128056259408114
0.0128056259408114
0.0128056259408114
0.0128056259408114
0.0128056259408114
0.0128056259408114
0.0128056259408114
0.0128056259408114
0.0128056259408114
0.0128056259408114
0.0128056259408114
0.0128020165654958
0.0127961019999812
0.0127961019999812
0.0127961019999812
0.0127961019999812
0.0127961019999812
0.0127961019999812
0.012851285879303
0.012851285879303
0.012851285879303
0.012851285879303
0.012851285879303
0.012851285879303
0.012851285879303
0.012851285879303
0.012851285879303
0.012851285879303
0.012851285879303
0.012851285879303
0.012851285879303
0.012851285879303
0.012851285879303
0.012851285879303
0.012851285879303
0.012851285879303
0.012851285879303
0.0128509090541183
0.0128509090541183
0.0128509090541183
0.0128509090541183
0.0128509090541183
0.00176221396235628
0.00176221396235628
0.00176221396235628
0.00176221396235628
0.00176221396235628
0.00176221396235628
0.00176221396235628
0.00176221396235628
0.00176221396235628
0.012872230262731
0.012872230262731
0.012872230262731
0.012872230262731
0.012872230262731
0.012872230262731
0.012872230262731
0.012872230262731
0.012872230262731
0.0128467579605362
0.0106973838152163
0.0124770934442073
0.0123647705339569
0.0123647705339569
0.0123573594300903
0.0123050228262519
0.0120204436704891
0.0120204436704891
0.0138842020447571
0.0138842020447571
0.0138842020447571
0.0138842020447571
0.0138842020447571
0.0138842020447571
0.0138842020447571
0.0138842020447571
0.0138842020447571
0.0138842020447571
0.0138842020447571
0.0138842020447571
0.0138842020447571
0.013886288808138
0.013886288808138
0.013886288808138
0.013886288808138
0.0138843913028886
0.0138842020447571
0.0138842020447571
0.0138842020447571
0.0147556028806251
0.0147249180331863
0.0148591870308776
0.0148591870308776
0.0148591870308776
0.0148588808929176
0.0148588808929176
0.0147844298672788
0.0147844298672788
0.0147844298672788
0.0147844298672788
0.0147844298672788
0.0147844298672788
0.0147844298672788
0.0147844298672788
0.0147844298672788
0.0147844298672788
0.0147839938355815
0.0135943573359494
0.0147938095293125
0.014783659442986
0.014787126654614
0.014787126654614
0.014787126654614
0.0148563442951846
0.0148563442951846
0.0148563442951846
0.0148563442951846
0.0148563442951846
0.0148563442951846
0.0138786487245537
0.0138786487245537
0.0138786487245537
0.0138786487245537
0.0138786487245537
0.0138858478894506
0.0138858478894506
0.0138850849282118
0.0138850849282118
0.0138850849282118
0.0138850849282118
0.0138850849282118
0.0138850849282118
0.0138847224430409
0.0138880972727149
0.0146200494975495
0.0146205623400802
0.0139052733112808
0.014082983389981
0.0153407809805905
0.0153407809805905
0.0153407809805905
0.0153403615245248
0.0153515905278452
0.0153253485849152
0.0153443148059444
0.0152421157001865
0.0152421157001865
0.0154528936776342
0.00760399687079138
0.0156186278258719
0.0156186278258719
0.0156114715333211
0.0156142654026359
0.0156138453731905
0.0156142323608439
0.01565320640168
0.0156348448721689
0.0156329905843957
0.0156362684579953
0.015603314718211
0.0156032111583539
0.0156012088616352
0.0156012954128678
0.0156037922845141
0.0156011985672789
0.0156017016271386
0.0156041757942669
0.0156028276650971
0.0155993969003578
0.0155993969003578
0.0156041759827416
0.0155993969003578
0.0156025013300147
0.0156047259690093
0.0156011965351075
0.0156015348240075
0.015602044395817
0.0143622438082326
0.0143583237035713
0.0143613066680117
0.0143600608011057
0.0143610665003846
0.0143602711542287
0.0143612807203802
0.014364942825735
0.0143598187641467
0.0143586993928977
0.0143585618546813
0.0143598187641467
0.0143581388396173
0.0143587604387746
0.0143566036608871
0.0145666873167278
0.0143745549857794
0.0143741114350343
0.0143745549857794
0.014601454696141
0.0152091993701137
0.0151951748702031
0.0151947468801264
0.0151343799715023
0.0151125216498571
0.0151015924890345
0.0151015924890345
0.00165015121706468
0.00156516300607969
0.00156476201716537
0.00168152438124437
0.00168152438124437
0.00168750017996146
0.00165607093504907
0.00221044922575487
0.00221097463213879
0.00221437217584989
0.00221437217584989
0.00216448071475519
0.00216448071475519
0.0166426455381363
0.00215584554932997
0.00215584554932997
0.00215584554932997
0.0022577397608217
0.00227584612420789
0.0163042848073699
0.0163042848073699
0.0163042848073699
0.0163042848073699
0.0163042848073699
0.0172247553818003
0.0153656667142827
0.0151574915202937
0.0149426442293502
0.0149714746165784
0.0149002257917493
0.0145818041382015
0.0146923702453644
0.0145500548753667
0.0144968303476655
0.0144632736488903
0.0144491953878267
0.0144540673745659
0.0144524657218033
0.0144562426888747
0.0144556863682159
0.0144500440836632
0.0144508922738517
0.0144533810636953
0.0144530917377655
0.0144700147502169
0.0144527111913395
0.0144559291200208
0.0144591296193279
0.0144574529439579
0.0144502696576344
0.014430726397513
0.0147276970081242
0.0144199356317396
0.0144228039360008
0.0144235547914012
0.0144231375862489
0.0151059536192521
0.0151039979383325
0.0149944879199376
0.0187942985164306
0.0191335774489432
0.0791942947840262
0.0192559368419528
0.0184808862248187
0.0184818851830507
0.0184336181599013
0.0184378623645028
0.018434677890906
0.0178173879802505
0.017814416425386
0.0178067632699888
0.017828486389444
0.0178126935404019
0.0178073420483682
0.0178038428083675
0.0178054864117519
0.0178054864117519
0.0180413334742722
0.0178142893659756
0.0178052721621116
0.0178081264050536
0.0178013956998734
0.0178019251438351
0.0178160493954156
0.0190581909158318
0.0184771992783153
0.0184368914729231
0.0184320590378755
0.0178282061518187
0.0178245196470075
0.0178289266368493
0.017829491847707
0.0178435293511253
0.0178451524948766
0.0178277468202991
0.0178298138262887
0.017823689489814
0.0178410130840692
0.0178421812429002
0.017838150894569
0.0178356349041315