0.0115886519817995
0.0115886519817995
0.0115951622758585
0.0116088500280007
0.011579137643879
0.011579137643879
0.011579137643879
0.011579137643879
0.0115734647050667
0.0115597769529245
0.0115597769529245
0.0115597769529245
0.0115597769529245
0.0115597769529245
0.0115597769529245
0.0115597769529245
0.0115597769529245
0.0122799236009692
0.0124775665343084
0.0124775665343084
0.0124775665343084
0.0124775665343084
0.0124775665343084
0.0124775665343084
0.0124775665343084
0.0124775665343084
0.0124775665343084
0.0124775665343084
0.0124775665343084
0.0124775665343084
0.0124775665343084
0.0124801133241412
0.0124801133241412
0.0124801133241412
0.012516901900338
0.0125213005027004
0.0126094351711274
0.012564089183668
0.0137576875310409
0.0136091184564969
0.0135940316558583
0.0135940316558583
0.0135903408583867
0.0135903408583867
0.0135903408583867
0.0136394553941663
0.0136394553941663
0.0136394553941663
0.0136394553941663
0.0136686616603917
0.0129731139407535
0.0129960340725484
0.0129784224855331
0.0129784224855331
0.0129784224855331
0.0129784224855331
0.0129784224855331
0.0129784224855331
0.0129784224855331
0.0130355001111039
0.0130355001111039
0.0130355001111039
0.0130355001111039
0.0130355001111039
0.0130355001111039
0.0130355001111039
0.0131496553622454
0.0131496553622454
0.0131496553622454
0.0131496553622454
0.013085836437807
0.0131496553622454
0.0131496553622454
0.0131496553622454
0.0131496553622454
0.0130925777366746
0.0132067329878162
0.0132067329878162
0.0132067329878162
0.0132067329878162
0.0132067329878162
0.0132067329878162
0.0130925777366746
0.0130925777366746
0.0130925777366746
0.0130925777366746
0.0130925777366746
0.0130925777366746
0.0130925777366746
0.0130953928648789
0.013160958689012
0.0130953928648789
0.0130953928648789
0.0130953928648789
0.0130953928648789
0.0130953928648789
0.0130435175974459
0.0130435175974459
0.0130435175974459
0.0130435175974459
0.0130435175974459
0.0130435175974459
0.0130435175974459
0.015893488653449
0.0140823147120281
0.0140691596106613
0.014115000493677
0.0126802353966793
0.0126789505690915
0.0126789505690915
0.0126789505690915
0.0126789505690915
0.0126789505690915
0.0126789505690915
0.0126789505690915
0.0126789505690915
0.0126789505690915
0.0126789505690915
0.0138398087172214
0.0135635137363228
0.0135635137363228
0.0135635137363228
0.0135567256187271
0.0135567256187271
0.0127983107831216
0.0123011127335474
0.00874359311636044
0.0115887869084914
0.0106186976976875
0.00897504740006543
0.00863871151766224
0.0109241964517096
0.0123107398405491
0.012526569819271
0.0104069174998613
0.0104472133297574
0.0104303990662893
0.0104303990662893
0.0104303990662893
0.0104303990662893
0.0104450601031179
0.0103277718084897
0.0121481203441376
0.0117099363496095
0.0117099363496095
0.0117099363496095
0.0127168580630993
0.0125376271759367
0.0125287938724609
0.0125287938724609
0.0125287938724609
0.0125287938724609
0.0125287938724609
0.0125287938724609
0.0125287687004902
0.0109586075645917
0.010944715588597
0.0110492779256798
0.0110492779256798
0.0110492779256798
0.0110492779256798
0.0110492779256798
0.0102381344491804
0.0102381344491804
0.0102381344491804
0.0102381344491804
0.0102381344491804
0.0108775113583778
0.0108775113583778
0.0107136980637091
0.0107136980637091
0.0107136980637091
0.0107136980637091
0.0107136980637091
0.0107136980637091
0.0107136980637091
0.0117567487884935
0.0108402170686759
0.0107140670733609
0.0107140670733609
0.0107140670733609
0.0107140670733609
0.0107140670733609
0.0107140670733609
0.0107140670733609
0.0107140670733609
0.0107140670733609
0.0164791593893562
0.0129641518872224
0.0126994379602645
0.0136788597681898
0.0135295921468718
0.0146359774652148
0.0137947531081445
0.0117942189192827
0.012058980997826
0.0119843883151205
0.0119843883151205
0.0119843883151205
0.0119843883151205
0.0119843883151205
0.0119843883151205
0.0119843883151205
0.0119843883151205
0.0119843883151205
0.0120991725208138
0.0120991725208138
0.0121345472095165
0.0121668376802398
0.012320079476068
0.0123283520446113
0.0123570480960346
0.0122203320183342
0.0117739033033469
0.0118724287621412
0.0119633191871637
0.0119716840127745
0.0119716840127745
0.0119688934280379
0.0119696464398076
0.0119696464398076
0.0119696464398076
0.0119696464398076
0.0117009204837089
0.011060586171342
0.0110180260213474
0.011060586171342
0.0110903989266426
0.0110341749451536
0.0110291672116221
0.0110288237205364
0.0110288237205364
0.0110288237205364
0.0110288237205364
0.0110288237205364
0.0110288237205364
0.0110288237205364
0.0109168667120277
0.0109168667120277
0.0109168667120277
0.0109168667120277
0.0109168667120277
0.0128319408742567
0.0128563491225354
0.0128563491225354
0.0128563491225354
0.0128561639905113
0.0128561639905113
0.0127994874999196
0.0128561639905113
0.0129135563461214
0.0129135563461214
0.0129423455081098
0.0129423455081098
0.0129741825024285
0.0129741825024285
0.0129741825024285
0.0129741825024285
0.0129741825024285
0.0129741825024285
0.0129741825024285
0.0129707107209598
0.0129707107209598
0.0129707107209598
0.0129707107209598
0.0129707107209598
0.0129707107209598
0.0129707107209598
0.0129707107209598
0.0129707107209598
0.0129707107209598
0.0129707107209598
0.0129707107209598
0.0129707107209598
0.0129707107209598
0.0129707107209598
0.0129707107209598
0.0129700509635253
0.0131340662392088
0.0131340662392088
0.0131340662392088
0.0145671647454954
0.0128615788596769
0.0128615788596769
0.0129191560130624
0.0128615788596769
0.0128615788596769
0.0128615788596769
0.0150068828900135
0.0140964629915334
0.0140964629915334
0.0140964629915334
0.0140686044323464
0.0152050651399039
0.0152050651399039
0.0152050651399039
0.0152050651399039
0.0152050651399039
0.0152050651399039
0.0152050651399039
0.0152050651399039
0.0152050651399039
0.0152050651399039
0.0152050651399039
0.0152050651399039
0.0152050651399039
0.0152050651399039
0.0152050651399039
0.0152050651399039
0.0152050651399039
0.0152050651399039
0.0151925960812695
0.0172473985203093
0.0202206633114377
0.0217852491334062
0.0151789262535214
0.0203913579469017
0.019334003338622
0.0157033112410754
0.0157899426796391
0.0158465421815635
0.0158465421815635
0.0157031277712836
0.015674261749195
0.0157605366179346
0.015703754468952
0.0157461459142803
0.0156885679812182
0.0156597795989063
0.0156597795989063
0.0156597795989063
0.0156597795989063
0.0156597795989063
0.0156597795989063
0.0156597795989063
0.0156597795989063
0.0156597795989063
0.0135992394898558
0.0135992394898558
0.01292519176154
0.01292519176154
0.01292519176154
0.01292519176154
0.01292519176154
0.01292519176154
0.01292519176154
0.01292519176154
0.01292519176154
0.01292519176154
0.01292519176154
0.01292519176154
0.01292353120708
0.01292353120708
0.01292353120708
0.01292353120708
0.01292353120708
0.01292353120708
0.01292353120708
0.01292353120708
0.01292353120708
0.01292353120708
0.01292353120708
0.01292353120708
0.01292353120708
0.01292353120708
0.01292353120708
0.01292353120708
0.01292353120708
0.01292353120708
0.01292353120708
0.01292353120708
0.01292353120708
0.01292353120708
0.01292353120708
0.01292353120708
0.01292353120708
0.01292353120708
0.01292353120708
0.01292353120708
0.0124074352411723
0.0124496804909546
0.0124496804909546
0.0124496804909546
0.0124496804909546
0.0124698658495572
0.0124990525379529
0.0126417776747125
0.0125557290285446
0.0124694952503525
0.0124694952503525
0.0124694952503525
0.0124694952503525
0.0124694952503525
0.0124694952503525
0.0124694952503525
0.0124694952503525
0.0123845748018804
0.0123845748018804
0.0123845748018804
0.0123845748018804
0.0123845748018804
0.0123845748018804
0.0123845748018804
0.0123845748018804
0.0123845748018804
0.0123845748018804
0.0123845748018804
0.0123845748018804
0.0123845748018804
0.0123845748018804
0.0123845748018804
0.0123845748018804
0.0123845748018804
0.0123845748018804
0.0123845748018804
0.0124419405659924
0.0124132576839364
0.0124132576839364
0.0124132576839364
0.0124132576839364
0.0124132576839364
0.0124694952503525
0.0124132576839364
0.0124132576839364
0.0124132576839364
0.0124132576839364
0.0124132576839364
0.0124132576839364
0.0124996239993103
0.0124996239993103
0.0124132576839364
0.0124132576839364
0.0124132576839364
0.0124132576839364
0.012413072886161
0.012413072886161
0.012413072886161
0.012413072886161
0.012413072886161
0.012413072886161
0.012413072886161
0.012413072886161
0.00989614998574796
0.00998121815945871
0.00998121815945871
0.0101497300915376
0.0101497300915376
0.0101497300915376
0.0101173244822141
0.0101497300915376
0.0101497300915376
0.0141161688917804
0.0115323426378072
0.0115323426378072
0.0115323426378072
0.0115323426378072
0.0115323426378072
0.0115323426378072
0.0115323426378072
0.0115039206278027
0.0115039206278027
0.0115039206278027
0.0115039206278027
0.0115039206278027
0.0115039206278027
0.0115039206278027
0.0115039206278027
0.0115039206278027
0.0115039206278027
0.0115039206278027
0.0115039206278027
0.0115039206278027
0.0115039206278027
0.0115039206278027
0.0115913047414162
0.0115146767085737
0.0115146767085737
0.0115146767085737
0.0115146767085737
0.0115146767085737
0.0113389883285618
0.0113389883285618
0.0113389883285618
0.0120674610289187
0.011540376409067
0.0113972202780941
0.0113180654469298
0.0113180848436134
0.0113180848436134
0.0113180848436134
0.0110853214074741
0.0110782674802001
0.0121281045095029
0.012162887723124
0.0112613435037213
0.0121881514056286
0.0121881514056286
0.0121881514056286
0.0121881514056286
0.012438558200325
0.0119967266302399
0.0119967266302399
0.0119967266302399
0.0126116976306984
0.0120107893499699
0.0118045726011524
0.0129519100120701
0.0133577265085552
0.0144170624611759
0.0144170624611759
0.0143623080402568
0.0143623080402568
0.0141743473599159
0.0141743473599159
0.0141743473599159
0.0141743473599159
0.0141624925757152
0.0141624925757152
0.0141624925757152
0.0141898695906335
0.0144975639941535
0.0149118908649921
0.0149836884597112
0.0145548732923198
0.015480650303441
0.0168987947734151
0.0161669570379856
0.0174132123305945
0.0156919261427416
0.0153091670965633
0.015201255472398
0.0152018198119848
0.0151734185847579
0.0151734185847579
0.0151734185847579
0.0140184383869109
0.0140184383869109
0.0140184383869109
0.0140184383869109
0.0140184383869109
0.0140184383869109
0.0140184383869109
0.0140184383869109
0.0141308887506175
0.0141308887506175
0.0141168324551542
0.0141168324551542
0.0141168324551542
0.0141168324551542
0.0143802338219892
0.0141678083224616
0.0141444131790813
0.0141444131790813
0.0141444131790813
0.0141444131790813
0.0141444131790813
0.0141444131790813
0.014151350031402
0.0141476974077651
0.0141552333540935
0.0141609351890686
0.0141550668661124
0.0118519832948953
0.0118519703963139
0.0118485116248695
0.0118203475692455
0.0118203475692455
0.0118203475692455
0.0118203475692455
0.0118203475692455
0.0118203475692455
0.0118203475692455
0.0118203475692455
0.0118203475692455
0.0118203475692455
0.0118203475692455
0.0117988795800531
0.0117988795800531
0.0117988795800531
0.0117988795800531
0.0117988795800531
0.014074754880605
0.014074754880605
0.014074754880605
0.0141315148723396
0.0141315148723396
0.0141716252688972
0.0133231471292564
0.0118227721848121
0.0138804747967525
0.0119038001459381
0.0117200280717923
0.0117154204996363
0.0117142712461322
0.0118270823580267
0.0118270823580267
0.0118270823580267
0.0118270823580267
0.0118270823580267
0.0118270823580267
0.0143284192376993
0.0143567242466798
0.0143567242466798
0.0143567242466798
0.0143567242466798
0.0143567242466798
0.0143567242466798
0.0143567242466798
0.0140892881146508
0.0140892881146508
0.0139766834274807
0.0139766834274807
0.0140323114153121
0.0140323114153121
0.0140323114153121
0.0140323114153121
0.0139766834274807
0.0139766834274807
0.0140051818395652
0.0140614477193638
0.0140329857710658
0.0139766834274807
0.0139766834274807
0.0139766834274807
0.0139766834274807
0.0139766834274807
0.0108639344620756
0.0123182367200288
0.0109073629651789
0.0109073629651789
0.0109038520990482
0.0109038520990482
0.0109038520990482
0.0109038520990482
0.0109038520990482
0.0109038520990482
0.0109038520990482
0.0109038520990482
0.0109038520990482
0.0107912989000752
0.0107912989000752
0.0107912989000752
0.0107912989000752
0.0110626061991062
0.0107912989000752
0.0107912989000752
0.0107912989000752
0.0107912989000752
0.0107912989000752
0.0107912989000752
0.0107912989000752
0.0107912989000752
0.0107912989000752
0.0107912989000752
0.0107896218537614
0.0102215092284631
0.0111221193099888
0.0110009149564734
0.0104994608504908
0.010498491995806
0.0105055073242988
0.0105335686382698
0.0105335686382698
0.0105335686382698
0.0105335686382698
0.0105335686382698
0.0105335686382698
0.0107980905158985
0.0108266599613414
0.0108409016788926
0.0108409016788926
0.0136018104333743
0.0117092946035794
0.0117092946035794
0.0117092946035794
0.0117092946035794
0.0117092946035794
0.0117323946266795
0.0117092946035794
0.0117092946035794
0.0117169946112794
0.0117092946035794
0.0117092946035794
0.0117092946035794
0.0117092946035794
0.0117323946266795
0.0117092946035794
0.0117092946035794
0.0118365716698431
0.0118365716698431
0.0118365716698431
0.0118365716698431
0.0118229792053716
0.0118229792053716
0.0118229792053716
0.0120385794209718
0.0117993806988283
0.0117993806988283
0.0117993806988283
0.0117993806988283
0.0119055557406514
0.012058362679477
0.0120808438514954
0.0123806036810273
0.0139371933075639
0.0142520653558521
0.0141818850809872
0.0142280566543036
0.0155363984096941
0.0122195610679676
0.0134642980486416
0.0134642980486416
0.0134642980486416
0.0134642980486416
0.0136743598894476
0.0140099589790695
0.0140099589790695
0.0139577183103397
0.0139577304725145
0.0139876424165326
0.0140117069516846
0.0139990496970418
0.0144786855424748
0.014046476404325
0.013917480514531
0.0139359900132609
0.0139359900132609
0.0164290581638639
0.0164332287274471
0.0130991513181587
0.0135558276889525
0.012087095008665
0.012087095008665
0.012087095008665
0.0153749644780728
0.0147324446330794
0.0149443912767441
0.0153674707540666
0.0147324446330794
0.0153674707540666
0.0147324446330794
0.0147324446330794
0.0153674707540666
0.0153674707540666
0.0147324446330794
0.0149443912767441
0.0147324446330794
0.0147324446330794
0.0149443912767441
0.0147324446330794
0.0147324446330794
0.0149460631980775
0.0153674707540666
0.0153674707540666
0.0151563379204088
0.0148948931756575
0.0147324446330794
0.015791364041396
0.0149443912767441
0.0147324446330794
0.0153674707540666
0.0147324446330794
0.0147324446330794
0.0147341165544128
0.0153674707540666
0.0153674707540666
0.0153674707540666
0.0155794173977313
0.014939374737942
0.0147272921983769
0.0193886005158779
0.0155968820309477
0.0153847994913825
0.0147272921983769
0.0147272921983769
0.0153623183193641
0.0147272921983769
0.0153623183193641
0.0134529440560913
0.0134529440560913
0.0122125006332002
0.0122125006332002
0.0120497396144641
0.0120497396144641
0.0120497396144641
0.0120497396144641
0.0121171831305194
0.0121171831305194
0.0121171831305194
0.0117223051815759
0.0109441046970891
0.0131016636621823
0.0126982382667211
0.0103324805904107
0.0103324805904107
0.0107924729563884
0.0112293930058801
0.0115392950564199
0.0106213568823441
0.0106213568823441
0.0104997344539078
0.010955335808186
0.010955335808186
0.0113245794646051
0.0113915440315138
0.0113915440315138
0.0113912652968517
0.0121679827321632
0.0121679827321632
0.012156223982102
0.0106595650280015
0.0106526255937974
0.0139808528829509
0.0124445179772754
0.0124445179772754
0.012472342698721
0.012472342698721
0.0124722192878937
0.0124445179772754
0.0111672968509764
0.0121326266979748
0.0126393088529347
0.0115050947002358
0.0114976505783805
0.0114976505783805
0.0114976505783805
0.0114976505783805
0.0114976505783805
0.0114976505783805
0.0114976505783805
0.0100206409423562
0.00915280674250555
0.00915280674250555
0.00915280674250555
0.00861993271556891
0.00861993271556891
0.00786381762195819
0.00786381762195819
0.00786381762195819
0.00786381762195819
0.00786381762195819
0.00786381762195819
0.00786381762195819
0.00786381762195819
0.00786381762195819
0.00786381762195819
0.00786381762195819
0.00786381762195819
0.00786381762195819
0.00786381762195819
0.00786381762195819
0.00786381762195819
0.00786381762195819
0.00786381762195819
0.00786381762195819
0.00786381762195819
0.00786381762195819
0.00785984066942312
0.00743891152007953
0.00743891152007953
0.00743891152007953
0.00719980719292461
0.00774167532641867
0.00719980719292461
0.00699872158905855
0.00699872158905855
0.00699872158905855
0.00917687748437238
0.00807827162351514
0.00904878964277807
0.0072552147018048
0.00739822657625985
0.0072552147018048
0.00770374006402079
0.0072552147018048
0.00717878287379606
0.00720568649323913
0.00725456948939409
0.00725456948939409
0.00724835628923866
0.00706313575783524
0.00704199994079404
0.00704199994079404
0.00704199994079404
0.0073975267669091
0.00858162703769668
0.0073975267669091
0.0073975267669091
0.0073975267669091
0.0073975267669091
0.00622280872128759
0.00742828765503603
0.00742797714909166
0.00742797714909166
0.0074569539159152
0.0067630846599743
0.0067630846599743
0.00699894022803858
0.00688310312396619
0.00663277814603367
0.00670609738099976
0.00675965001016797
0.00674514648399817
0.00670222899385196
0.00664329897629577
0.0066130328421286
0.00675630202359995
0.00675630202359995
0.00794201023029173
0.00675630202359995
0.00675630202359995
0.00675630202359995
0.00663709919253271
0.00663709919253271
0.00663708014667201
0.00663708014667201
0.00691133331236895
0.00691133331236895
0.00691133331236895
0.00691133331236895
0.00691133331236895
0.00691133331236895
0.00781084248158078
0.00680948706462001
0.00680948706462001
0.00683928777238682
0.00683928777238682
0.00683928777238682
0.00683928777238682
0.00683928777238682
0.00683928777238682
0.00686908848015363
0.00686908848015363
0.00680223824381187
0.00680223824381187
0.00680223824381187
0.00680223824381187
0.00680223824381187
0.00680223824381187
0.00680223824381187
0.00680223824381187
0.00677404838511353
0.00677404838511353
0.00677404838511353
0.00677404838511353
0.00677404838511353
0.00677404838511353
0.0067458585264152
0.0067458585264152
0.00677410134868084
0.00677410134868084
0.00677410134868084
0.00677410134868084
0.00733911392134437
0.00733911392134437
0.00779012686765494
0.00779012686765494
0.00779012686765494
0.00946622286780318
0.00890120876464285
0.00891721110197736
0.00891674857542493
0.00891674857542493
0.00891674857542493
0.00891674857542493
0.00891674857542493
0.00891674857542493
0.00891674857542493
0.00891674857542493
0.00891674857542493
0.00891674857542493
0.00891674857542493
0.00891674857542493
0.00891674857542493
0.00891674857542493
0.00891674857542493
0.00891674857542493
0.00891674857542493
0.00891674857542493
0.00891674857542493
0.00891674857542493
0.00891674857542493
0.00891674857542493
0.00891111626803443
0.00854623810091229
0.00874848062032687
0.00874848062032687
0.00874848062032687
0.00864709127375778
0.00864709127375778
0.00860393006414226
0.00860393006414226
0.00860393006414226
0.00860393006414226
0.00860393006414226
0.00860393006414226
0.00860393006414226
0.00860393006414226
0.00860393006414226
0.00860984755165379
0.00860984755165379
0.00860984755165379
0.00860984755165379
0.00860984755165379
0.00860984755165379
0.00860984755165379
0.00855188808705435
0.00855188808705435
0.00855188808705435
0.00852332864469904
0.00852332864469904
0.00852332864469904
0.00855158970625516
0.00855158970625516
0.00855158970625516
0.00880976830926135
0.00855158970625516
0.00873668971078566
0.00873668971078566
0.00873668971078566
0.00873668971078566
0.00873668971078566
0.00873668971078566
0.00877605975104068
0.00873668971078566
0.00873668971078566
0.00873668971078566
0.00873668971078566
0.00870680941870581
0.00870680941870581
0.00870680941870581
0.00870680941870581
0.00870680941870581
0.00870680941870581
0.00870680941870581
0.00870680941870581
0.00870680941870581
0.00882633058702523
0.00882633058702523
0.00899942672160343
0.00899942672160343
0.00899942672160343
0.00891344896777693
0.00891344896777693
0.00893880303606662
0.00893880303606662
0.00893835080976462
0.00893835080976462
0.00893834800744489
0.00893834800744489
0.00893834800744489
0.00893834800744489
0.00893834800744489
0.00902560399880114
0.00902560399880114
0.0089661896019501
0.00897638855968849
0.00897638855968849
0.00897638855968849
0.00897638855968849
0.00894650826760864
0.00894650826760864
0.00894650826760864
0.00979921544787901
0.00979921544787901
0.00967969427955959
0.00967969427955959
0.00967969427955959
0.00967969427955959
0.00967969427955959
0.00967969427955959
0.00967969427955959
0.00967969427955959
0.00967969427955959
0.00967969427955959
0.00967969427955959
0.00967969427955959
0.00967969427955959
0.00967969427955959
0.00967969427955959
0.00967969427955959
0.00963691769000331
0.00963691769000331
0.00963691769000331
0.0102728274493273
0.00952098885467915
0.00952098885467915
0.00952098885467915
0.0101569085201284
0.00952098885467915
0.00952098885467915
0.00952098885467915
0.00952098885467915
0.0112761494634138
0.011060439024064
0.011060439024064
0.00948537369977617
0.00948537369977617
0.00948537369977617
0.00948537369977617
0.00948537369977617
0.00948537369977617
0.00948537369977617
0.00948537369977617
0.00948536387574552
0.00948536387574552
0.00948536387574552
0.00948536387574552
0.00948536387574552
0.00948536387574552
0.00948536387574552
0.00948536387574552
0.00948536387574552
0.00948536387574552
0.00948536387574552
0.00948536387574552
0.00948536387574552
0.00953403316448331
0.00956609469674189
0.00959236220843896
0.016705174383395
0.00959094232149138
0.00959094232149138
0.00959094232149138
0.00959094232149138
0.00959094232149138
0.00959094232149138
0.00959094232149138
0.00959094232149138
0.00959094232149138
0.00947572872628714
0.00947572872628714
0.00947572872628714
0.00947572872628714
0.00947572872628714
0.00947572872628714
0.00941812192868503
0.00941812192868503
0.00941812192868503
0.00941812192868503
0.00941812192868503
0.00941812192868503
0.00941812192868503
0.00941812192868503
0.00941812192868503
0.00940034953742463
0.00950624969914894
0.00950624969914894
0.00950624969914894
0.00950624969914894
0.00950624969914894
0.00950624969914894
0.00957941229502555
0.00957941229502555
0.00957941229502555
0.00957941229502555
0.00957941229502555
0.00957941229502555
0.00957941229502555
0.00957941229502555
0.00957941229502555
0.00957941229502555
0.00957941229502555
0.00957941229502555
0.00957941229502555
0.00957941229502555
0.00957941229502555
0.00957941229502555
0.00957941229502555
0.00957941229502555
0.00957941229502555
0.00972225923452987
0.00972225923452987
0.00972225923452987
0.00972225923452987
0.00972225923452987
0.00712244851675301
0.00712244851675301
0.00700636559001222
0.00700636559001222
0.00700636559001222
0.00700636559001222
0.00700636559001222
0.00700636559001222
0.00700636559001222
0.00960397317089742
0.00960397317089742
0.00960397317089742
0.00960397317089742
0.00960397317089742
0.00960397317089742
0.00960397317089742
0.00960397317089742
0.00960397317089742
0.00953329794437471
0.00453714226274654
0.00996294634097513
0.00865369900359586
0.0105184690361643
0.010737883565063
0.0108375993170029
0.0118094030768472
0.0144266268764691
0.0148190574401994
0.0148190574401994
0.0148190574401994
0.0148190574401994
0.0148190574401994
0.0148190574401994
0.0148190574401994
0.0148190574401994
0.0148190574401994
0.0148190574401994
0.0148190574401994
0.0148190574401994
0.01194238600616
0.0158009909788834
0.0157433841812813
0.012209761905017
0.0128321126008961
0.0128321126008961
0.0128321126008961
0.0128321126008961
0.0128321126008961
0.0151189194205421
0.0151189194205421
0.0150751249067497
0.0155465865673486
0.0155465865673486
0.0153780176627664
0.0153780176627664
0.0153190662457302
0.0154413483352254
0.0154413483352254
0.0154413483352254
0.0154413483352254
0.0154413483352254
0.0154413483352254
0.0154413483352254
0.0154413483352254
0.0154413483352254
0.0154466858208496
0.0153889923673635
0.0153324161445427
0.0154857657999008
0.0154857657999008
0.0154857657999008
0.0154857657999008
0.0154667518489694
0.0154667518489694
0.0154667518489694
0.0154667518489694
0.0154667518489694
0.0121442182788653
0.0118981507291683
0.0118981507291683
0.0118981507291683
0.0118554570043257
0.0119648003972511
0.0119576012323543
0.0119576012323543
0.0118474841091365
0.0118474841091365
0.0118474841091365
0.0118474841091365
0.0118474841091365
0.0118474841091365
0.0118567553076798
0.0118516675760668
0.0160782590424393
0.0127775028787084
0.0123270710724493
0.0121529877300491
0.0125941081052407
0.0125941081052407
0.0125941081052407
0.0127576333370491
0.0129736083553114
0.0117153049573313
0.0117816179546788
0.0117153049573313
0.0117153049573313
0.0113982575335318
0.00873985620152995
0.0119348820448731
0.0119348820448731
0.0118319928360944
0.0119496156358922
0.0119496156358922
0.0117659408881849
0.0117659408881849
0.0117657747520876
0.0117696249435931
0.0118581630183363
0.0118474141360457
0.0118546739832803
0.0118561562929098
0.0118458568951769
0.0119140533467048
0.0140997810014104
0.0140822160211974
0.0140883887381927
0.0140871670660398
0.0140946579164551
0.0140908160021752
0.0140885617108211
0.0140861444845214
0.014086636693696
0.0140963291540025
0.014103626591441
0.0140858041498724
0.0140858410701457
0.0142707864046545
0.0163121618299127
0.0163051413139145
0.0163106436125753
0.0163144521621869
0.0163069029679081
0.016304968341286
0.0163049352231948
0.0163032661034236
0.0162993907894969
0.0163050468813018
0.0163032661034236
0.0163089317715098
0.016299169176678
0.0163048718193024
0.0164268170309032
0.0165918566001552
0.0165882040324001
0.0165292450273333
0.015050451706028
0.0157031454088702
0.0170457381216812
0.0158728163346227
0.0152678227044446
0.0152751556955716
0.0152751556955716
0.0152751556955716
0.0100793278226696
0.0100985195682643
0.00998699606315702
0.0101068821043999
0.0098709529281897
0.0098896649700121
0.00996839892796817
0.00994697864600296
0.0130640664575924
0.0130845195647775
0.0130845195647775
0.00877864539796806
0.00932645880436958
0.0146374982328976
0.0102155864998372
0.0103114045511984
0.0103114045511984
0.00955111350094738
0.0113842282647192
0.016910160202351
0.016910160202351
0.016910160202351
0.016910160202351
0.016910160202351
0.0168210186324312
0.0200819908131269
0.0176147014492693
0.0175209897016635
0.0169374134349177
0.0167449501208899
0.0158185622449856
0.0158444650774433
0.0158057296535242
0.015809687400326
0.0158498226218539
0.015863267957741
0.0158389423185965
0.0158378985851193
0.0158559575186939
0.0158556352828354
0.0158710700164316
0.0151461821375075
0.0151547667031229
0.0151542548261912
0.015158320008465
0.0153715152023107
0.015220363778947
0.0154152179722589
0.0154272305440262
0.0154630077223086
0.0152964522980524
0.0158591769748785
0.0155082838805849
0.0160818299344731
0.0160752338308601
0.0160845827102653
0.0161209688625586
0.0161061824241947
0.0160250751679084
0.0156728662962756
0.0168315670455904
0.0151998589226437
0.016375128081755
0.0162544759718144
0.0157861311494678
0.015784794519489
0.0157777830420492
0.015790116499302
0.0152811692800797
0.0152857779942727
0.0152863063741615
0.0152847637839254
0.0152763825023829
0.0152863272053924
0.0152803764508143
0.0152809508307651
0.0152809477006863
0.014696254163919
0.0156983672376703
0.0156925488359792
0.0152774021288353
0.0152977854630606
0.0152930201576026
0.0152777049903164
0.0151502422962204
0.0151407689728082
0.0151389518231978
0.0151407160810398
0.0152365411626401
0.0152341615427437
0.0149229102326733
0.0149176662046724
0.0149360185629427
0.014873543481466
0.0148243084711196
0.01476560186527
0.0147789028098945
0.0147372061152413
0.014744187613559
0.0147364862375938
0.0147524070479846