0.61662811594755
0.61662811594755
0.618734073747757
0.618831742419957
0.619009010749332
0.619009010749332
0.618831742419957
0.618831742419957
0.616872227500473
0.616624854851765
0.616624854851765
0.616624854851765
0.616624854851765
0.616624854851765
0.616624854851765
0.616624854851765
0.616624854851765
0.616836829135177
0.61596858791971
0.61596858791971
0.617634754725425
0.617907806001581
0.617907806001581
0.617907806001581
0.617907806001581
0.617907806001581
0.617907806001581
0.6177928370432
0.6177928370432
0.6177928370432
0.6177928370432
0.617650094631061
0.617650094631061
0.617650094631061
0.614925369707897
0.614949755159615
0.614622205037092
0.614812993126374
0.614883346793031
0.615086575672332
0.615225429098132
0.615040437886562
0.615296912081927
0.615296912081927
0.615296912081927
0.619498527431027
0.619498527431027
0.619498527431027
0.619498527431027
0.619502173336102
0.619494113068109
0.61916505465858
0.619220807331159
0.61922769852472
0.619347752083732
0.619347752083732
0.619347752083732
0.619347752083732
0.619347752083732
0.619347752083732
0.619461517726507
0.619461517726507
0.619461517726507
0.619433076315813
0.619433076315813
0.619433076315813
0.619433076315813
0.619433076315813
0.619433076315813
0.619433076315813
0.619433076315813
0.619433076315813
0.619433076315813
0.619433076315813
0.619433076315813
0.619433076315813
0.619433076315813
0.619529061384467
0.619529061384467
0.619433076315813
0.619433076315813
0.619433076315813
0.619433076315813
0.619433076315813
0.619433076315813
0.619433076315813
0.619424933748388
0.619424933748388
0.619424933748388
0.620888663878596
0.619468399302706
0.621039205293357
0.620971749033416
0.620925111614916
0.620937424790809
0.620937424790809
0.620930063377782
0.62095457805551
0.62095457805551
0.62095457805551
0.62100780880727
0.6210280898323
0.6210280898323
0.619004712122875
0.595862476447842
0.595368362867714
0.602518231202123
0.591583881150995
0.591560773721499
0.591558524337853
0.591566898380939
0.591566898380939
0.591566898380939
0.591566898380939
0.591566898380939
0.591566898380939
0.591566898380939
0.591566898380939
0.590991026095365
0.560232629745915
0.560232629745915
0.560232629745915
0.560232629745915
0.560232629745915
0.560209126162015
0.560932759264827
0.589582059678271
0.585176071483037
0.616765533082873
0.600836096822288
0.617583639118119
0.626385960242235
0.630126500868704
0.63125965976843
0.631977803398802
0.647953708835372
0.650278557057958
0.65016896180305
0.650185367531833
0.650240072428961
0.650240072428961
0.650240072428961
0.643004975841651
0.642400458416073
0.642400458416073
0.642400458416073
0.636652437791248
0.641523601525999
0.641699309003003
0.641699309003003
0.641699309003003
0.641699309003003
0.641699309003003
0.641811693808577
0.642436110785733
0.641483066780253
0.641368871459467
0.641049652502891
0.64104492528124
0.641104905724023
0.64095336594721
0.64104492528124
0.64104492528124
0.64104492528124
0.64104492528124
0.640932540475666
0.640932540475666
0.515983028024335
0.515983028024335
0.515962831600265
0.515200224731469
0.515200224731469
0.515200224731469
0.515200224731469
0.515200224731469
0.515200224731469
0.512664415577933
0.515007014916366
0.514956929065781
0.514927532580385
0.514914544486129
0.514891108396355
0.514891108396355
0.514891108396355
0.514891108396355
0.514891108396355
0.514891108396355
0.386492104492534
0.316329943895347
0.410085224383741
0.317457797488629
0.317234839655687
0.312027702443589
0.309322065703804
0.310292378996723
0.31043498622829
0.310459894128273
0.310412061390846
0.310412061390846
0.310412061390846
0.310412061390846
0.310412061390846
0.310525260394694
0.310525260394694
0.310525260394694
0.310525260394694
0.310525260394694
0.310533329091926
0.310533329091926
0.310529291034417
0.310533329091926
0.310420130088077
0.292592181462653
0.277079182912557
0.28139505043388
0.288856555214625
0.289036930260234
0.288520239111456
0.287938593976314
0.288601918235849
0.288598186299082
0.288598186299082
0.288598186299082
0.288598186299082
0.291390841922664
0.285453960163931
0.291383371185798
0.292350851104211
0.291256400120055
0.29144512647232
0.291409460647927
0.29141435122697
0.291417005068336
0.286976920059765
0.286976920059765
0.286716588285992
0.286712856349224
0.287146297341247
0.288583141340597
0.288583141340597
0.288696289111586
0.288696289111586
0.286546034391786
0.28714909461496
0.28714909461496
0.287040881297272
0.28684974958175
0.287070070254936
0.293045334980358
0.288245127519229
0.287119348888132
0.286954667689399
0.287078255723179
0.286922079857446
0.286825380277999
0.286840120526679
0.286813757760302
0.286813757760302
0.28679722759206
0.28679722759206
0.28679722759206
0.28679722759206
0.286740653706565
0.286740653706565
0.286740653706565
0.286740653706565
0.286738742974308
0.286738742974308
0.286738742974308
0.286738742974308
0.286738742974308
0.286738742974308
0.286738742974308
0.286738742974308
0.286738742974308
0.286738742974308
0.286738742974308
0.287522965554651
0.288208584524835
0.288049797201714
0.287548512391074
0.288106767309502
0.287506913094787
0.288313090963083
0.28769555086845
0.28768211443775
0.287643828747638
0.29049023405471
0.289151562964579
0.290069906170561
0.290066174233793
0.290066174233793
0.289865364319
0.290333602742833
0.290290779858284
0.290236330052628
0.290134861394238
0.290126603199275
0.290126603199275
0.290126603199275
0.290126603199275
0.290126603199275
0.290734617737732
0.290734617737732
0.290734617737732
0.290748761209106
0.290748761209106
0.290748761209106
0.290748761209106
0.290748761209106
0.290748761209106
0.291216462238774
0.311051818936057
0.315522633092125
0.300798450035349
0.299692259789537
0.306520579341225
0.29851615167018
0.294605163815777
0.289466082376761
0.2890744846342
0.289036264533115
0.28886452067891
0.288910036397359
0.288957068196831
0.288812111757859
0.289427572860985
0.289221715092673
0.287960763895074
0.289167684468363
0.289146935202257
0.289146935202257
0.289146935202257
0.289146935202257
0.288099111833309
0.287772341109088
0.287445654318644
0.299280481989232
0.292527081032613
0.290405255878767
0.290154709428005
0.290154709428005
0.290154709428005
0.290154709428005
0.290154709428005
0.290154709428005
0.290154709428005
0.290154709428005
0.290154709428005
0.290154709428005
0.290154709428005
0.290249570375089
0.290249570375089
0.290338968699266
0.290338968699266
0.290338968699266
0.290338968699266
0.290338968699266
0.290338968699266
0.290338968699266
0.290338968699266
0.289811237156964
0.289726019771784
0.289726019771784
0.289726019771784
0.289726019771784
0.289726019771784
0.290338968699266
0.290338968699266
0.290338968699266
0.290338968699266
0.290338968699266
0.290338968699266
0.290338968699266
0.287722815515205
0.287722815515205
0.287637954686964
0.289325428189633
0.289325428189633
0.290538088434242
0.289627054004279
0.289640871506276
0.289445810341181
0.28947292245168
0.28877455649187
0.288945030081408
0.288612910967642
0.288648270218596
0.288797516514014
0.288797516514014
0.28876124983462
0.288676389006378
0.288676389006378
0.288676389006378
0.288676389006378
0.288676389006378
0.289203431175043
0.288981138839109
0.288981138839109
0.288909431633969
0.288970388547452
0.288970388547452
0.288970388547452
0.289197537305711
0.289633251591426
0.289633251591426
0.289633251591426
0.289633251591426
0.289633251591426
0.289633251591426
0.289633251591426
0.289633251591426
0.289633251591426
0.290440027516893
0.290440027516893
0.287102975456161
0.289361629906417
0.289361629906417
0.290254284633236
0.290254284633236
0.290310648748958
0.2894736096162
0.290383203852357
0.290383203852357
0.290383203852357
0.290466135302334
0.290466135302334
0.290381274474092
0.290734428674555
0.29052249586223
0.290488720300216
0.290403859471975
0.290052173313443
0.290031913305942
0.290033172866811
0.290168439543874
0.289496679812025
0.289390306822241
0.290039039796912
0.290039039796912
0.290039039796912
0.290039039796912
0.285324179345752
0.279354293928704
0.27909846262771
0.279088265292882
0.279088265292882
0.279088265292882
0.285599090710412
0.289169281224036
0.289169281224036
0.295595399552461
0.294509198829365
0.294408406574508
0.291960716910833
0.291960716910833
0.291960716910833
0.292772763298287
0.292772763298287
0.292772763298287
0.292785514852512
0.292800417241581
0.292800417241581
0.292800417241581
0.292800417241581
0.292800417241581
0.292800417241581
0.292800417241581
0.292800417241581
0.292800417241581
0.292800417241581
0.292641719357695
0.292641719357695
0.292641719357695
0.285991321385099
0.292738377643186
0.292710090700439
0.29267748508881
0.29218510946424
0.29218510946424
0.291949335264684
0.29198927530702
0.29198927530702
0.291358999416756
0.2862132567765
0.276399333622595
0.276438815270156
0.276496136340266
0.276570027811496
0.276570027811496
0.276575181229542
0.276529055705447
0.208671908740088
0.208031344007486
0.272041493225677
0.200766712091622
0.200967766742005
0.200715231057985
0.200620194647279
0.205396868306384
0.250947434200616
0.250858520534517
0.249527003115439
0.249738449220106
0.249737560845601
0.261940643516446
0.269635425849882
0.265900556205469
0.267191953805205
0.265401736752371
0.265586578099428
0.266129507799483
0.265591776558431
0.265591776558431
0.265813985392618
0.265537708673135
0.264344628762835
0.264680751447615
0.26508110336187
0.26544515415094
0.265580018371712
0.260070667558237
0.26110360660295
0.261720288282481
0.276817034745716
0.266870008425952
0.266949231623409
0.259634985974614
0.266734721957016
0.265213673907683
0.264927368475866
0.263746946276581
0.274002327266463
0.274042973242064
0.274042973242064
0.274886247807271
0.274886247807271
0.274886247807271
0.274886247807271
0.274886247807271
0.274886247807271
0.274886247807271
0.274886247807271
0.274886247807271
0.274886247807271
0.274886247807271
0.274886247807271
0.274886247807271
0.274886247807271
0.274142037582503
0.274077625539702
0.274850999565784
0.274850999565784
0.274850999565784
0.274850999565784
0.274850999565784
0.274891645541386
0.274909071483716
0.274954286388397
0.27490294015254
0.274901323312032
0.274915180456049
0.275561367357871
0.275560601504596
0.275526682002858
0.27543918888548
0.275437293553576
0.275437293553576
0.275437293553576
0.275437293553576
0.275437293553576
0.275437293553576
0.275437293553576
0.275437293553576
0.275437293553576
0.275437293553576
0.274137129305775
0.274137129305775
0.274137129305775
0.274137129305775
0.274137129305775
0.273923970963568
0.273923970963568
0.273923970963568
0.273593310299103
0.273593310299103
0.274829949792368
0.275739257173853
0.275975702660403
0.275603812674637
0.274754561909971
0.274739142573487
0.274801506690714
0.274681750471934
0.274651837497812
0.27460247514234
0.27460247514234
0.27460247514234
0.27460247514234
0.27460247514234
0.273129596745905
0.273952154782196
0.273986377037155
0.27403022068699
0.274022454399623
0.274015577875991
0.274015577875991
0.274015577875991
0.2749541682924
0.2749541682924
0.27425956212745
0.274028492072599
0.270256017347117
0.270256017347117
0.270256017347117
0.270256017347117
0.273928330804232
0.273928330804232
0.276906179852566
0.274438486017323
0.274206528768906
0.274130505178584
0.274010436975614
0.274010436975614
0.274013342813287
0.274013342813287
0.266908122859881
0.27522291882867
0.27532286699244
0.275117962392951
0.275005783093653
0.275005783093653
0.275039517480858
0.275039517480858
0.275004069304073
0.275001415938247
0.275001415938247
0.275001415938247
0.275004069304073
0.275005570742142
0.275005570742142
0.275005570742142
0.275005570742142
0.275005570742142
0.275005570742142
0.275005570742142
0.275005570742142
0.275005570742142
0.275005570742142
0.275005570742142
0.275005570742142
0.275005570742142
0.275005570742142
0.275005570742142
0.271547357471778
0.281757421593706
0.281793335373022
0.28583332626776
0.286882866917648
0.287898273584146
0.288623724895897
0.288536093428383
0.288536093428383
0.288539566253526
0.288538643038285
0.288538643038285
0.288538643038285
0.297330729039279
0.297330729039279
0.297330729039279
0.297330729039279
0.342828006813957
0.351006892694084
0.351006892694084
0.350955416820118
0.350955416820118
0.350961561150218
0.350961561150218
0.350961561150218
0.351619605241561
0.351619605241561
0.351619605241561
0.351619605241561
0.351619605241561
0.351619605241561
0.351619605241561
0.351619605241561
0.351619605241561
0.351492328175297
0.351492328175297
0.351492328175297
0.351492328175297
0.351823962012619
0.35181642939639
0.351695081678296
0.351948950381758
0.351433469496054
0.351433469496054
0.351433469496054
0.351433469496054
0.367035134509647
0.368674810466208
0.368674810466208
0.378541952974197
0.371456663648145
0.369741764125637
0.371073838898253
0.369435704696491
0.483912197821839
0.368493641702192
0.369005982162471
0.368703112314926
0.368715916735668
0.368690987892153
0.367329817973786
0.366417823068742
0.366446311613946
0.366959667742555
0.367779665855317
0.368218010889125
0.367689552020837
0.367698986230356
0.36708845550781
0.36971163553176
0.367608641828473
0.367719926191262
0.367860413818287
0.481311422165329
0.481250335691437
0.367040293815168
0.383111146928451
0.382971292824334
0.382958833762609
0.382958833762609
0.37961680213301
0.37961680213301
0.379428955354893
0.380320745483081
0.379373846266161
0.379373846266161
0.379373846266161
0.379373846266161
0.379373846266161
0.379373846266161
0.379373846266161
0.379373846266161
0.379373846266161
0.379373846266161
0.379547474545937
0.379547474545937
0.379547474545937
0.380385887261072
0.379547474545937
0.379547474545937
0.379507042012921
0.379547474545937
0.379547474545937
0.379547474545937
0.379547474545937
0.379547474545937
0.379547474545937
0.379933459098624
0.379933459098624
0.379933459098624
0.379933459098624
0.379933459098624
0.379933459098624
0.378988303941806
0.379142406590512
0.379142406590512
0.497964238156778
0.379358167966825
0.379358167966825
0.379166034757205
0.379166034757205
0.379125591824412
0.379260550985115
0.379250987104033
0.381982109473857
0.381982109473857
0.381982109473857
0.381982109473857
0.382929082673775
0.382870010476474
0.382870010476474
0.382870010476474
0.382870010476474
0.382870010476474
0.380977882119737
0.407689563551193
0.408666062405517
0.391429331506824
0.391121075159383
0.368084197083869
0.367706888267474
0.391322499997459
0.382790485730446
0.376909991220136
0.396684609140748
0.396746739114588
0.396588204566652
0.389130253078569
0.389127946483689
0.407792224864264
0.408416713106637
0.405025567741828
0.404777149543979
0.3757220093543
0.374098547016162
0.373748964282137
0.373771257646813
0.37155752291195
0.28923538274258
0.371445178857489
0.371130779360528
0.371478337517842
0.371482897159165
0.371271941282869
0.371212869095268
0.373593885931776
0.370701853546971
0.370225487421075
0.370447561675085
0.37041476826413
0.369857082120892
0.36980751404688
0.370773356419698
0.369925891482348
0.370817147770753
0.370817147770753
0.371498946317534
0.370526126845801
0.370526126845801
0.373419937225914
0.371427662570142
0.371427662570142
0.371685450859345
0.371685450859345
0.371685450859345
0.371685450859345
0.371689437002361
0.371689437002361
0.372337803752423
0.372337803752423
0.372337803752423
0.372337803752423
0.372337803752423
0.372337803752423
0.372337803752423
0.372337803752423
0.372337803752423
0.372337803752423
0.372373811528964
0.372373811528964
0.372356543822429
0.372337803752423
0.372337803752423
0.372319422305138
0.371798732548673
0.371798732548673
0.371798732548673
0.371907818151499
0.372059981897841
0.371907818151499
0.364940953769267
0.364803395377157
0.364803395377157
0.364562401170927
0.365661302593111
0.368306648484571
0.372973417178956
0.373063094889747
0.372999114704325
0.3661191411224
0.372967473502823
0.374207514044289
0.373159919304624
0.372999114704325
0.372987981579416
0.37291382121855
0.365494977331106
0.364792809450622
0.364792809450622
0.364792809450622
0.363517245563365
0.363517245563365
0.363517245563365
0.36351089545646
0.364419400596612
0.364419400596612
0.365326077859241
0.362814670165879
0.362980270921264
0.362980270921264
0.362474948118424
0.363966822522173
0.36490522631828
0.354831794010494
0.354731986496414
0.355148425241904
0.355027329863094
0.354081283323838
0.354025749973265
0.354263408836756
0.354263408836756
0.354211288468496
0.361493530295765
0.361493530295765
0.360579946083642
0.360579946083642
0.360579946083642
0.360579946083642
0.360579946083642
0.360579946083642
0.356531301963533
0.361433054426892
0.362331301078655
0.36227946941216
0.362329801196434
0.362329801196434
0.362329801196434
0.362329801196434
0.368157048545027
0.362563516962441
0.362563516962441
0.362563516962441
0.362563516962441
0.362563516962441
0.362563516962441
0.362563516962441
0.362563516962441
0.362533716254674
0.362533716254674
0.362279000745721
0.362279000745721
0.362279000745721
0.362279000745721
0.362279000745721
0.364126305747052
0.364126305747052
0.364126305747052
0.364126305747052
0.364126305747052
0.363410694135114
0.363410694135114
0.363410694135114
0.363410694135114
0.362582833488444
0.362525299781689
0.364015137536765
0.364015137536765
0.364015137536765
0.364015137536765
0.364147724149253
0.364147724149253
0.375342115222584
0.375059961448777
0.374980379615139
0.374998756005143
0.374841802276494
0.37462070499849
0.374728423093768
0.374728423093768
0.374728423093768
0.374728423093768
0.374728423093768
0.374728423093768
0.37381420268094
0.37381420268094
0.374728423093768
0.374728423093768
0.374728423093768
0.374728423093768
0.374728423093768
0.374728423093768
0.374728423093768
0.374728423093768
0.374728423093768
0.374728423093768
0.374728423093768
0.374728423093768
0.374728423093768
0.374728423093768
0.374702364760208
0.366069971173594
0.370372575709873
0.369458355297045
0.369458355297045
0.370593964590361
0.370593964590361
0.36598806343119
0.36598806343119
0.36598806343119
0.36598806343119
0.36598806343119
0.36598806343119
0.36598806343119
0.365546122513619
0.365546122513619
0.365570790594089
0.364656570181262
0.364656570181262
0.364656570181262
0.365570790594089
0.365570790594089
0.365570790594089
0.365628750058689
0.365628750058689
0.365628750058689
0.365068258725872
0.365068258725872
0.365068258725872
0.365068258725872
0.365068258725872
0.365067125377345
0.364317346420669
0.365067125377345
0.365324583030618
0.365324583030618
0.365324583030618
0.365324583030618
0.365324583030618
0.365324583030618
0.36691288496085
0.365358913607066
0.365358913607066
0.365358913607066
0.365324583030618
0.365324583030618
0.365324583030618
0.365324583030618
0.365324583030618
0.365324583030618
0.365324583030618
0.365324583030618
0.365324583030618
0.365324583030618
0.365324583030618
0.365324583030618
0.365246670259347
0.365246670259347
0.365246670259347
0.365054607696766
0.365054607696766
0.365054607696766
0.365054607696766
0.36506924176244
0.36506924176244
0.365100923389306
0.365100923389306
0.365079188590081
0.365079188590081
0.365223061390583
0.365406100436545
0.365334676966792
0.365442206729734
0.365162838678598
0.365162838678598
0.365162838678598
0.365162838678598
0.365162838678598
0.365162838678598
0.365162838678598
0.36421612466903
0.364919645846088
0.364919645846088
0.364723829607767
0.364723829607767
0.364740459649143
0.364740459649143
0.364740459649143
0.364711943216549
0.364711943216549
0.364711943216549
0.364562578580897
0.364562578580897
0.364562578580897
0.364562578580897
0.364562578580897
0.364562578580897
0.364562578580897
0.364883065292651
0.364883065292651
0.364883065292651
0.364963779968453
0.364891754615529
0.364891754615529
0.364891754615529
0.364963779968453
0.364891754615529
0.364891754615529
0.364891754615529
0.364891754615529
0.365994732822407
0.364803368077284
0.364620184099667
0.364926943237992
0.365002412686184
0.365111772037115
0.365111772037115
0.365111772037115
0.365111772037115
0.365111772037115
0.365111772037115
0.365139084498716
0.365139084498716
0.365139084498716
0.36022363168381
0.360309002959933
0.360309002959933
0.360471898887535
0.360471898887535
0.362287487582062
0.362287487582062
0.362287487582062
0.362287487582062
0.362287487582062
0.362989694168987
0.362645649968572
0.362875684773995
0.362834237174247
0.36277772497742
0.362291088006912
0.362291088006912
0.362291088006912
0.362291088006912
0.362147071012906
0.362147071012906
0.362147071012906
0.362147071012906
0.362147071012906
0.362147071012906
0.362147071012906
0.362147071012906
0.362147071012906
0.361677918199588
0.361677918199588
0.361677918199588
0.361677918199588
0.361677918199588
0.361677918199588
0.361677918199588
0.361677918199588
0.361677918199588
0.361677918199588
0.364442407756982
0.3644058498543
0.364373831520665
0.364373831520665
0.364373831520665
0.364373831520665
0.364373831520665
0.363861003041469
0.363861003041469
0.363861003041469
0.363861003041469
0.363861003041469
0.363861003041469
0.363861003041469
0.363861003041469
0.363861003041469
0.363861003041469
0.363976921970668
0.363976921970668
0.363976921970668
0.363976921970668
0.364447432276139
0.364447432276139
0.364447432276139
0.364447432276139
0.364447432276139
0.369627230908602
0.369627230908602
0.369627230908602
0.369627230908602
0.3697721295701
0.368785082664782
0.36877203677166
0.369129067399248
0.369129067399248
0.369129067399248
0.369129067399248
0.369129067399248
0.369129067399248
0.369129067399248
0.37011733986607
0.37011733986607
0.37011733986607
0.37055928078364
0.370548024160689
0.370548024160689
0.370548024160689
0.370548024160689
0.370548024160689
0.363532702716057
0.396996759678536
0.363360901420032
0.363290790646438
0.363704510848693
0.364012575275984
0.365647036788792
0.363025946124197
0.357856429885175
0.358119318292789
0.358119318292789
0.358119318292789
0.358119318292789
0.358119318292789
0.358119318292789
0.358119318292789
0.358234531887993
0.358234531887993
0.358234531887993
0.358234531887993
0.358234531887993
0.358234531887993
0.362801406490776
0.362801406490776
0.359718811769539
0.359562073617727
0.358078952407004
0.358077793736181
0.358077793736181
0.358077793736181
0.412741215143488
0.412741215143488
0.412742984755966
0.412700060034004
0.412700060034004
0.412724161778883
0.412724161778883
0.415683216816976
0.415560934727481
0.415560934727481
0.415560934727481
0.415560934727481
0.415560934727481
0.415560934727481
0.415560934727481
0.415560934727481
0.415560934727481
0.415618514779521
0.412061959024597
0.412694748232197
0.415662916956159
0.415626136400375
0.415626136400375
0.415626136400375
0.414572853673522
0.414572853673522
0.414572853673522
0.414572853673522
0.414572853673522
0.415771250623057
0.361021576409254
0.361021576409254
0.361021576409254
0.360409087737451
0.360397865695574
0.360397865695574
0.360397865695574
0.361379250162075
0.360461193859403
0.360461193859403
0.360461193859403
0.360461193859403
0.360461193859403
0.360569845465902
0.360613962996968
0.370509716783891
0.371385979917207
0.360268073466953
0.360239059576553
0.359770406587759
0.359751087272745
0.359751087272745
0.359688074638493
0.361635442578768
0.354255989583894
0.353575248034009
0.353575248034009
0.353575248034009
0.354284831079723
0.350234134262444
0.353615383384611
0.353479745540135
0.347058982790719
0.343489855210676
0.34327595379909
0.343281960636681
0.34240343328338
0.339586452905025
0.3395910311178
0.339008854101495
0.338990681903325
0.341830948360191
0.34185529681569
0.341876523608389
0.341841537445764
0.3442556469358
0.344347701756378
0.344328801934721
0.34429502087367
0.344300540869319
0.344296469658509
0.344325422083954
0.344415438110088
0.344364596218467
0.344328282020628
0.344328123221035
0.344347645967182
0.344349905642964
0.344461050556895
0.343572741446814
0.343576370675182
0.343547496680198
0.343557407229107
0.343550019991629
0.343574527155575
0.343574527155575
0.343621230874654
0.343597451592696
0.343577979309565
0.343622293786609
0.34357667616068
0.343595959821587
0.343549438186312
0.349364780703542
0.410568652391712
0.41086577219344
0.410870177020853
0.484721870492638
0.484555963397247
0.482896018315162
0.482795913185747
0.481740780768557
0.483172264352647
0.493002693703761
0.493002693703761
0.44793493872457
0.486773806804122
0.43827372308887
0.436840002563741
0.436907993065254
0.434923122835608
0.434864602085684
0.469277503916895
0.499902865015242
0.499657496009663
0.499829944153028
0.481990440674599
0.507778054099275
0.540224604063519
0.508983196238452
0.507291173473002
0.507291173473002
0.485912282695201
0.375180953150025
0.421000987655519
0.42168601048651
0.420665679732452
0.420665679732452
0.420665679732452
0.453482837813179
0.447189254505006
0.466563165486159
0.448203215125769
0.44740533776628
0.447602575999044
0.440842840495312
0.395652141777703
0.392660822503486
0.392735667663406
0.392532094380495
0.392533223289821
0.392634204706223
0.395107141795099
0.408340975266221
0.395018453478972
0.395039310387391
0.36232564627034
0.361878122462188
0.361914925747843
0.361785525360895
0.362069943481379
0.361193555371811
0.361738461192573
0.361890974742453
0.362182469512934
0.363402342075547
0.334603651357491
0.340695007611097
0.36403981568918
0.363622386575259
0.363607607276299
0.363926980822765
0.36387165745952
0.363998470052747
0.365406774503346
0.36388120386366
0.388016218665813
0.365344066902313
0.36584361203072
0.365386838638877
0.365407965962337
0.365488127689927
0.36541587470316
0.345762153505791
0.345735869340742
0.345708088570816
0.345728460805462
0.345813376239277
0.345294012256167
0.345204365211075
0.345227035222788
0.345635341986386
0.345648158656761
0.345581483494805
0.345212558703589
0.345167271680246
0.345149318603099
0.345152901309267
0.345172672447387
0.34513682631255
0.345229158214792
0.3451664041936
0.345203053437767
0.345921901125327
0.345872587090642
0.345616644638029
0.345639663529059
0.345611060891511
0.345376086385277
0.345230248126217
0.343527230038314
0.343529602519071
0.344176428953362
0.344088447029447
0.344156544248272
0.344114148110571