0.00374504907471911
0.00373898849379581
0.00384740843633521
0.00384740843633521
0.00385181618938995
0.00385181618938995
0.00384740843633521
0.00384740843633521
0.00373898849379581
0.00373898849379581
0.00373898849379581
0.00373898849379581
0.00373898849379581
0.00373898849379581
0.00373898849379581
0.00373898849379581
0.00373898849379581
0.00373898849379581
0.00383827030144327
0.00383827030144327
0.00383827030144327
0.00383827030144327
0.00383827030144327
0.00383827030144327
0.00383827030144327
0.00383827030144327
0.00383827030144327
0.00383827030144327
0.00383827030144327
0.00383827030144327
0.00383827030144327
0.00383585275969986
0.00383585275969986
0.00383585275969986
0.00377702570593635
0.00377691133399386
0.00182885468433636
0.00182885468433636
0.00378037288560698
0.00377507255237998
0.00377507255237998
0.00377507255237998
0.00377507255237998
0.00377507255237998
0.00377507255237998
0.00377507255237998
0.00377507255237998
0.00377507255237998
0.00377507255237998
0.00377507255237998
0.00377547037676588
0.00374360405817385
0.00374355436558413
0.00374325668983637
0.00377507255237998
0.00377507255237998
0.00377507255237998
0.00377507255237998
0.00377507255237998
0.00377507255237998
0.00377507255237998
0.00377507255237998
0.00377507255237998
0.00377507255237998
0.00377507255237998
0.00377507255237998
0.00377507255237998
0.00377507255237998
0.00377507255237998
0.00377507255237998
0.00377507255237998
0.00377507255237998
0.00377507255237998
0.00377507255237998
0.00377507255237998
0.00377507255237998
0.00377507255237998
0.00377598374963136
0.00377598374963136
0.00377507255237998
0.00377507255237998
0.00377507255237998
0.00377507255237998
0.00377507255237998
0.00377507255237998
0.00377507255237998
0.00377507255237998
0.00377507255237998
0.00377507255237998
0.00377643112694745
0.00377735043253803
0.00377735043253803
0.00377735043253803
0.00377626364365708
0.00377626364365708
0.00377626364365708
0.00379165819803247
0.00379165819803247
0.00379165819803247
0.00379165819803247
0.00379165819803247
0.00379165819803247
0.00379165819803247
0.00391270036911805
0.00427991610311527
0.00427991610311527
0.00424274451488444
0.00444766172931148
0.00444766172931148
0.00444761057004444
0.00444755315951913
0.00444755315951913
0.00444755315951913
0.00444755315951913
0.00444755315951913
0.00444755315951913
0.00444755315951913
0.00444755315951913
0.00446315543400123
0.0047969139915911
0.0047969139915911
0.0047969139915911
0.0047969139915911
0.0047969139915911
0.00479798728562756
0.0047662285792693
0.00162211499838358
0.00378877828643475
0.00392779449767885
0.00433384987198274
0.00426320389214268
0.0039291192510294
0.00367552524996436
0.00367241618573901
0.00367241618573901
0.00367241618573901
0.00179856243518572
0.00344115383676321
0.00367286959345716
0.00367020011827907
0.00367020011827907
0.00367020011827907
0.012462276923824
0.012462276923824
0.0124612277850301
0.0124480564765047
0.0143501649816118
0.0139104202300902
0.0139104202300902
0.0139104202300902
0.0139065644286378
0.0139065644286378
0.0139065644286378
0.0139065644286378
0.0139050453774851
0.00368395852413285
0.00368126342215881
0.00367372959648102
0.00367361803022492
0.00367361803022492
0.00367361803022492
0.00367361803022492
0.00367361803022492
0.00367361803022492
0.00367361803022492
0.00367361803022492
0.00367361803022492
0.00367041093611866
0.00367041093611866
0.00366951557456731
0.00366951557456731
0.00366951557456731
0.00366951557456731
0.00366951557456731
0.00366951557456731
0.00366951557456731
0.00387908390942058
0.00367451277948001
0.00367165781519409
0.00367063811550244
0.00367018758696038
0.00366906838295975
0.00366879015883629
0.00366879015883629
0.00366879015883629
0.00366879015883629
0.00366879015883629
0.00368570610657404
0.00368083814634442
0.00471041643475544
0.00379410734206624
0.00378866181460593
0.00407597078959267
0.00378886440337224
0.0037969462725054
0.0037969462725054
0.0037969462725054
0.00379424540598947
0.00379424540598947
0.00379424540598947
0.00379424540598947
0.00379424540598947
0.00379424540598947
0.00379424540598947
0.00379424540598947
0.00379424540598947
0.00379424540598947
0.00379470100346
0.00379470100346
0.00379447299530278
0.00379470100346
0.00379470100346
0.0039847911233349
0.00448785768731522
0.00454222254681925
0.00449875047241593
0.00449628586999821
0.00449652184009192
0.00449581052618325
0.00449693198551293
0.00449670470957565
0.00449670470957565
0.00449670470957565
0.00449670470957565
0.00182524884510453
0.00192372106160344
0.00449670470957565
0.00463828266611363
0.00450479254809569
0.00450389023614223
0.00450383298762796
0.0045037823836185
0.00450372560375673
0.00451980715364846
0.00451980715364846
0.00450395287969401
0.00450372560375673
0.00450372560375673
0.00450372560375673
0.00450372560375673
0.00450372560375673
0.00450372560375673
0.00434455028377965
0.00435927288574383
0.00435927288574383
0.00450829297902219
0.0045044361544831
0.0045044361544831
0.00181775328070926
0.00180358094510835
0.00173538917704855
0.00173538917704855
0.00179309993512958
0.00183102257867104
0.00450292188783437
0.00450250150795782
0.00450219587747986
0.00450219587747986
0.00450128396802341
0.00450128396802341
0.00450128396802341
0.00450128396802341
0.00450128396802341
0.00450128396802341
0.00450128396802341
0.00450128396802341
0.00450128396802341
0.00450128396802341
0.00450128396802341
0.00450128396802341
0.00450128396802341
0.00450128396802341
0.00450128396802341
0.00450128396802341
0.00450128396802341
0.00450128396802341
0.00450128396802341
0.00430197722456257
0.00430966532625838
0.00430966532625838
0.00450330897929304
0.00730325322045624
0.00450347924074093
0.00450061631458001
0.00440725014308066
0.00440725014308066
0.00450061631458001
0.0045067593473323
0.00450299132243098
0.00449693198551293
0.00449670470957565
0.00449670470957565
0.000969445324171319
0.00193567234080314
0.00193567234080314
0.00449636336946169
0.00449636336946169
0.00449636336946169
0.00449636336946169
0.00449636336946169
0.00449636336946169
0.00449636336946169
0.00449636336946169
0.00449636336946169
0.00449636336946169
0.00449636336946169
0.00449636336946169
0.00449636336946169
0.00449636336946169
0.00449636336946169
0.00449636336946169
0.00449636336946169
0.00389024014834685
0.00440887727572974
0.00436608159050881
0.00468738692277657
0.00435274743938779
0.00433771182564676
0.00462609229038993
0.00424108025422039
0.00424108025422039
0.0043393049340807
0.00448708954342529
0.0044896679876767
0.0044885528933449
0.00438755669003897
0.00438740123393438
0.00438740123393438
0.00447304753122777
0.00448724223445098
0.00448587417538128
0.00448587417538128
0.00448587417538128
0.00448587417538128
0.00448587417538128
0.00448587417538128
0.00448587417538128
0.00457036998385223
0.00457036998385223
0.00449982819285514
0.00448587417538128
0.00448587417538128
0.00448587417538128
0.00448587417538128
0.00448587417538128
0.00448587417538128
0.00448587417538128
0.00448587417538128
0.00448587417538128
0.00448587417538128
0.00448587417538128
0.00448587417538128
0.00448587417538128
0.00448587417538128
0.00448587417538128
0.00448587417538128
0.00448587417538128
0.00448587417538128
0.00448587417538128
0.00448587417538128
0.00448587417538128
0.00448587417538128
0.00448587417538128
0.00448587417538128
0.00448587417538128
0.00448587417538128
0.00448587417538128
0.00448587417538128
0.00448587417538128
0.00448587417538128
0.00448587417538128
0.00448587417538128
0.00448587417538128
0.00448587417538128
0.00448476009615584
0.00448476009615584
0.00448476009615584
0.00448476009615584
0.00448476009615584
0.00455564894429185
0.00455645367716345
0.00454285254268341
0.00452019493716498
0.00436895884243466
0.00437207690700802
0.000876913215263811
0.00439574305791236
0.00439227895316111
0.00449392098863989
0.00448862029112555
0.00448605423486846
0.00448605423486846
0.00448605423486846
0.00448605423486846
0.00448605423486846
0.00448605423486846
0.00449071594370479
0.00449071594370479
0.00448706257762035
0.00448605423486846
0.00448605423486846
0.00448605423486846
0.00448605423486846
0.00448605423486846
0.00448605423486846
0.00448605423486846
0.00448605423486846
0.00448605423486846
0.00448605423486846
0.00448605423486846
0.00448605423486846
0.00448605423486846
0.00448605423486846
0.00448605423486846
0.00448605423486846
0.00448605423486846
0.00448793052977675
0.00448793052977675
0.00448686592481156
0.00448686592481156
0.00448605423486846
0.000984448446019688
0.00165957478936044
0.00165957478936044
0.00202436068785761
0.00168539533400673
0.00435367357176789
0.0044555795022937
0.00448850753499067
0.00448769288873723
0.00448738892004478
0.00448615537408518
0.00448615537408518
0.00448605423486846
0.00448708351569438
0.00448708351569438
0.00448494015564302
0.00448494015564302
0.00448494015564302
0.00448494015564302
0.00448494015564302
0.00448494015564302
0.00450908534249
0.0109374590236351
0.0109342294090209
0.0109132113246514
0.0109132113246514
0.0109132113246514
0.0109132113246514
0.0109132113246514
0.0109132113246514
0.0110916418669774
0.0110902714699297
0.0110517868721579
0.0109123780637076
0.0109123780637076
0.0109123780637076
0.0109123780637076
0.0109123780637076
0.0109123780637076
0.0109118029519781
0.010915894770527
0.0109193027492442
0.0109193027492442
0.0109193027492442
0.0109193027492442
0.0109193027492442
0.0109193027492442
0.0109193027492442
0.0109193027492442
0.0109193027492442
0.0045047593549361
0.0045047593549361
0.0045047593549361
0.0045086881373292
0.0045086881373292
0.0045086881373292
0.0045086881373292
0.00448845686246246
0.00448845686246246
0.00442034113109929
0.00442034113109929
0.00442034113109929
0.00442034113109929
0.0044215166430493
0.0046717491682284
0.00467158236918615
0.00466487470138563
0.00464392669149199
0.00464392669149199
0.00466675483119077
0.00466403648879793
0.0111227680920562
0.0111228183999809
0.00479279034381174
0.0111398073078556
0.0111361507134635
0.0111159001984882
0.0111013784234697
0.0112332092540597
0.00481073439135833
0.00478559624841851
0.00470149313260977
0.00471416822657047
0.00471416822657047
0.00471416822657047
0.00473292340337464
0.00466263384167124
0.00468259781350792
0.004839930758646
0.0047974381448673
0.00473462823100904
0.00473919061066592
0.00473919061066592
0.00473394974572138
0.00473417549011505
0.00474739273380332
0.00474714197502293
0.004743803805121
0.00473767044802173
0.00474698390494466
0.00451765298293918
0.00452491760602744
0.0047682421736063
0.00470811688750863
0.00472029080479481
0.00471739067019449
0.00477852334067279
0.00473751656077049
0.00473751656077049
0.00474589019312913
0.00474336754271345
0.00467955894458116
0.00467955894458116
0.00467955894458116
0.00467955894458116
0.00467955894458116
0.00467955894458116
0.00467955894458116
0.00466923890465997
0.00466923890465997
0.00466923890465997
0.00466923890465997
0.00466923890465997
0.00466923890465997
0.00466923890465997
0.00466923890465997
0.00466923890465997
0.00466923890465997
0.00467619131326816
0.00468599202431216
0.00466923890465997
0.00466923890465997
0.00466923890465997
0.00466923890465997
0.00466923890465997
0.00466923890465997
0.00467011618208328
0.00467033844050799
0.00468312615462316
0.00467966349079587
0.00468320695960754
0.0053531054932476
0.0053531054932476
0.0053531054932476
0.00540747114938417
0.00540740188294675
0.00540740188294675
0.00540740188294675
0.00540740188294675
0.00540740188294675
0.00540740188294675
0.00540740188294675
0.00540740188294675
0.00540740188294675
0.00540740188294675
0.00541277777818703
0.00541277777818703
0.00541277777818703
0.00541277777818703
0.00539174138522721
0.00523046237253525
0.00523046237253525
0.00523046237253525
0.00467476257587886
0.00468024706847604
0.00470272155397025
0.00518115025338838
0.00516363199231919
0.00516311860137198
0.00515496137121122
0.00515496137121122
0.00529814848965364
0.00541568687864981
0.00541568687864981
0.00541277777818703
0.00541277777818703
0.00541277777818703
0.00541277777818703
0.00541277777818703
0.00523088131966266
0.00468058074303863
0.00467604666157772
0.00468119486768708
0.00468069217178807
0.00468024706847604
0.00468024706847604
0.00468024706847604
0.00474539948197514
0.00474539948197514
0.0046997874448771
0.0046846139891176
0.00466397057880057
0.00468342838237379
0.00468342838237379
0.00468342838237379
0.00468433066635585
0.00468433066635585
0.00468597876111583
0.00468748092400667
0.00466612135732835
0.00468433066635585
0.00468342838237379
0.00468342838237379
0.00468342838237379
0.00468342838237379
0.00472874006036237
0.00471013758562705
0.00470934055595737
0.00468597296690483
0.00468111151624681
0.00468111151624681
0.00468686083236962
0.00468502624994119
0.00467962202599737
0.00468273092760242
0.00468456551003085
0.00468456551003085
0.00468267408120121
0.00466506858545932
0.00468267408120121
0.00467962202599737
0.00467962202599737
0.00468267408120121
0.00468267408120121
0.00468450866362964
0.00468450866362964
0.00468450866362964
0.00468450866362964
0.00468450866362964
0.00468450866362964
0.00468450866362964
0.00468450866362964
0.00467903555357971
0.00468183510961951
0.00485148890091695
0.00485482613167122
0.00474368228289626
0.00472569089976659
0.00470263336002845
0.00468404139236812
0.00468404139236812
0.00468404139236812
0.00468404139236812
0.00468404139236812
0.00468404139236812
0.00468404139236812
0.00475682395965987
0.00475682395965987
0.00475493187566112
0.00474386793808808
0.00541093413102726
0.00512781772698944
0.00512781772698944
0.00512715126872137
0.00512715126872137
0.00512715126872137
0.00512715126872137
0.00512715126872137
0.00512715126872137
0.00512715126872137
0.00512715126872137
0.00512715126872137
0.00512715126872137
0.00512715126872137
0.00510423476119712
0.00512715126872137
0.00512715126872137
0.00512715126872137
0.00387943430035005
0.00387943430035005
0.00512715126872137
0.00512715126872137
0.00195081081675325
0.00195081081675325
0.00195081081675325
0.00511967970627649
0.00511967970627649
0.00512715126872137
0.00512715126872137
0.00498282967791259
0.0049909533107231
0.0049909533107231
0.00512415965379051
0.00500645288701895
0.00500472954810554
0.00502044432282184
0.00498166491870558
0.00655446785665028
0.00501165868726705
0.00501325241859051
0.00499769902318039
0.0049909533107231
0.0049909533107231
0.00500001208397026
0.00501096679136516
0.00501089034911002
0.00500437275155247
0.00498810681684254
0.00498620635383713
0.00499006430544857
0.00499006430544857
0.00499662298816122
0.00499290481605018
0.00500929948510365
0.004989769735353
0.00498565331262726
0.00651441106260748
0.00652484215263493
0.00498846960667885
0.00497221074426614
0.00497544105248138
0.00497544105248138
0.00191404123304901
0.00154141428670373
0.00138025767579903
0.00160768997260578
0.00228884143357082
0.00230086253184304
0.00496985167264981
0.00496985167264981
0.00495509424782044
0.00496985167264981
0.00496985167264981
0.00496985167264981
0.00496985167264981
0.00496985167264981
0.00496985167264981
0.00496985167264981
0.00496985167264981
0.00496985167264981
0.00496985167264981
0.00496985167264981
0.00496985167264981
0.00496985167264981
0.00496985167264981
0.00496985167264981
0.00496985167264981
0.00496985167264981
0.00496985167264981
0.00496985167264981
0.00496985167264981
0.00496985167264981
0.00494771553540576
0.00496985167264981
0.00496985167264981
0.00496985167264981
0.00496985167264981
0.00497221900070774
0.00497221900070774
0.00653205702462843
0.00497194345910053
0.00499384874802714
0.00497221900070774
0.00497221900070774
0.00497221900070774
0.00497221900070774
0.00497221900070774
0.00497221900070774
0.00497221900070774
0.00497221900070774
0.00497221900070774
0.00497221900070774
0.00497221900070774
0.00497221900070774
0.00497221900070774
0.00497221900070774
0.00497221900070774
0.00497221900070774
0.0047733310133466
0.00476446283093156
0.00477769679495817
0.00476947019241824
0.0047596700413304
0.0047596700413304
0.00475566030173103
0.00475933068507379
0.00480036215808719
0.00467104996442872
0.00467104996442872
0.00467104996442872
0.00466109516119348
0.00466109516119348
0.00466109516119348
0.00466265621829684
0.00466265621829684
0.00466061545581899
0.00465844971931011
0.00465804829859459
0.00465804829859459
0.00464975564651564
0.00464541648866718
0.00447534818788406
0.00451700884290861
0.00451700884290861
0.00464397134300473
0.00464488384950071
0.00464488384950071
0.0046427890423198
0.00460639024674263
0.00443228958264993
0.00440856373670488
0.00448883982455353
0.00434483234403379
0.00434399963221012
0.00434312807418655
0.00445285694933183
0.00456308063589442
0.00456308063589442
0.00456308063589442
0.00478916691597401
0.00478916691597401
0.00478916691597401
0.00478294869676795
0.00478197855449381
0.00478197855449381
0.00478197855449381
0.00478197855449381
0.00478197855449381
0.00478197855449381
0.00478197855449381
0.00478197855449381
0.00478197855449381
0.00473492052185571
0.00478197855449381
0.00478197855449381
0.00478197855449381
0.00478197855449381
0.00478197855449381
0.00478197855449381
0.00478197855449381
0.00478197855449381
0.00478321958175722
0.00478321958175722
0.00478262444102251
0.00478197855449381
0.00478197855449381
0.00478197855449381
0.00478075853686294
0.00478075853686294
0.00478075853686294
0.00488668708204376
0.00489003876618697
0.0048865841744769
0.00498531198053605
0.00497655047590116
0.00497655047590116
0.0049822811214387
0.00502138719826713
0.00534898448939411
0.00508816840989384
0.00508816840989384
0.00508816840989384
0.0050448534540053
0.00508816840989384
0.00510198318098218
0.00509751576032439
0.00509751576032439
0.00509707766103537
0.00508816840989384
0.00500162118280231
0.0049504557572509
0.00497655047590116
0.00497655047590116
0.00497678478465859
0.00497678478465859
0.00497678478465859
0.00497655047590116
0.00497655047590116
0.00497655047590116
0.00497655047590116
0.00499260900460146
0.00499260900460146
0.00499260900460146
0.00499260900460146
0.00498875793992775
0.00499173280478202
0.00501512296415624
0.00501512296415624
0.004995040631452
0.00502341387418134
0.0050157313075912
0.00499491509301118
0.00499767783204376
0.00499767783204376
0.00499359023723232
0.00499354573427144
0.00499354573427144
0.00497909330084296
0.00497909330084296
0.00497909330084296
0.00497909330084296
0.00497909330084296
0.00497909330084296
0.00495323804546247
0.00497966844061313
0.00497966844061313
0.00497966844061313
0.00497909330084296
0.00497909330084296
0.00497909330084296
0.00497909330084296
0.00497909330084296
0.00497909330084296
0.00497909330084296
0.00497909330084296
0.00497909330084296
0.00497909330084296
0.00497909330084296
0.00497909330084296
0.00497909330084296
0.00497909330084296
0.00497566495852428
0.00501769872444829
0.00497909330084296
0.00497909330084296
0.00497909330084296
0.00501769872444829
0.00497909330084296
0.00497909330084296
0.00497909330084296
0.00497909330084296
0.00497909330084296
0.00497909330084296
0.00501769872444829
0.00501769872444829
0.00501769872444829
0.00501522438441416
0.00501522438441416
0.00501769872444829
0.00497909330084296
0.00497909330084296
0.00497909330084296
0.00501816624339183
0.00501816624339183
0.0050195150346447
0.0050195150346447
0.0050195150346447
0.005015371013478
0.00498594245844505
0.00499007397440744
0.00499007397440744
0.00499007397440744
0.00499007397440744
0.00496273014022214
0.00499007397440744
0.00499007397440744
0.00502732614603578
0.00502732614603578
0.00502732614603578
0.00502732614603578
0.00502732614603578
0.00502732614603578
0.00499007397440744
0.0050045638405573
0.00499007397440744
0.00499007397440744
0.00499007397440744
0.00499007397440744
0.00499007397440744
0.00502732614603578
0.00502732614603578
0.00499007397440744
0.00499007397440744
0.00499007397440744
0.00499007397440744
0.00502594222083156
0.00502594222083156
0.00502594222083156
0.00502594222083156
0.0050045638405573
0.00502594222083156
0.00502594222083156
0.00499007397440744
0.00499007397440744
0.00499007397440744
0.00502594222083156
0.00502594222083156
0.00502594222083156
0.00502594222083156
0.00502594222083156
0.00502594222083156
0.00502594222083156
0.00502594222083156
0.00502594222083156
0.00502594222083156
0.00502594222083156
0.00502594222083156
0.00502594222083156
0.00502594222083156
0.00502594222083156
0.00502594222083156
0.00502594222083156
0.00499007397440744
0.00499007397440744
0.00499007397440744
0.00499007397440744
0.00499007397440744
0.00499007397440744
0.00499007397440744
0.00502594222083156
0.00502594222083156
0.00502594222083156
0.00502594222083156
0.00502741407831571
0.00502594222083156
0.00502594222083156
0.0050045638405573
0.00499007397440744
0.00499007397440744
0.00499007397440744
0.00499007397440744
0.00499007397440744
0.00499007397440744
0.00499007397440744
0.00499007397440744
0.00499007397440744
0.00499007397440744
0.00498289829809541
0.00499007397440744
0.00501180877363223
0.00502594222083156
0.00502594222083156
0.00502594222083156
0.00501180877363223
0.00502594222083156
0.00502594222083156
0.00499007397440744
0.00502594222083156
0.00502594222083156
0.00502594222083156
0.00501905370670716
0.00499007397440744
0.00502594222083156
0.00502594222083156
0.00502594222083156
0.00499007397440744
0.00499007397440744
0.00502732614603578
0.00502732614603578
0.00502732614603578
0.00502732614603578
0.00502732614603578
0.00502732614603578
0.00502732614603578
0.00502732614603578
0.00502732614603578
0.00502629863978209
0.00502629863978209
0.00501905370670716
0.00499007397440744
0.00499007397440744
0.00499007397440744
0.00501180877363223
0.00501180877363223
0.00499007397440744
0.00499007397440744
0.00499007397440744
0.00499007397440744
0.00496273014022214
0.00499007397440744
0.00499007397440744
0.00499007397440744
0.00499007397440744
0.00499007397440744
0.00499007397440744
0.00499007397440744
0.00499007397440744
0.00499007397440744
0.00499007397440744
0.00499007397440744
0.00499007397440744
0.00499007397440744
0.00496634340703094
0.00488071297452145
0.00488071297452145
0.00486695995291658
0.00498017414726458
0.00499273923304497
0.00499273923304497
0.00499273923304497
0.00499273923304497
0.00499273923304497
0.00498017414726458
0.00495964723053095
0.00498017414726458
0.00498017414726458
0.00498017414726458
0.00499273923304497
0.00499273923304497
0.00499273923304497
0.00498017414726458
0.00498017414726458
0.00498017414726458
0.00498017414726458
0.00498017414726458
0.00498017414726458
0.00498017414726458
0.00499420903603625
0.00499420903603625
0.00499273923304497
0.00494295083374201
0.00498017414726458
0.00498017414726458
0.00498017414726458
0.00499273923304497
0.00499273923304497
0.00498017414726458
0.00498017414726458
0.00498017414726458
0.0049287255767983
0.00498017414726458
0.00498017414726458
0.00498017414726458
0.00498017414726458
0.00498017414726458
0.00498017414726458
0.00498017414726458
0.0049287255767983
0.00498017414726458
0.00498017414726458
0.00498017414726458
0.00499273923304497
0.00498017414726458
0.00498017414726458
0.00498017414726458
0.00498017414726458
0.00499273923304497
0.00498017414726458
0.00498017414726458
0.00497810842416042
0.00497810842416042
0.00499007397440744
0.00499007397440744
0.00499007397440744
0.00499007397440744
0.00502732614603578
0.00498456407935915
0.00499007397440744
0.00499007397440744
0.00499007397440744
0.00499007397440744
0.00499007397440744
0.00499007397440744
0.00499007397440744
0.00499007397440744
0.00499007397440744
0.00499007397440744
0.00499007397440744
0.00499007397440744
0.00499007397440744
0.00499007397440744
0.00499007397440744
0.00499007397440744
0.00499007397440744
0.00501180877363223
0.00499662436032941
0.00499662436032941
0.00499662436032941
0.00499662436032941
0.00503678879544137
0.00503678879544137
0.00499662436032941
0.00501113472617201
0.00499662436032941
0.00496564091069555
0.00498456407935915
0.00499007397440744
0.00499007397440744
0.00499007397440744
0.00499007397440744
0.00499007397440744
0.00499007397440744
0.00496564091069555
0.00504197094270117
0.00439103075672896
0.0050467951450281
0.00504431013672817
0.00508706823438663
0.00508018891657971
0.00502514042774682
0.00502514042774682
0.00506529823039742
0.00506529823039742
0.00502514042774682
0.00502514042774682
0.00506529823039742
0.00502514042774682
0.00502514042774682
0.00502514042774682
0.00506529823039742
0.00506529823039742
0.00506529823039742
0.00506529823039742
0.00506529823039742
0.00506529823039742
0.00513379583815188
0.00513379583815188
0.00506529823039742
0.00506529823039742
0.00506529823039742
0.00506529823039742
0.00506529823039742
0.00506529823039742
0.0829714204739842
0.0829714204739842
0.0829714204739842
0.0701865117613907
0.0701865117613907
0.0668835657401614
0.0668835657401614
0.066548563959684
0.066548563959684
0.066548563959684
0.066548563959684
0.066548563959684
0.066548563959684
0.066548563959684
0.066548563959684
0.066548563959684
0.066548563959684
0.0665430816453569
0.0672054173052095
0.0665548214421747
0.0665541667585529
0.0665581649845744
0.0665581649845744
0.0665581649845744
0.0669054603528104
0.0669054603528104
0.0669054603528104
0.0669054603528104
0.0669054603528104
0.0669054603528104
0.00330743948858432
0.00330743948858432
0.00330743948858432
0.0023245441707751
0.0011380074833217
0.0011380074833217
0.00125297892010537
0.00232447857682244
0.00232447857682244
0.00232447857682244
0.00232447857682244
0.00232447857682244
0.00232447857682244
0.00232504538889836
0.00232565877399731
0.00130342568257388
0.0032961041387732
0.00410209225913523
0.00410209225913523
0.00409583033830254
0.00409583033830254
0.00409583033830254
0.00409566649309118
0.00409655645625777
0.00413780870429782
0.00407149570695034
0.00413780870429782
0.00413780870429782
0.00413622997797086
0.00413801708297075
0.00414372368014399
0.00414372368014399
0.00307538612851319
0.00307538612851319
0.00307202897684966
0.00306901923466898
0.00307267440582237
0.00312936996893734
0.00306901923466898
0.00306901923466898
0.00307273093202137
0.00220678801286804
0.00220683577807878
0.0022146376768496
0.00220679323453521
0.000662000382286785
0.000669340367284578
0.000665623448265024
0.00066560778822944
0.0006656322667734
0.000661952617076051
0.000665623448265024
0.000672827422124861
0.000662011392873421
0.000661995108065425
0.000661995108065425
0.000665685196131189
0.000665653148476152
0.0006653781887186
0.000661690646388582
0.000665311112118092
0.000661642911572777
0.000661648133239946
0.000661642911572777
0.000665311112118092
0.000665311112118092
0.000661706903951178
0.000668994224147349
0.000661685372167221
0.000661706903951178
0.000661690646388582
0.000669026241407456
0.000665320801934866
0.000661642911572777
0.00140422842601078
0.00140422842601078
0.00140422842601078
0.0234969626656715
0.0234644871146465
0.0234428846840883
0.0234472321144573
0.023443571725358
0.023443571725358
0.023443571725358
0.023443571725358
0.0252772958868996
0.0253086753157231
0.0255129101265513
0.0252211147206305
0.0252996808872223
0.0253400546444588
0.0253400546444588
0.0271216184752856
0.00209351504666763
0.00209641534816187
0.00209645166828599
0.0266443826920447
0.0235874839388774
0.0218968462462195
0.0233358794556342
0.0262703981877819
0.0262703981877819
0.0276390239404873
0.00342138592177683
0.00319712287190757
0.00312210546190296
0.00312210546190296
0.00312210546190296
0.00312210546190296
0.00326509565956011
0.00310558463115184
0.00302370226057536
0.00298817193344711
0.00298674189692816
0.00298393607402529
0.0013225122894592
0.000756507255911582
0.000674615716641073
0.000667842587591984
0.000667787009864626
0.000667778897248612
0.00066784427515855
0.000667822313004218
0.000667771266422717
0.000674698002901932
0.000667794947827873
0.000681547913022894
0.000729001143173704
0.00037829325236085
0.000406516427953936
0.000399745191079811
0.000406535026013994
0.000406450225181797
0.000399509890951527
0.000392676638911044
0.000404918344369233
0.000433517934324731
0.000414285226055091
0.00042108860790049
0.000427838085740194
0.00042108860790049
0.000425937416147584
0.00041259414417295
0.000419440689805956
0.000410667293195888
0.000402397599147257
0.000393571301941297
0.000388438077564663
0.000388438077564663
0.000395170702023877
0.000388278904313028
0.0003884410816866
0.000388400164121099
0.000401066364974668
0.000395170702023877
0.000388358998967123
0.000395170702023877
0.000395234903446976
0.000395170702023877
0.000395066470635744
0.000388272646222136
0.000388272646222136
0.000415667010157015
0.000400883296118031
0.000395063133125726
0.000400883296118031
0.000388203510781637
0.000394102810648075
0.000400889854849076
0.00039500232693431
0.000388272646222136
0.000400894668684089
0.000400914526943779
0.000388272646222136
0.000400893167625431
0.00039500232693431
0.000400889862521978
0.00039500232693431
0.000400896333514062
0.000388272646222136
0.000400849519141331
0.000388234794221965
0.00038770829187225
0.000394443806922881
0.000397359366929132
0.000387645024677692