0.038820899259025
0.0388151335207694
0.0399336975547929
0.0399336975547929
0.0399336975547929
0.0399336975547929
0.0399336975547929
0.0399336975547929
0.038822011605547
0.0388151335207694
0.0388151335207694
0.0388151335207694
0.0388151335207694
0.0388151335207694
0.0388151335207694
0.0388151335207694
0.0388151335207694
0.038822011605547
0.0388349421679702
0.0388349421679702
0.0388355105712442
0.0388355105712442
0.0388355105712442
0.0388355105712442
0.0388355105712442
0.0388355105712442
0.0388355105712442
0.0388355105712442
0.0388355105712442
0.0388355105712442
0.0388355105712442
0.0388085965662821
0.0388085965662821
0.0388085965662821
0.0383008630555331
0.0382948561250091
0.038301894709744
0.0382961055015107
0.0382959699434764
0.0382886584066116
0.0382749246094193
0.0382749246094193
0.0382577949429407
0.0382577949429407
0.0382577949429407
0.0382556304364257
0.0382556304364257
0.0382556304364257
0.0382556304364257
0.0382554951859186
0.0382564638018147
0.0382606944060976
0.0382530070644039
0.0382524516587197
0.0382512057228439
0.0382512057228439
0.0382512057228439
0.0382512057228439
0.0382512057228439
0.0382490084173682
0.0382490084173682
0.0382490084173682
0.0382490084173682
0.0382490084173682
0.0382490084173682
0.0382490084173682
0.0382490084173682
0.0382490084173682
0.0382490084173682
0.0382490084173682
0.0382490084173682
0.0382490084173682
0.0382490084173682
0.0382490084173682
0.0382490084173682
0.0382490084173682
0.0382490084173682
0.0382508097589282
0.0382508097589282
0.0382490084173682
0.0382490084173682
0.0382490084173682
0.0382490084173682
0.0382490084173682
0.0382490084173682
0.0382490084173682
0.038248456824091
0.038248456824091
0.038248456824091
0.0382737300281904
0.0382824111590252
0.0382778395472561
0.0382778395472561
0.0382760315655613
0.0382749433943092
0.0382749433943092
0.0383207483584935
0.038318581885133
0.038318581885133
0.038318581885133
0.038318581885133
0.038317500616632
0.038317500616632
0.0401689475187281
0.0390920317566662
0.0390729110939823
0.0391057136120591
0.038453950523926
0.0384523152888142
0.03845204243939
0.03845204243939
0.03845204243939
0.03845204243939
0.03845204243939
0.03845204243939
0.03845204243939
0.03845204243939
0.03845204243939
0.0384644928547648
0.0415457777009663
0.0415457777009663
0.0415457777009663
0.0415443426897541
0.0415443426897541
0.0415443426897541
0.0413053454588371
0.0390150609485821
0.0381253700950353
0.0396228895858638
0.0378921289334294
0.0378907065737846
0.0379661141337147
0.03791674409299
0.0378863078104137
0.0378837705282148
0.0378820066669792
0.0378795095120606
0.0378805695086232
0.0378803030749972
0.0378747602008852
0.0378747602008852
0.0378747602008852
0.0378788303670189
0.0378788303670189
0.0378788303670189
0.0378788303670189
0.0383420262856068
0.0378814155120464
0.037866318770082
0.037866318770082
0.0378587769982859
0.0378587769982859
0.0378587769982859
0.0378587769982859
0.0378723501649411
0.0378657460144573
0.0378657460144573
0.0378602031403454
0.0378599353813307
0.0378609977633937
0.0378609977633937
0.0378599353813307
0.0378694417612937
0.0378694417612937
0.0378694417612937
0.0378694417612937
0.0378694417612937
0.0378481445848329
0.0378481445848329
0.0378459957171097
0.037844401425302
0.037844401425302
0.037844401425302
0.037844401425302
0.037844401425302
0.037844401425302
0.0378549683308763
0.0378498363574792
0.0378486484558054
0.0378466104507243
0.0378455291822234
0.0378428430926219
0.0378421753547256
0.0378421753547256
0.0378421753547256
0.0378421753547256
0.0378421753547256
0.0380008784549859
0.0379230063650486
0.0489627314004038
0.0379409301653377
0.0379247555783756
0.0332923886217397
0.0381943748234154
0.0382545817771717
0.038284474893676
0.0382882564068901
0.0382967170901858
0.0382967170901858
0.0382967170901858
0.0382967170901858
0.0382967170901858
0.0382967170901858
0.0382967170901858
0.0382967170901858
0.0382967170901858
0.0382967170901858
0.0382967170901858
0.0382967170901858
0.0382956387599156
0.0382882564068901
0.0382882564068901
0.040187701817221
0.0382618338229456
0.0282134247223991
0.0382773721736694
0.0382781760927803
0.0382792544230506
0.0382871674078546
0.038278309027467
0.038278309027467
0.038278309027467
0.038278309027467
0.038278309027467
0.0382699943019831
0.0382351537049948
0.038278309027467
0.0382866221821708
0.0382866221821708
0.0382705279805912
0.038269989791873
0.0382697203920312
0.0382697203920312
0.0382697203920312
0.0382697203920312
0.0382697203920312
0.0382697203920312
0.0382675170430667
0.0382675170430667
0.0382675170430667
0.0382675170430667
0.0382675170430667
0.0382593405007722
0.0382667161193551
0.0382667161193551
0.0382677934728762
0.0382665778727351
0.0382665778727351
0.0382758319520231
0.0382758319520231
0.0382483398691592
0.0382499486052396
0.0382496787171892
0.0382496787171892
0.0382579934426732
0.0382611014029432
0.0382692779452376
0.0382692779452376
0.0382695469177519
0.0382695469177519
0.0382695469177519
0.0382695469177519
0.0382695469177519
0.0382695469177519
0.0382695469177519
0.0382695469177519
0.038269273257889
0.038269273257889
0.038269273257889
0.038269273257889
0.038269273257889
0.038269273257889
0.038269273257889
0.038269273257889
0.038269273257889
0.038269273257889
0.038269273257889
0.0382736677674599
0.0382760950884084
0.0382760950884084
0.0382758187854161
0.0382760950884084
0.0382733943573436
0.038266562001137
0.0382453766832695
0.0382566341170509
0.0382583854588425
0.0382807699759265
0.0382859588064337
0.0382704066455564
0.0382704066455564
0.0382704066455564
0.0382691911088458
0.0382610145665513
0.0382610145665513
0.0382701369409785
0.0382701369409785
0.0382783134832729
0.0382783134832729
0.0382783134832729
0.0382783134832729
0.0382783134832729
0.0382783134832729
0.0382783134832729
0.0382783134832729
0.0382783134832729
0.0382783134832729
0.0382783134832729
0.0382783134832729
0.0382783134832729
0.0382783134832729
0.0382783134832729
0.0387133360701237
0.038587731765835
0.0384363670994296
0.0383810119862602
0.0384825475765218
0.0384197446746336
0.0382571795855757
0.0382443938426348
0.0382341732318111
0.0382337641441747
0.0382434094584284
0.0382347036336875
0.0382230340813681
0.0382251771282143
0.0382013319183725
0.0382013319183725
0.0382245699455729
0.0382189559511536
0.0382414343183494
0.0382414343183494
0.0382414343183494
0.0382414343183494
0.0382414343183494
0.0382425214994539
0.0382458069423293
0.0382688410518958
0.0382655675806524
0.0382429358589058
0.0382425214994539
0.0382425214994539
0.0382425214994539
0.0382425214994539
0.0382425214994539
0.0382425214994539
0.0382425214994539
0.0382425214994539
0.0382425214994539
0.0382425214994539
0.0382425214994539
0.0382457653263355
0.0382457653263355
0.0382425214994539
0.0382425214994539
0.0382425214994539
0.0382425214994539
0.0382425214994539
0.0382425214994539
0.0382425214994539
0.0382425214994539
0.038240867475134
0.0382425214994539
0.0382425214994539
0.0382425214994539
0.0382425214994539
0.0382425214994539
0.0382425214994539
0.0382425214994539
0.0382425214994539
0.0382381944084645
0.0382381944084645
0.0382381944084645
0.0382381944084645
0.0382272172846932
0.0382272172846932
0.0382272172846932
0.0382368351847584
0.0382368351847584
0.0382194424924908
0.0382159881703214
0.0382138295482994
0.0382172838704687
0.0382138295482994
0.0382687901272324
0.038259125757751
0.038259125757751
0.038259125757751
0.0382673023000454
0.0382673023000454
0.0382712179092586
0.0382712179092586
0.0382712179092586
0.0382712179092586
0.0382712179092586
0.0382712179092586
0.0382796685013541
0.0382796685013541
0.0382769168315361
0.0382744617361402
0.0382712179092586
0.0382712179092586
0.0382712179092586
0.0382712179092586
0.0382712179092586
0.0382712179092586
0.0382712179092586
0.0382712179092586
0.0382712179092586
0.0382712179092586
0.0382712179092586
0.0382712179092586
0.0382712179092586
0.0382690145602941
0.0382690145602941
0.0382712179092586
0.0382792183243095
0.0382792183243095
0.0382766262426551
0.0382766262426551
0.0382744617361402
0.038271487797309
0.0382703841041836
0.0382703841041836
0.0382703841041836
0.0382670062558632
0.0382670062558632
0.0382670062558632
0.0382497073391416
0.0382497073391416
0.0382580220646256
0.0382611300248956
0.03826930656719
0.0382701142161332
0.038260857982294
0.038260857982294
0.0382616656312372
0.0382616656312372
0.0382698421735316
0.0382698421735316
0.0382698421735316
0.0382698421735316
0.0382672724019798
0.0382640299983844
0.0382634918096662
0.0382665997699362
0.0382665997699362
0.0382665997699362
0.0382665997699362
0.0382665997699362
0.0382665997699362
0.0383505403131024
0.0382897473645223
0.0382780543992304
0.0382622251499813
0.0382622251499813
0.0382622251499813
0.0382622251499813
0.0382622251499813
0.0382622251499813
0.0382622251499813
0.0382622251499813
0.0382677034630616
0.0382677034630616
0.0382677034630616
0.0382677034630616
0.0382677034630616
0.0382677034630616
0.0382677034630616
0.0382677034630616
0.0382677034630616
0.0382730484748956
0.0382730484748956
0.0382730484748956
0.0382645955027916
0.0382644587665365
0.0382644587665365
0.0382663441031874
0.0382643819059461
0.0382643819059461
0.0382820671451425
0.03827994173269
0.03827994173269
0.0382926015747345
0.0382795722903342
0.0382660666946448
0.0382491587810289
0.0382346741532688
0.0382391227748488
0.0382391227748488
0.0382391227748488
0.0382318738618012
0.0382282470296211
0.0382282470296211
0.0382255675237966
0.0382254130527683
0.0382254130527683
0.0382388878256809
0.0382292522752897
0.0381368554414524
0.0381368554414524
0.0381365181153514
0.0381243494197731
0.0381318840445252
0.0381317488571006
0.0381269752768404
0.0384394901470724
0.0385333445440878
0.0385106095343951
0.038511711351186
0.0385236995068077
0.0385236995068077
0.038533342506515
0.038533342506515
0.0385316905423363
0.0385310003505029
0.0385321026761579
0.0385321026761579
0.0385321026761579
0.0385127498721833
0.0384974902424256
0.0383597758685581
0.0385500098020157
0.0385408793641247
0.0381320542180302
0.0384809135008158
0.0384693101064007
0.0395131374302877
0.0385046023136208
0.0385018917362132
0.0349607324235056
0.0349587225822778
0.0380399616975463
0.038037855428607
0.038037855428607
0.038037855428607
0.038037855428607
0.038037855428607
0.038037855428607
0.038037855428607
0.038037855428607
0.038037855428607
0.038037855428607
0.038037855428607
0.038037855428607
0.038037855428607
0.038037855428607
0.038037855428607
0.038037855428607
0.0347561273161094
0.034543147351776
0.0380398299074933
0.0380398299074933
0.0380398299074933
0.0380398299074933
0.0380398299074933
0.038037723638554
0.0380403246610215
0.0380460720390765
0.0380396693591328
0.0380392244275677
0.0380403541758265
0.03808589615688
0.0380857607217744
0.0380810000899515
0.0380768772125241
0.0380766102896669
0.0380766102896669
0.0380766102896669
0.0380766102896669
0.0380766102896669
0.0380766102896669
0.0380766102896669
0.0380766102896669
0.0380766102896669
0.0380766102896669
0.0381986275540156
0.0381986275540156
0.0381986275540156
0.0381986275540156
0.0381986275540156
0.0381986275540156
0.0381986275540156
0.0381986275540156
0.0381587521250954
0.0381587521250954
0.0383222653746507
0.0383822366192578
0.0383939154548995
0.0383845705263309
0.0382260954935738
0.0382244564160935
0.0382078806640526
0.0382074728656949
0.0382063851552497
0.0381986275540156
0.0381986275540156
0.0381986275540156
0.0381986275540156
0.0381986275540156
0.0381872672118849
0.0381495632232131
0.0381506173064475
0.0381587521250954
0.0381587521250954
0.0381587521250954
0.0381587521250954
0.0381587521250954
0.0381587521250954
0.0381587521250954
0.0381587521250954
0.0381587521250954
0.0381579419269122
0.0381579419269122
0.0381579419269122
0.0381579419269122
0.038160871767181
0.038160871767181
0.0381414284045652
0.0381332935859173
0.0381414284045652
0.0381424824877995
0.0381579419269122
0.0381579419269122
0.0381576737033643
0.0381576737033643
0.0385683446950619
0.0380980349223118
0.0381070807332153
0.038108986741302
0.0381229717140701
0.0381229717140701
0.0381240504987247
0.0381240504987247
0.0381227026330892
0.0381228371428837
0.0381228371428837
0.0381228371428837
0.0381227026330892
0.0381227026330892
0.0381227026330892
0.0381227026330892
0.0381227026330892
0.0381227026330892
0.0381227026330892
0.0381227026330892
0.0381227026330892
0.0381227026330892
0.0381227026330892
0.0381227026330892
0.0381227026330892
0.0381227026330892
0.0381227026330892
0.0381227026330892
0.0381136630169824
0.0401013873212384
0.0400264376526847
0.0377271715500538
0.0376952345608641
0.0376873044368957
0.0376829625115856
0.0376810056557151
0.0376810056557151
0.0376810056557151
0.0376808756695149
0.0376808756695149
0.0376808756695149
0.0382428726124315
0.0382436746312772
0.0382436746312772
0.0382436746312772
0.0401734229414884
0.0412101231937165
0.0412101231937165
0.0412099679936949
0.0412099679936949
0.0412099679936949
0.0412099679936949
0.0412099679936949
0.0412099679936949
0.0412099679936949
0.0412099679936949
0.0412099679936949
0.0412099679936949
0.0412099679936949
0.0412099679936949
0.0412099679936949
0.0412099679936949
0.0412099679936949
0.0412099679936949
0.0412099679936949
0.0412099679936949
0.0412099679936949
0.0412093214498035
0.0412093214498035
0.0412093214498035
0.0412107608053975
0.0412107608053975
0.0412104491774162
0.0412104491774162
0.0402316157104557
0.0401125825300856
0.0401125825300856
0.0412116365718901
0.0402865072154399
0.0402183935771494
0.0403891207589922
0.0401818830539227
0.0527579128004425
0.0400692087321464
0.0401261590509632
0.0401197067171211
0.0401147363054826
0.0401117805589333
0.0401100127943133
0.0400906975096443
0.0400906975096443
0.0400895147903103
0.0400880330894078
0.04008532964096
0.0401177878546546
0.04011898493392
0.0401425737216321
0.0401397528655866
0.0402870979175808
0.0402821590551758
0.0402763998664669
0.0527107133883781
0.0527050579237262
0.040086479759876
0.0400807762836416
0.0400897486698387
0.0400885675137871
0.0400885675137871
0.0400779190628908
0.0400779190628908
0.0400850818087699
0.0400779190628908
0.0400711776181981
0.0400711776181981
0.0400711776181981
0.0400711776181981
0.0400711776181981
0.0400711776181981
0.0400711776181981
0.0400711776181981
0.0400711776181981
0.0400711776181981
0.0400711776181981
0.0400711776181981
0.0400711776181981
0.0400711776181981
0.0400711776181981
0.0400711776181981
0.0400735467676795
0.0400711776181981
0.0400711776181981
0.0400711776181981
0.0400711776181981
0.0400711776181981
0.0400711776181981
0.0400805676683961
0.0400805676683961
0.0400805676683961
0.0400805676683961
0.0400805676683961
0.0400805676683961
0.0400805676683961
0.0401223668271883
0.0401223668271883
0.0527710778230315
0.0401253225737377
0.0401253225737377
0.0401253225737377
0.0401253225737377
0.0401276940067449
0.0401223668271883
0.0401211713420532
0.0401211713420532
0.0401211713420532
0.0401211713420532
0.0401211713420532
0.0401211713420532
0.0401211713420532
0.0401211713420532
0.0401211713420532
0.0401211713420532
0.0401211713420532
0.0401211713420532
0.0385509120227012
0.0385782794067062
0.0385804986207626
0.0385854951413582
0.0385718247432641
0.0385718247432641
0.0385613418823317
0.0387022634988951
0.0389456300015701
0.0378933415533297
0.0378911439024332
0.0378749090902457
0.0378551713208055
0.0378541340062417
0.0378509622935372
0.0377670565475339
0.0377837730414366
0.037824908360947
0.0377895456194721
0.0378094006936743
0.0378094006936743
0.0377629598743717
0.037747078406424
0.0372064633433233
0.0377077372309072
0.0377077372309072
0.0376183749961318
0.0376342446461458
0.0376587372984996
0.0376736440683283
0.0374157968363788
0.0375736649195808
0.0375999591219021
0.0375400098194774
0.0374962350133303
0.0375180552983085
0.0375141021653219
0.0375336940312901
0.0375289730030018
0.0375289730030018
0.0375289730030018
0.037561397808926
0.0375587542611008
0.0375587542611008
0.0375248019611743
0.0375464877197895
0.0375464877197895
0.0375619647104
0.0375619647104
0.0375619647104
0.0375619647104
0.0375619647104
0.0375619647104
0.0375619647104
0.0375619647104
0.0375619647104
0.0375619647104
0.0375619647104
0.0375619647104
0.0375619647104
0.0375619647104
0.0375619647104
0.0375619647104
0.0375649503701931
0.0375649503701931
0.0375635185823386
0.0375619647104
0.0375619647104
0.0375619647104
0.0375619647104
0.0375619647104
0.0375619647104
0.0375738517324936
0.0375733112890742
0.0375738517324936
0.0386527119541713
0.0386527119541713
0.0386527119541713
0.0387019258162588
0.0387377766519449
0.0390496642836528
0.0395280623945087
0.0395414197303786
0.0395309291883335
0.0387759716345148
0.0395279126648937
0.0396592960249009
0.0395423815728891
0.0395309291883335
0.0395286319132733
0.0395219336088663
0.0387291217491723
0.0386572403430358
0.0386543525714809
0.0386543525714809
0.0386527119541713
0.0386527119541713
0.0386527119541713
0.0386527119541713
0.038652289874048
0.038652289874048
0.038652289874048
0.038767276928586
0.0387660410394986
0.0387660410394986
0.038764942216887
0.0387486649466993
0.038741985343331
0.0387127376397249
0.0387127376397249
0.0387272698620528
0.0387321826918783
0.0388242460451286
0.03882816911716
0.038830973642793
0.038830973642793
0.0388034185408426
0.0386965136224293
0.0386965136224293
0.0386965136224293
0.0386965136224293
0.0386965136224293
0.0386965136224293
0.0386965136224293
0.0386965136224293
0.0386965136224293
0.0386980290700777
0.0386976131528266
0.0386976131528266
0.0386960977051782
0.0386960977051782
0.0386960977051782
0.0386960977051782
0.0387007575209916
0.0386942002577488
0.0386942002577488
0.0386942002577488
0.0386942002577488
0.0386942002577488
0.0386942002577488
0.0386942002577488
0.0386942002577488
0.0386942002577488
0.0386942002577488
0.0386843633219445
0.0386843633219445
0.0386843633219445
0.0386843633219445
0.0386843633219445
0.0386843633219445
0.0386843633219445
0.0386843633219445
0.0386843633219445
0.0386843633219445
0.0386838023252754
0.0386838023252754
0.0386838023252754
0.0386838023252754
0.0386838023252754
0.0386838023252754
0.0386936392610798
0.0386936392610798
0.0386936392610798
0.0386936392610798
0.0386929911181686
0.0386929911181686
0.0387212631383536
0.0387212631383536
0.0387212631383536
0.0387201658431231
0.0387208060452782
0.0387610217930613
0.0387564038453532
0.0387564038453532
0.0387564038453532
0.0387564038453532
0.0387564038453532
0.0387564038453532
0.0387564038453532
0.0387564038453532
0.0387564038453532
0.0387564038453532
0.0387564038453532
0.0387564038453532
0.0387564038453532
0.0387564038453532
0.0387564038453532
0.0387564038453532
0.0387564038453532
0.0387564038453532
0.0387564038453532
0.0387564038453532
0.0387564038453532
0.0387564038453532
0.0387534451015975
0.0387534451015975
0.038752098955532
0.038752098955532
0.038752098955532
0.0387537466797914
0.0387537466797914
0.0387537466797914
0.0387537466797914
0.0387537466797914
0.0387537466797914
0.0387537466797914
0.0387537466797914
0.0387537466797914
0.0387537466797914
0.0387537466797914
0.0387567054235471
0.0387567054235471
0.0387567054235471
0.0387567054235471
0.0387567054235471
0.0387567054235471
0.0387567054235471
0.0387567054235471
0.0387567054235471
0.0387567054235471
0.0387465818396766
0.0387465818396766
0.0387465818396766
0.0387465818396766
0.0387465818396766
0.038746443300755
0.038746443300755
0.038746443300755
0.0387560567696429
0.0387560567696429
0.0387560567696429
0.0387560567696429
0.0387560567696429
0.0387560567696429
0.0387549579470313
0.0387453444781434
0.038746443300755
0.038746443300755
0.0387560567696429
0.0387560567696429
0.0387560567696429
0.0387560567696429
0.0387560567696429
0.0387560567696429
0.0387560567696429
0.0387560567696429
0.0387560567696429
0.0387560567696429
0.0387560567696429
0.0387560567696429
0.0387560567696429
0.0387560567696429
0.0387560567696429
0.038746443300755
0.038746443300755
0.038746443300755
0.038746443300755
0.0387457914031741
0.0387457914031741
0.0387447304691473
0.0387447304691473
0.0387447304691473
0.0387447304691473
0.0387447304691473
0.0387543439380352
0.0387543439380352
0.0387532133538844
0.0387626695173207
0.0387626695173207
0.0387626695173207
0.0387626695173207
0.0387626695173207
0.0387626695173207
0.0387626695173207
0.0387626695173207
0.0387626695173207
0.0387626695173207
0.0387615706947091
0.0387615706947091
0.0387626695173207
0.0387626695173207
0.0387626695173207
0.0387626695173207
0.0387626695173207
0.0387626695173207
0.0387626695173207
0.0387626695173207
0.0387626695173207
0.0387626695173207
0.0387626695173207
0.0387626695173207
0.0387626695173207
0.0387626695173207
0.0387626695173207
0.0387626695173207
0.0387626695173207
0.0387626695173207
0.0387626695173207
0.0387626695173207
0.0387626695173207
0.0387626695173207
0.0387626695173207
0.0387626695173207
0.0387626695173207
0.0387013581361323
0.0386180235334997
0.038623757854983
0.0386138645122833
0.0386085962497098
0.0386085962497098
0.0386085962497098
0.0386085962497098
0.0386085962497098
0.0386085962497098
0.0386085962497098
0.0386068096213497
0.0386068096213497
0.0386068096213497
0.0386068096213497
0.0386068096213497
0.0386068096213497
0.0386068096213497
0.0386068096213497
0.0386068096213497
0.0386068096213497
0.0386068096213497
0.0386068096213497
0.0386068096213497
0.0386068096213497
0.0385755101785776
0.0385859312178638
0.0386043809728592
0.038601626242988
0.0386068096213497
0.0386068096213497
0.0386068096213497
0.0386068096213497
0.0386068096213497
0.0386068096213497
0.0386068096213497
0.0386068096213497
0.0386068096213497
0.0386068096213497
0.0386068096213497
0.0386068096213497
0.0386068096213497
0.0386068096213497
0.0386068096213497
0.0386068096213497
0.0386068096213497
0.0386068096213497
0.0386068096213497
0.0386068096213497
0.0386068096213497
0.0386068096213497
0.0386068096213497
0.0386004825071929
0.0385960398923721
0.0385960398923721
0.0385960398923721
0.0385960398923721
0.0385960398923721
0.0385960398923721
0.0387621206156729
0.0387621206156729
0.0387621206156729
0.0387621206156729
0.0387621206156729
0.0387621206156729
0.0387621206156729
0.0387621206156729
0.0387621206156729
0.0387621206156729
0.0387621206156729
0.0387621206156729
0.0387621206156729
0.0387621206156729
0.0387621206156729
0.0387621206156729
0.0387621206156729
0.0387621206156729
0.0387621206156729
0.0387618375705116
0.0387618375705116
0.0387618375705116
0.0387618375705116
0.0387618375705116
0.0388153881712723
0.0388162227062466
0.0388149815026986
0.0388149815026986
0.0388149815026986
0.0388149815026986
0.0388149815026986
0.0388149815026986
0.0388149815026986
0.0387594692368088
0.0387594692368088
0.0387594692368088
0.0387594692368088
0.0387583428959952
0.0387583428959952
0.0387583428959952
0.0387583428959952
0.0387583428959952
0.0392157830749436
0.0379951819427279
0.0392025301897903
0.0392059952915812
0.0392136014416664
0.0391978266269971
0.0390283640421549
0.03903166565826
0.03903166565826
0.0390305345420065
0.0390305345420065
0.0390305345420065
0.0390305345420065
0.0390305345420065
0.0390305345420065
0.0390305345420065
0.0390305345420065
0.0390305345420065
0.0390305345420065
0.0390305345420065
0.0390305345420065
0.0390305345420065
0.0391004836346297
0.0391004836346297
0.0390385447740037
0.0390471687492112
0.0390393006749055
0.039039158517214
0.039039158517214
0.039039158517214
0.0416186858402772
0.0416186858402772
0.0416043333379326
0.0416043333379326
0.0416043333379326
0.0416022760210239
0.0416022760210239
0.0413947798139245
0.0413947798139245
0.0413947798139245
0.0413947798139245
0.0413947798139245
0.0413947798139245
0.0413947798139245
0.0413947798139245
0.0413947798139245
0.0413947798139245
0.0413910728096687
0.0414264311873649
0.041398726952293
0.041398302430882
0.0414008950305678
0.0414008950305678
0.0414008950305678
0.0416670041839844
0.0416670041839844
0.0416670041839844
0.0416670041839844
0.0416670041839844
0.0416670041839844
0.0390557000272873
0.0390557000272873
0.0390557000272873
0.0390481972728733
0.0390470565141767
0.0390470565141767
0.0390470565141767
0.0390436491764343
0.0390436491764343
0.0390436491764343
0.0390436491764343
0.0390436491764343
0.0390436491764343
0.0390574015862293
0.0390603886571996
0.040498229329599
0.040469719662558
0.0391433818665663
0.0391433818665663
0.0391741014696886
0.0391752460115488
0.0391752460115488
0.0391780334919715
0.0391766918505108
0.039553572658644
0.0395831563867015
0.0395831563867015
0.0395831563867015
0.0395720565978171
0.0397675155434502
0.0396150626822665
0.0396079241152263
0.0395927307912674
0.0395717638485601
0.0395687083376289
0.0395694358052352
0.0395726232911389
0.0395726232911389
0.0395729326344678
0.0395762408680598
0.0395739078748314
0.0395733259338474
0.0395770548005225
0.0395785035165762
0.0395745876488377
0.039577199263683
0.0395786997522769
0.0395760843890266
0.0395730359529118
0.0395733274467822
0.0395731821524761
0.0395760861717578
0.0395729410291224
0.0395805842101973
0.0395770516105159
0.0395773432423323
0.03957870029055
0.0395787509024095
0.0395648338341866
0.0395600155723904
0.0395593386399093
0.0395563394117615
0.0395574537945186
0.0395562894184072
0.0395590500455588
0.0395591462597917
0.039564559006402
0.0395616572521377
0.0395603051269547
0.0395647029243339
0.0395598714009174
0.0395618005484482
0.0395562435606693
0.0395561459775886
0.0395647029243339
0.039564265647168
0.0395648469106192
0.0395556408073116
0.0395139446045845
0.039474515684895
0.0394743817184281
0.0394745263220908
0.0394743825407196
0.0394740978945321
0.0394735285922605
0.0422996804101085
0.0425851144650876
0.0425663429499961
0.0422870890748928
0.0422835819391392
0.0424397460499925
0.0424397460499925
0.0424423528876585
0.0424562963865256
0.0425195390008962
0.0425205438576636
0.0415625032265685
0.0415581283279172
0.039009154433487
0.0414077561572518
0.0414004179463976
0.0414004179463976
0.0433484430651996
0.0436940329399835
0.0407867418119847
0.0407822718613993
0.0407822718613993
0.0407822718613993
0.0407822718613993
0.0428014141853749
0.0406481183981523
0.0281044971066795
0.0389668609782233
0.0389559073532234
0.0389212509935959
0.038867187093049
0.0382078117473399
0.0385454724331635
0.0385533291979867
0.0385435041834551
0.0385452886661565
0.0385548048072457
0.0385511292409753
0.0385420818978891
0.0385427418966952
0.0385462309764787
0.0385484875759792
0.0385517771762015
0.0385433002622615
0.0385339511532727
0.0385438079247339
0.0384260092409835
0.0383832026423
0.0383755410262977
0.0384977598097638
0.0384440138210441
0.0386499048993087
0.0381156689769676
0.0381046202498518
0.0381073451868817
0.0381051577123138
0.0380860613152487
0.0380833057745076
0.0380766027463828
0.0380642234069854
0.0380614978636759
0.0378890156961298
0.0380477685428022
0.0380404122798898
0.0380298924159557
0.0380240471109136
0.0380409319216521
0.0380339988853522
0.0380344734702673
0.0380308733635453
0.0380288198425772
0.0380301627155971
0.0380397404363212
0.0380309799883294
0.0380204387574638
0.0380232490210781
0.0380224384770993
0.0380234335451741
0.0380136762263306
0.0380213854237443
0.0380168229922944
0.0380158843366737
0.0380163337231061
0.0380172082201566
0.0380129117222215
0.0380232592756229
0.0380164562834857
0.0380207777884181
0.0380232490210781
0.0380178645463249
0.0380135559618634
0.0380162726032721
0.0380125559525413
0.0380166489073388
0.0380229795898687
0.038014545591256
0.0380154942393153
0.0379822576418848
0.0379720088017843
0.0380044019838768
0.0379999783465088