0.0454543969094919
0.0454543969094919
0.0331214167107413
0.033108725892648
0.0331308924188798
0.0331308924188798
0.033108725892648
0.033108725892648
0.0451818559973537
0.0455736759091998
0.0455736759091998
0.0455736759091998
0.0455736759091998
0.0455736759091998
0.0455736759091998
0.0455736759091998
0.0455736759091998
0.0455409419706523
0.0457027871798241
0.0457027871798241
0.0442129734463982
0.0442273445661958
0.0442273445661958
0.0442273445661958
0.0442273445661958
0.0442273445661958
0.0442273445661958
0.0442273445661958
0.0442273445661958
0.0442273445661958
0.0442273445661958
0.0446058901266047
0.0446058901266047
0.0446058901266047
0.0513287503558049
0.0513633803652736
0.0513902732336825
0.0513902732336825
0.0513805768647372
0.0513709304110107
0.0513429250800567
0.0516702991505198
0.0516443650042212
0.0516443650042212
0.0516443650042212
0.0472660477245081
0.0472660477245081
0.0472660477245081
0.0472660477245081
0.0472658960922091
0.0472678967452803
0.0473784955271957
0.0474671393784924
0.0474654178204178
0.047349233826473
0.047349233826473
0.047349233826473
0.047349233826473
0.047349233826473
0.0473424980388541
0.0473424980388541
0.0473424980388541
0.0473424980388541
0.0473424980388541
0.0473424980388541
0.0473424980388541
0.0473424980388541
0.0473424980388541
0.0473424980388541
0.0473424980388541
0.0473424980388541
0.0473424980388541
0.0473424980388541
0.0473424980388541
0.0473424980388541
0.0473424980388541
0.0473424980388541
0.0471759059741801
0.0471759059741801
0.0472288874723331
0.0472288874723331
0.0472288874723331
0.0472288874723331
0.0472288874723331
0.0472288874723331
0.0472288874723331
0.0472288874723331
0.0472288874723331
0.0472288874723331
0.0472730520004993
0.0497596445688233
0.0472867375959153
0.0472867375959153
0.0472812721503835
0.0472779299101094
0.0472779299101094
0.0472620509500379
0.0472553967818592
0.0472553967818592
0.0472553967818592
0.0470744122258747
0.0470353763412506
0.0470353763412506
0.0490160785802824
0.0479459645051741
0.047924265464437
0.0479464121021986
0.0471971557832296
0.0471921332753863
0.0471955593221744
0.0471881537696895
0.0471881537696895
0.0471881537696895
0.0471881537696895
0.0471881537696895
0.0471881537696895
0.0471881537696895
0.0471881537696895
0.0472214883973948
0.0508083346695822
0.0508083346695822
0.0508083346695822
0.0506990884020258
0.0506990884020258
0.0507046990487882
0.050405669379005
0.0478712123935596
0.0470548594041236
0.0488575915411399
0.0468221880412566
0.0468076633975
0.0464604379710111
0.0463210855019994
0.0462323737537825
0.0462301473956721
0.0462274386087745
0.0462437211687819
0.046470818661358
0.0464520647969428
0.0464386400449602
0.0464386400449602
0.0464386400449602
0.055092766523829
0.0555100045449919
0.0555040138104296
0.0554288037298643
0.0559533581581847
0.0552496517814486
0.055230483745541
0.055230483745541
0.0552276071952512
0.0552276071952512
0.0552276071952512
0.0552276071952512
0.055295554897653
0.0552743470522311
0.055259177478263
0.0552029881357696
0.0552023601771282
0.055409464604226
0.0553426309707276
0.0552023601771282
0.0552496828313803
0.0552496828313803
0.0552496828313803
0.0552496828313803
0.0552496828313803
0.05521401784507
0.05521401784507
0.0552089782386238
0.0552036354631015
0.0552036354631015
0.0552036354631015
0.0552036354631015
0.0552036354631015
0.0552036354631015
0.0588133615262476
0.0556438278780965
0.0556410665183348
0.0556353270657847
0.0556327912337051
0.0556264917140444
0.0556249257096924
0.0556249257096924
0.0556249257096924
0.0556249257096924
0.0556249257096924
0.0657584056276742
0.0873615023787144
0.071364916197462
0.0622122473981514
0.0621620152058357
0.0526510923576365
0.0561527593344645
0.0562968574458253
0.0563199739070372
0.0564837082775893
0.0566387536728009
0.0566387536728009
0.0566387536728009
0.0566387536728009
0.0566387536728009
0.0566387536728009
0.0566387536728009
0.0566387536728009
0.0566387536728009
0.0566387536728009
0.0566413552003862
0.0566413552003862
0.0566331986691563
0.0566125997368481
0.0566125997368481
0.0594053000009221
0.0565880418150107
0.047091319262991
0.0458811965874802
0.0458594768113419
0.0470434362443949
0.0470164778230931
0.0469987469779755
0.0469976040105807
0.0469976040105807
0.0469976040105807
0.0469976040105807
0.0469998920473792
0.0469564981084107
0.0469976040105807
0.0470078900386085
0.0470078900386085
0.0469535490146369
0.0469535490146369
0.0469531360432002
0.0469528504980983
0.0436531378201974
0.0445830710630125
0.0445793947096318
0.0445793420079652
0.0445725876941751
0.0445725876941751
0.0445725876941751
0.0445725876941751
0.0445725876941751
0.0445776169821574
0.0446620918461755
0.0446178977292963
0.0446218845826098
0.0450607675553281
0.0448404468821419
0.044620825481099
0.044620825481099
0.0448593306861646
0.044859833824339
0.0449739235526975
0.0449687180226671
0.0447490704752741
0.0447487844356313
0.0447346153129834
0.0447346153129834
0.0447346153129834
0.0447346153129834
0.0447346153129834
0.0447346153129834
0.0447346153129834
0.0447346153129834
0.0447346153129834
0.0447346153129834
0.0447345143194626
0.0447345143194626
0.0447345143194626
0.0447345143194626
0.0447345143194626
0.0447345143194626
0.0447345143194626
0.0447345143194626
0.0447345143194626
0.0447345143194626
0.0447345143194626
0.0447389039329737
0.0447573489364383
0.0447573489364383
0.0447431780884968
0.0447447441679729
0.0447349224668562
0.0447342585999204
0.0449609378479386
0.0447413164468958
0.0447342585999204
0.0447468588101795
0.0466285622444871
0.0447421204748939
0.0447420677732272
0.0447420677732272
0.0464655569389914
0.0449720050603574
0.0449720050603574
0.0447522781590588
0.0447522781590588
0.0447522781590588
0.0447522781590588
0.0447522781590588
0.0447522781590588
0.0447522781590588
0.0447522781590588
0.0447522781590588
0.0447522781590588
0.0447522781590588
0.0447522781590588
0.0447522781590588
0.0447522781590588
0.0447522781590588
0.0447522781590588
0.0447522781590588
0.0452700792348858
0.0455652900321323
0.0452947522833626
0.044852697857803
0.0461431240409077
0.0451844777175329
0.0449026819945791
0.0453339730558479
0.0453223399004636
0.0448759728310736
0.0448717829002994
0.0448579310087401
0.0450934977707615
0.0450839226249746
0.0451221860956728
0.0450755977929205
0.0448920410143903
0.0448523029705892
0.0448519857395006
0.0448519857395006
0.0448519857395006
0.0448519857395006
0.0448519857395006
0.0449053619635953
0.0450738199506295
0.0451392255937058
0.0451380175269374
0.0450758431799556
0.0450726074657588
0.0450726074657588
0.0450726074657588
0.0450726074657588
0.0450726074657588
0.0450726074657588
0.0450726074657588
0.0450726074657588
0.0450726074657588
0.0450726074657588
0.0450726074657588
0.045079634386005
0.045079634386005
0.0450696712034401
0.0450696712034401
0.0450696712034401
0.0450696712034401
0.0450696712034401
0.0450696712034401
0.0450696712034401
0.0450696712034401
0.0450216946527792
0.0450696712034401
0.0450696712034401
0.0450696712034401
0.0450696712034401
0.0450696712034401
0.0450696712034401
0.0450696712034401
0.0450696712034401
0.0450564066090379
0.0450564066090379
0.0450564066090379
0.0450564066090379
0.045062681401187
0.045062681401187
0.045062681401187
0.0448420596749287
0.0448420596749287
0.0448558068902925
0.0450467437538363
0.0448460229506828
0.0448409556178951
0.0448333666361701
0.0448821772866282
0.0463411866134896
0.0453316076131087
0.0451011605769619
0.0451086869439158
0.0448878363956232
0.0448875242096303
0.0448875242096303
0.0448875242096303
0.0448875242096303
0.0448875242096303
0.0448875242096303
0.0448985683681573
0.0448985683681573
0.0448977212108043
0.0448974873921952
0.0448875242096303
0.0448875242096303
0.0448875242096303
0.0448875242096303
0.044451809923916
0.044451809923916
0.044451809923916
0.044451809923916
0.044451809923916
0.044451809923916
0.044451809923916
0.044451809923916
0.044451809923916
0.044451809923916
0.044451809923916
0.0498491107789331
0.0456700605100656
0.0456842941698242
0.0445150946864509
0.0445150946864509
0.0444617731064809
0.044451809923916
0.044451809923916
0.044451809923916
0.044451809923916
0.0444525835746011
0.0444525835746011
0.0444522138108194
0.044455404977945
0.044455404977945
0.0444520959635588
0.044451809923916
0.0444515998603256
0.044451809923916
0.0447777976293477
0.0457235865660968
0.0454038736528142
0.0454038736528142
0.0444580847160651
0.0444580847160651
0.0444580847160651
0.0444580847160651
0.0512151674022818
0.0540353024535303
0.0541057692783574
0.0451562146876049
0.0451562146876049
0.0451562146876049
0.0444890430475187
0.0444890430475187
0.0444890430475187
0.0446335439760472
0.0446300108779216
0.044506731744503
0.0444823989704351
0.0444823989704351
0.0444823989704351
0.0436703525829809
0.0436703525829809
0.0436703525829809
0.0436690784893032
0.0436665431112005
0.043683760541234
0.043683760541234
0.043683760541234
0.043683760541234
0.043683760541234
0.043683760541234
0.043683760541234
0.043683760541234
0.043683760541234
0.0436875408293438
0.0436875408293438
0.0436875408293438
0.0519991086315008
0.0436884013891586
0.0436884013891586
0.0436947947460016
0.0436850188025161
0.0436850188025161
0.0447340336759968
0.0447275056234642
0.0447275056234642
0.0448023064639947
0.0447126736023847
0.044703237307504
0.0446916161324833
0.0446855227038674
0.0446788121067396
0.0446788121067396
0.0446786816205597
0.0446786816205597
0.047506290794892
0.047506290794892
0.0484104759926025
0.0466614233511142
0.0466614233511142
0.0464012411145325
0.0463877619457879
0.0465848034570812
0.0435735941328831
0.043545070113792
0.043540698193012
0.0415914221816335
0.0435436373452348
0.0443451228660079
0.0449711484815269
0.0219776748134744
0.0219247909198097
0.0219225893043451
0.0213807153173654
0.0213661506996592
0.021367208642768
0.021367208642768
0.0213659933697374
0.0213646878068247
0.0213677526749264
0.0213676945279628
0.0218963428710769
0.0218962641403361
0.0219032770399442
0.021880997220856
0.0219487370810957
0.0219110895179351
0.021599937956509
0.0218418002860432
0.0218294857459121
0.0102166709667562
0.0226553307276855
0.0224485922598551
0.0227324947146112
0.022731909752196
0.0223243979351999
0.0223220910692189
0.0223220910692189
0.0223220910692189
0.0223220910692189
0.0223220910692189
0.0223220910692189
0.0223220910692189
0.0223220910692189
0.0223220910692189
0.0223220910692189
0.0223220910692189
0.0223220910692189
0.0223220910692189
0.0223220910692189
0.0223220910692189
0.0223220910692189
0.0223892672671998
0.0223999288411084
0.0223241449656
0.0223241449656
0.0223241449656
0.0223241449656
0.0223241449656
0.0223218380996189
0.0223230519571729
0.0223268372784459
0.0223228827177325
0.0223226846824243
0.0223232949359193
0.0223641462850687
0.0223639818281548
0.022358767802825
0.0223577841920348
0.022357677296915
0.022357677296915
0.022357677296915
0.022357677296915
0.022357677296915
0.022357677296915
0.022357677296915
0.022357677296915
0.022357677296915
0.022357677296915
0.0224545252664038
0.0224545252664038
0.0224545252664038
0.0224545252664038
0.0224545252664038
0.0224545252664038
0.0224545252664038
0.0224545252664038
0.0224180019857532
0.0224180019857532
0.0225131611354308
0.0225605526437379
0.0225769966407105
0.0225658227819377
0.0224754988331996
0.0224721877335757
0.0220330105528218
0.0220314835967994
0.0220314835967994
0.0220314835967994
0.0220314835967994
0.0220314835967994
0.0220314835967994
0.0220314835967994
0.022032317184388
0.0220243312260899
0.0220238461617837
0.0219959541883925
0.0219958376212275
0.0219957344088653
0.0219957344088653
0.0219957344088653
0.0220098220698996
0.0220098220698996
0.0219993964614201
0.0219959282429608
0.0219956572471336
0.0219956572471336
0.0219956572471336
0.0219956572471336
0.0219973775135335
0.0219973775135335
0.0219959671700469
0.0219999295704924
0.0219959671700469
0.0219958634834724
0.0219956572471336
0.0219956572471336
0.0219955582598719
0.0219955582598719
0.0222991104388941
0.0222066895899511
0.0219875128272617
0.0219818429262088
0.021978420700888
0.021978420700888
0.0219789251403228
0.0219789251403228
0.0219783950741279
0.0219784078845845
0.0219784078845845
0.0219784078845845
0.0219783950741279
0.0219783950741279
0.0219783950741279
0.0219783950741279
0.0219783950741279
0.0219783950741279
0.0219783950741279
0.0219783950741279
0.0219783950741279
0.0219783950741279
0.0219783950741279
0.0219783950741279
0.0219783950741279
0.0219783950741279
0.0219783950741279
0.0219783950741279
0.0219723725607318
0.0231993241138209
0.0230687650852201
0.0240033615614014
0.0239137613190841
0.0239330565120625
0.0239292805781041
0.0239271115330429
0.0239271115330429
0.0239271115330429
0.0239269674519536
0.0239269674519536
0.0239269674519536
0.0242714165903262
0.0242809190812182
0.0242809190812182
0.0242809190812182
0.0254155845776453
0.0261474973634399
0.0261474973634399
0.0261471707934526
0.0261471707934526
0.0261471707934526
0.0261471707934526
0.0261471707934526
0.0261471707934526
0.0261471707934526
0.0261471707934526
0.0261471707934526
0.0261471707934526
0.0261471707934526
0.0261471707934526
0.0261471707934526
0.0261471707934526
0.0261471707934526
0.0261471707934526
0.0261471707934526
0.0261471707934526
0.0261237283708375
0.026123393587894
0.026123393587894
0.025869524884432
0.0263651190719837
0.0263651190719837
0.0263651190719837
0.0263651190719837
0.0257551040198019
0.0256809684276667
0.0256809684276667
0.0263532821519705
0.0252991312759089
0.0256950533872911
0.0257825460798508
0.0257043742615178
0.0335933752921326
0.212371601292355
0.0274232789066048
0.0274041853185441
0.0256842393142467
0.0256806399495542
0.025682740534655
0.0256760885198878
0.0256760707941474
0.0256730222169396
0.0256679975705275
0.0256387636834275
0.0256588601693584
0.0256602440029267
0.025681174056586
0.0255584631221371
0.0256479807484687
0.0256424627192125
0.0256415218225895
0.033382502509203
0.0333806872390453
0.0255274433753497
0.0432032903363302
0.0432010144478582
0.0432010144478582
0.0432010144478582
0.0470074502820426
0.0470074502820426
0.0470154920769996
0.0460424166665854
0.0469928586839369
0.0469928586839369
0.0469928586839369
0.0469928586839369
0.0469928586839369
0.0469928586839369
0.0469928586839369
0.0469928586839369
0.0469928586839369
0.0469928586839369
0.0469928586839369
0.0469928586839369
0.0469928586839369
0.0460413096289812
0.0469928586839369
0.0469928586839369
0.0469993667090182
0.0469928586839369
0.0469928586839369
0.0469928586839369
0.0469928586839369
0.0469928586839369
0.0469928586839369
0.047471032214397
0.047471032214397
0.047471032214397
0.047471032214397
0.047471032214397
0.047471032214397
0.047471032214397
0.0475031043871035
0.0475031043871035
0.0624548843046636
0.0475159544896107
0.0475159544896107
0.0475109388960294
0.0475109388960294
0.0475174531939289
0.0475031043871035
0.0475000580605241
0.0446515748399389
0.0446515748399389
0.0446515748399389
0.0446515748399389
0.0437046016400202
0.0437046016400202
0.0437046016400202
0.0437046016400202
0.0437046016400202
0.0437046016400202
0.0455967299967571
0.0420871674249741
0.0414074625503435
0.0575158357772247
0.0575264001210071
0.0574105459480098
0.0574672419970957
0.0574051622978163
0.0575428707404865
0.0579485596974177
0.0563606766196864
0.0563590614786661
0.0563383759995732
0.0642732669566477
0.0642732669566477
0.0460923701571569
0.0460966495242994
0.0489319497002735
0.0489215869300661
0.0408202629972791
0.0408202629972791
0.0408202629972791
0.0407608520936766
0.0420171417110206
0.0371221162590647
0.0423957605139353
0.0423957605139353
0.0424142360653066
0.0424087050200905
0.0424058470851423
0.042405593829775
0.0426961436692995
0.0428334884582051
0.0430175699727443
0.0427841351415576
0.0427259424325155
0.0431838588482486
0.0431774998625008
0.0422674762954409
0.0431587325838459
0.0422674762954409
0.0422674762954409
0.0423030369801528
0.043190703407673
0.043190703407673
0.0422980052133652
0.0422977802528378
0.0422977802528378
0.0423416713444568
0.0423416713444568
0.0423416713444568
0.0423416713444568
0.0423416713444568
0.0423416713444568
0.0416933045943951
0.0416933045943951
0.0416933045943951
0.0416933045943951
0.0416933045943951
0.0416933045943951
0.0416933045943951
0.0416933045943951
0.0416933045943951
0.0416933045943951
0.041693592368833
0.041693592368833
0.0416934543651844
0.0416933045943951
0.0416933045943951
0.0416901749650806
0.0421108339781497
0.0421108339781497
0.0421108339781497
0.0421288460476983
0.04213123897793
0.042128824094084
0.0433791570675404
0.0433779800973405
0.0433779800973405
0.0443595612429969
0.0435735014372637
0.04376687896685
0.0443641206499715
0.0443821284677727
0.0443717193805915
0.0435579172666493
0.0443692771293596
0.0445107256794659
0.0443675789121711
0.0443717193805915
0.0443706315427834
0.0443598008336746
0.0434644300595077
0.0433822334924776
0.0433822334924776
0.0433822334924776
0.0442896201124298
0.0442896201124298
0.0442896201124298
0.0442895657799643
0.04338398553641
0.04338398553641
0.04338398553641
0.0434980519422621
0.0434946646940029
0.0434946646940029
0.0440596965124234
0.0427869411879304
0.0418727207751028
0.0418732933239198
0.0436939117833522
0.0443946608743316
0.0443065978477458
0.0448141478047202
0.0448160599150311
0.0445989540637597
0.0445989540637597
0.0445693604839987
0.0440449969469956
0.0440449969469956
0.0449585811591184
0.0449585811591184
0.0449585811591184
0.0449585811591184
0.0449585811591184
0.0449585811591184
0.0491126335982756
0.0440449969469956
0.0440446591382875
0.0440446591382875
0.0440446591382875
0.0440446591382875
0.0440446591382875
0.0440446591382875
0.0523001726375993
0.0440438032326193
0.0440438032326193
0.0440438032326193
0.0440438032326193
0.0440438032326193
0.0440438032326193
0.0440438032326193
0.0440438032326193
0.0440438032326193
0.0440438032326193
0.0439976926780342
0.0439976926780342
0.0439976926780342
0.0439976926780342
0.0439976926780342
0.0402647156440819
0.0402647156440819
0.0402647156440819
0.0402647156440819
0.0402647156440819
0.0402644790317488
0.0402644790317488
0.0402644790317488
0.0402644790317488
0.0411780632438716
0.0411780632438716
0.0402849461402894
0.0402849461402894
0.0402849461402894
0.0402849461402894
0.0402874749776852
0.0402874749776852
0.0309664374774111
0.0309664374774111
0.0309664374774111
0.0309639388171875
0.0309616888100127
0.0309831535424725
0.0309827987253231
0.0309827987253231
0.0309827987253231
0.0309827987253231
0.0309827987253231
0.0309827987253231
0.0318970191381508
0.0318970191381508
0.0309827987253231
0.0309827987253231
0.0309827987253231
0.0309827987253231
0.0309827987253231
0.0309827987253231
0.0309827987253231
0.0308144213034973
0.0308144213034973
0.0308144213034973
0.0308144213034973
0.0308144213034973
0.0308144213034973
0.0308144213034973
0.0308114447359839
0.0396389533335861
0.0397168065331387
0.0406310269459664
0.0406310269459664
0.0397168065331387
0.0397168065331387
0.0397168065331387
0.0397168065331387
0.0397168065331387
0.0397168065331387
0.0397168065331387
0.0397168065331387
0.0397168065331387
0.0401587474507095
0.0401587474507095
0.0401628290911919
0.0410770495040195
0.0410770495040195
0.0410770495040195
0.0401628290911919
0.0401628290911919
0.0401628290911919
0.0401628290911919
0.0401628290911919
0.0401628290911919
0.0401422571411564
0.0401422571411564
0.0401422571411564
0.0401422571411564
0.0401422571411564
0.0401422053977037
0.0411324794914261
0.0401422053977037
0.0401885558714455
0.0401885558714455
0.0401885558714455
0.0401885558714455
0.0401885558714455
0.0401885558714455
0.040194520030709
0.0401995185765297
0.0401995185765297
0.0401995185765297
0.0401885558714455
0.0401885558714455
0.0401885558714455
0.0401885558714455
0.0401885558714455
0.0401885558714455
0.0401885558714455
0.0401885558714455
0.0401885558714455
0.0401885558714455
0.0401885558714455
0.0401885558714455
0.0401852462768209
0.0401852462768209
0.0401852462768209
0.0401392441608717
0.0401392441608717
0.040137771657286
0.040137771657286
0.040137771657286
0.040137771657286
0.040137771657286
0.040137771657286
0.040137771657286
0.040137771657286
0.040137771657286
0.0401836010655901
0.0401836010655901
0.0401836010655901
0.0401908950179692
0.0401908950179692
0.0401908950179692
0.0401908950179692
0.0401908950179692
0.0401908950179692
0.0401908950179692
0.0413167812675091
0.0400383011589455
0.0400383011589455
0.0403006579352095
0.0403006579352095
0.0402998606499657
0.0402998606499657
0.0402998606499657
0.0402998606499657
0.0402998606499657
0.0402998606499657
0.0405208630025714
0.0405208630025714
0.0405208630025714
0.0405208630025714
0.0405208630025714
0.0405208630025714
0.0405208630025714
0.0404950844788651
0.0404950844788651
0.0404950844788651
0.0404950844788651
0.0404950844788651
0.0404950844788651
0.0404950844788651
0.0404950844788651
0.0404950844788651
0.0404950844788651
0.0404950844788651
0.0404950844788651
0.0404777662205783
0.0403945177148922
0.0403945177148922
0.0403606378343099
0.0403606378343099
0.0403429479215662
0.0403429479215662
0.0403429479215662
0.0403429479215662
0.0403429479215662
0.0403429479215662
0.0403418482839095
0.0403418482839095
0.0403418482839095
0.0405303125074427
0.0404449412313199
0.0404449412313199
0.0403418482839095
0.0403418482839095
0.0403418482839095
0.0403418482839095
0.0403418482839095
0.0403418482839095
0.0403418482839095
0.0403418482839095
0.0403612494535288
0.040495244568095
0.04048680610356
0.0404795044099255
0.0403418482839095
0.0403418482839095
0.0403418482839095
0.0403418482839095
0.0403418482839095
0.0403418482839095
0.0403418482839095
0.0403418482839095
0.0403418482839095
0.0403418482839095
0.0403418482839095
0.0403418482839095
0.0403418482839095
0.0408110010972284
0.0408110010972284
0.0408110010972284
0.0408110010972284
0.0408110010972284
0.0408110010972284
0.0408110010972284
0.0408110010972284
0.0408110010972284
0.0408110010972284
0.0407985635053599
0.0407924348379263
0.0407924348379263
0.0407924348379263
0.0407924348379263
0.0407924348379263
0.0407924348379263
0.0409655947843368
0.0409655947843368
0.0409655947843368
0.0409655947843368
0.0409655947843368
0.0409655947843368
0.0409655947843368
0.0409655947843368
0.0409655947843368
0.0409655947843368
0.0409655947843368
0.0409655947843368
0.0409655947843368
0.0409655947843368
0.0404950844788651
0.0404950844788651
0.0404950844788651
0.0404950844788651
0.0404950844788651
0.0344409008235437
0.0344409008235437
0.0344409008235437
0.0344409008235437
0.0344409008235437
0.0344860601059705
0.0344860601059705
0.0339408494508497
0.0339408494508497
0.0339408494508497
0.0339408494508497
0.0339408494508497
0.0339408494508497
0.0339408494508497
0.0338964518324022
0.0338964518324022
0.0338964518324022
0.0334545109148314
0.0334545109148314
0.0334545109148314
0.0334545109148314
0.0334545109148314
0.0332335085622257
0.0336123314338076
0.0279953939498573
0.0336205230827036
0.0336057400691107
0.0337367259073274
0.0337263646441024
0.0334977549718315
0.0361552431555204
0.0398699713872562
0.0398673957128958
0.0398673957128958
0.0398673957128958
0.0398673957128958
0.0398673957128958
0.0398673957128958
0.0398673957128958
0.0398673957128958
0.0398673957128958
0.0398673957128958
0.0398673957128958
0.0398673957128958
0.0398673957128958
0.0407238530051666
0.0407238530051666
0.0402445685400251
0.0402642062667024
0.039887266372658
0.0398870334395731
0.0398870334395731
0.0398870334395731
0.0425409582462969
0.0425409582462969
0.0425397622133991
0.0424955006456358
0.0424955006456358
0.102104469590451
0.102104469590451
0.101601527080632
0.101601527080632
0.101601527080632
0.101601527080632
0.101601527080632
0.101601527080632
0.101601527080632
0.101601527080632
0.101601527080632
0.101601527080632
0.101591752033927
0.108713178356502
0.105344614847844
0.103824759710067
0.103824759710067
0.103824759710067
0.103824759710067
0.10462221894376
0.10462221894376
0.10462221894376
0.10462221894376
0.10462221894376
0.10462221894376
0.0854005597729876
0.0854005597729876
0.0854005597729876
0.0850159545981583
0.0850815606339136
0.0850815606339136
0.0850815606339136
0.085011507170915
0.085011507170915
0.085011507170915
0.0850333758495
0.0850333758495
0.0850333758495
0.085038285981934
0.0850493045110393
0.0597977450784371
0.042272130720882
0.0402113547106607
0.0402403686010607
0.0411889152992147
0.0411918318125091
0.0411918318125091
0.041202769565802
0.0415829801830094
0.0416043790390705
0.0416240743624959
0.0416240743624959
0.0416240743624959
0.0416561345446882
0.0420438452577315
0.0418564249675988
0.041824225062635
0.0416824281553962
0.0416369301977352
0.0416105296202577
0.0416121492171974
0.0416190674137971
0.0413927693939047
0.0413933109554325
0.0410118960797952
0.0410056222047355
0.0410049249081105
0.0410090949860082
0.0410095060140142
0.0410063295247192
0.0410084250994903
0.0410105184772774
0.0410084898877464
0.0410046853521979
0.041005198289976
0.0410049249081105
0.0410080316123492
0.04100428825283
0.0410128223708499
0.0410085007036372
0.0410092360780579
0.0410105831836698
0.0410114451538253
0.0410002904122989
0.0409974739854784
0.0409966284560009
0.0409939143097138
0.0409947895312962
0.0409937133250728
0.0409962982355285
0.0409965925885718
0.041001917662578
0.0409993610128828
0.0409985006840324
0.041001917662578
0.0409973642087019
0.0409998192390102
0.0409937850427586
0.0409937133250728
0.041001917662578
0.0410008371800103
0.041001917662578
0.0410778226695866
0.0410478375515764
0.0410000322085704
0.0410072957087822
0.0410076249870019
0.0410076249870019
0.0494457838570421
0.0494457838570421
0.0597529781623496
0.023425571768334
0.027029447979719
0.0268948976520395
0.0268966144444945
0.0269737722695369
0.0269526382865214
0.0269484646473207
0.0285205978640914
0.0279557815763812
0.0277708514170265
0.0273465077367639
0.0273421206657453
0.0252867337250245
0.0272388162755816
0.0262203954376117
0.0262203954376117
0.0243096626233953
0.0243072940235918
0.022267300013318
0.0222555880331093
0.0227183402710095
0.0227183402710095
0.0227183402710095
0.00606575960265017
0.00574489376426864
0.0209552362026649
0.0219446416077682
0.0219015571529399
0.021821002268892
0.0215546822497095
0.0187041161548996
0.0208874968265512
0.0208918140663714
0.0208860110957952
0.020886627926794
0.0208925337757699
0.0208913739793321
0.0208853383677584
0.0208860368763354
0.0208873618470782
0.0544231891587621
0.0329551991839319
0.0324391641345422
0.032013027701065
0.0320224234156303
0.0318092959574816
0.0322539170694282
0.0318130367900922
0.0320156221886283
0.0319367955343779
0.0321338098137499
0.0316910860971004
0.0316811154697085
0.0321226783348086
0.0321200070531747
0.0320864686275983
0.0320814236590282
0.0316087232665823
0.0315178973325023
0.0234120521711917
0.0232339728462794
0.0233309105237712
0.0228561890266249
0.0228488594375031
0.0228462015229243
0.0228562281060912
0.0228520911848699
0.0228523152632689
0.0228495190448476
0.0228482706928597
0.0228488985169693
0.0228559979194518
0.02328778687108
0.0232832307583402
0.0232847512524807
0.0228710727981489
0.030894659113399
0.0228394860404118
0.0232837950816789
0.0232802325415866
0.0232799708744021
0.0232801247516241
0.023280050232272
0.023277350529412
0.0232845993612014
0.0232800084003193
0.023283178692918
0.0230618900015821
0.0230584263974409
0.0230616623304067
0.0230634461624341
0.0230613323031702
0.0230637761719386
0.0230686955742391
0.0235076252316103
0.0235069596979854
0.0237266478128432
0.0237197242427391
0.0234685550981827
0.0233005206156384