0.33398238990848
0.333967644452867
0.335297772403105
0.335460781087708
0.335697776442011
0.335697776442011
0.335568154493682
0.335568154493682
0.332677183491278
0.332528545926472
0.332528545926472
0.332528545926472
0.332528545926472
0.332528545926472
0.332528545926472
0.332471061447282
0.332529200982165
0.331372601820154
0.330677161454945
0.33121858587355
0.331739433099163
0.332080747194358
0.332080747194358
0.332080747194358
0.332080747194358
0.332080747194358
0.332080747194358
0.332080747194358
0.332080747194358
0.332080747194358
0.332080747194358
0.331869993041477
0.33198488274736
0.33198488274736
0.327933175878517
0.327421948929878
0.328105666421208
0.328021255400297
0.323828571256996
0.319202244809806
0.32359335595097
0.323515224478518
0.323449969446892
0.323449969446892
0.323510379954056
0.324470246966482
0.324470246966482
0.324470246966482
0.324470246966482
0.324301206814687
0.324254457677748
0.324659955334778
0.323899328537706
0.323870835262119
0.323870835262119
0.323870835262119
0.323870835262119
0.323870835262119
0.323870835262119
0.323854486263044
0.323740720620268
0.323740720620268
0.323740720620268
0.323712279209574
0.323712279209574
0.323712279209574
0.323598123958433
0.323598123958433
0.323598123958433
0.323598123958433
0.323661942882871
0.323598123958433
0.323598123958433
0.323598123958433
0.323598123958433
0.323655201584004
0.323683642994698
0.323740422463242
0.323740422463242
0.323740422463242
0.323740422463242
0.323740422463242
0.323797500088812
0.323797500088812
0.323797500088812
0.323797500088812
0.323796534800577
0.323796534800577
0.323796534800577
0.322355017188196
0.323782176777275
0.322317530626708
0.322317530626708
0.322317530626708
0.322312938284936
0.322312938284936
0.322445018104308
0.322435875070899
0.322493293536678
0.322493293536678
0.322897847250055
0.32297536873087
0.32297536873087
0.303415202156735
0.303512240109991
0.304975395401931
0.30509039863004
0.308146673352488
0.308170819837628
0.308170074374022
0.309969512318505
0.309969512318505
0.309969512318505
0.309969512318505
0.309969512318505
0.309969512318505
0.309969512318505
0.309969512318505
0.32557671215579
0.272491339718763
0.272491339718763
0.272491339718763
0.272273271441
0.272273271441
0.278536413084902
0.272351351157025
0.230297616009058
0.327952259437191
0.304294241336231
0.319912016925836
0.329128925924491
0.32730780700174
0.33804683420601
0.33889041576046
0.342460449001252
0.341105587449009
0.341386113042538
0.340620147052955
0.340625753382281
0.340625753382281
0.341103496188036
0.341103496188036
0.394612832913779
0.395503663345931
0.395503663345931
0.395503663345931
0.390176089562638
0.395017046384234
0.395323003223746
0.395154388115832
0.394736606551792
0.394736606551792
0.394736606551792
0.394736606551792
0.394535664105855
0.341302230881123
0.341302230881123
0.341270933310839
0.341270933310839
0.34334770358758
0.341338492643955
0.341270933310839
0.341830559406109
0.341830559406109
0.341830559406109
0.341830559406109
0.341830559406109
0.341370346663951
0.341370346663951
0.341398830200928
0.341564106140501
0.34103969126765
0.34103969126765
0.34103969126765
0.34103969126765
0.34103969126765
0.327382970941543
0.333660769366064
0.333635347253928
0.333627755200421
0.3334803487069
0.333417106493973
0.333529491299547
0.333529491299547
0.333417106493973
0.333417106493973
0.333529491299547
0.352270521752649
0.295789725455557
0.348992214689654
0.280933196567261
0.279458273942385
0.280884478440182
0.27914131495312
0.341192477863915
0.293985778005418
0.293955483289892
0.293955483289892
0.293955483289892
0.293959027177395
0.293959027177395
0.293959027177395
0.293959027177395
0.293901635074548
0.293901635074548
0.293901635074548
0.293901635074548
0.293972461475545
0.29403967338408
0.294241291102512
0.294857535108993
0.294857535108993
0.272821927042229
0.284297793782007
0.286300326641758
0.283761926396296
0.281397880419353
0.281517733712354
0.281663226172015
0.281657085617569
0.281670935935922
0.281670935935922
0.281670935935922
0.287825932843986
0.288073322701719
0.287541204476586
0.287825932843986
0.286304358494103
0.287888214828979
0.287346000405882
0.290097039593635
0.290096731465722
0.290096731465722
0.282759525653248
0.281829592410433
0.281829592410433
0.281829592410433
0.281648958712568
0.277713163768118
0.277627115121951
0.277627115121951
0.277627115121951
0.278808618445637
0.283938724071622
0.283568966627066
0.283518636808511
0.283526393201937
0.283526393201937
0.283771868224867
0.283769757324711
0.28418213464918
0.284179819621674
0.284181998360288
0.284025822494555
0.283544621951747
0.283544621951747
0.283527510739202
0.283527510739202
0.283527510739202
0.283527510739202
0.283527510739202
0.283872736008998
0.283872736008998
0.283872736008998
0.283872736008998
0.283872736008998
0.283872736008998
0.283872736008998
0.283872736008998
0.283872736008998
0.283872736008998
0.283872736008998
0.283872736008998
0.283872736008998
0.283872736008998
0.283872736008998
0.283872736008998
0.283887007947067
0.277366987445577
0.277366987445577
0.277366987445577
0.29230784398599
0.27816736195724
0.274185974765567
0.274366788213908
0.274278351614154
0.274436363067392
0.274567582651734
0.271185682926827
0.271503433516185
0.271503433516185
0.271503433516185
0.275350717326123
0.272059607436596
0.274118150299408
0.275575505558779
0.27548872283479
0.275487767177751
0.275487767177751
0.275545132941863
0.275545132941863
0.275545132941863
0.275545132941863
0.275545132941863
0.275545132941863
0.275545132941863
0.275545132941863
0.275545132941863
0.275545132941863
0.275545132941863
0.275545132941863
0.275172619815162
0.286332055960688
0.28211274745555
0.278309598678835
0.269943468898665
0.27896765781516
0.276657207364588
0.275948729704075
0.275473968091585
0.275430022907228
0.275214861214763
0.275042805305411
0.275050500344367
0.275094414703908
0.275151718165268
0.273880470975867
0.273622443214583
0.282916779625469
0.276809540845572
0.276808252094274
0.276808252094274
0.276808252094274
0.276808252094274
0.281138071371382
0.283078518153117
0.28317942515582
0.281896204188972
0.282745274194326
0.282349624937061
0.282393156338728
0.282516969428614
0.282516969428614
0.282516969428614
0.282516969428614
0.282516969428614
0.282516969428614
0.282516969428614
0.282516969428614
0.282516969428614
0.282516969428614
0.282428403545617
0.282428403545617
0.28242143317952
0.28242143317952
0.282364859294025
0.282364859294025
0.282364859294025
0.282364859294025
0.282364859294025
0.282364859294025
0.282620133662529
0.282364859294025
0.282364859294025
0.282364859294025
0.282364859294025
0.282364859294025
0.282364859294025
0.282364859294025
0.282364859294025
0.282334157553195
0.282334157553195
0.282334157553195
0.282334157553195
0.282418678328185
0.282418678328185
0.282333817499943
0.275962644438397
0.275962644438397
0.278151351166552
0.277613382934
0.277665523934985
0.277580624682098
0.277581733388575
0.277754174136024
0.282267248422681
0.277977208031858
0.27768138184757
0.277821869602028
0.277821869602028
0.277750959451678
0.277666098623436
0.277666098623436
0.277666098623436
0.277666098623436
0.277666098623436
0.276389974515154
0.276831490657379
0.276544437667387
0.276906611886809
0.276608117061099
0.276608117061099
0.276608117061099
0.276561741336965
0.279333395181998
0.279333395181998
0.279333395181998
0.279333395181998
0.279333395181998
0.279333395181998
0.279333395181998
0.279333395181998
0.279333395181998
0.274658519013155
0.274658519013155
0.274747498208512
0.274895783343098
0.274959441789916
0.274959441789916
0.274959441789916
0.274952357228593
0.274554884214019
0.275299210841206
0.275299210841206
0.275299210841206
0.275269340141224
0.275043462445033
0.27493708945525
0.275259130772999
0.275118589807399
0.275026117773733
0.274941256945492
0.274925258373745
0.27493708945525
0.275132768505684
0.272304761111583
0.273123364941728
0.273074159746402
0.273013418370666
0.273013418370666
0.273013418370666
0.273013418370666
0.280572221796604
0.275599161991288
0.275455703748951
0.28443225279979
0.284435795080452
0.284435795080452
0.279920252671441
0.275644396068322
0.275644396068322
0.271155378106314
0.270952952744184
0.269984807309013
0.269979172840082
0.270003923914986
0.269919063086745
0.270731109474199
0.270731109474199
0.270731109474199
0.27067426545419
0.27067426545419
0.270327716618387
0.270327716618387
0.270327716618387
0.270327716618387
0.270327716618387
0.270327716618387
0.270327716618387
0.270356003561134
0.270356003561134
0.275412231998797
0.275412231998797
0.275412231998797
0.276572870060972
0.275634595733622
0.275404764323801
0.275355500457154
0.273924513654991
0.273924513654991
0.273286915352114
0.273338254183853
0.273338254183853
0.26207299830909
0.277983889710815
0.273451145284795
0.274262311052454
0.274628673729448
0.275266478047209
0.275350240100702
0.275179953858586
0.275172899931312
0.301610205013071
0.301577395292505
0.277673562881195
0.302869410870645
0.302856119440235
0.302842611307337
0.302848190144008
0.303350113405227
0.293074149722931
0.2919032933079
0.291847396465663
0.289089008779495
0.28766473231401
0.281929041591362
0.237676776907156
0.242299894457216
0.24677399820019
0.247760072351493
0.247759861215784
0.247787993230891
0.247242668315491
0.247242668315491
0.247242668315491
0.247182281328051
0.246529207596497
0.246529207596497
0.246557217820228
0.246732392485907
0.247236401503363
0.248221483489511
0.247915062035792
0.251033315927868
0.284158355996919
0.248873504269865
0.249041013745841
0.248767590476559
0.247410932589251
0.246319575316253
0.247144106832306
0.248224585223298
0.287589081203171
0.287640321210044
0.287640321210044
0.274855576233489
0.278542190212084
0.278542190212084
0.278542190212084
0.278542190212084
0.278542190212084
0.278563236197562
0.278542190212084
0.278450785833856
0.278471870277051
0.278478847241185
0.278457826800826
0.278464842129319
0.278464842129319
0.279296840562247
0.279353312420883
0.278110431938551
0.278384029749769
0.278384029749769
0.278405037417568
0.278425266154642
0.278447392046506
0.278382753778195
0.27841641041502
0.278377144918644
0.278483093051506
0.278362632756968
0.292370873542872
0.292372969891363
0.292362857432381
0.292443866167236
0.292425646517972
0.292425646517972
0.292439689994196
0.292432674665703
0.292432674665703
0.292432674665703
0.292439391986263
0.292425646517972
0.292425646517972
0.292425646517972
0.292578326793693
0.292606529571667
0.29259242818268
0.29259242818268
0.292704135902435
0.280746891321183
0.280768043404664
0.280746891321183
0.278306518473212
0.278278515281959
0.279638786966055
0.29138886826624
0.293290259400309
0.282333137892681
0.292360482702956
0.292259503498049
0.292981654271392
0.29276586718371
0.292858621500381
0.292858621500381
0.292879773583861
0.292900925667341
0.292900925667341
0.292900925667341
0.282430323080364
0.278716824054247
0.278786914309174
0.278738378797551
0.27873167818248
0.27873167818248
0.278710564803636
0.278710564803636
0.279179491263804
0.279179491263804
0.279172453470856
0.279214680228544
0.281378822887781
0.281330002278762
0.281260399093914
0.281260399093914
0.27931793800791
0.279261635664325
0.282128651862806
0.279610198838212
0.27944083187106
0.27933628997693
0.279249094448652
0.279270207827496
0.279247917539001
0.279247917539001
0.243566355509819
0.273954935564893
0.275528929718958
0.275882482727331
0.276504637946793
0.276511667700224
0.276455391100738
0.2764694506076
0.276490515804384
0.2764694506076
0.276448361347306
0.276455391100738
0.2764694506076
0.276672485796355
0.276568128166993
0.276589193363777
0.276589193363777
0.277474159938783
0.276568128166993
0.276561098413562
0.276547038906699
0.27655406866013
0.27655406866013
0.27655406866013
0.276547038906699
0.276547038906699
0.276547038906699
0.276637845856327
0.278856508712566
0.251898833746804
0.271852129256574
0.259470433919412
0.260126166174464
0.259744107567652
0.259775692272178
0.260580635577947
0.260622862335635
0.260580635577947
0.260545647364719
0.260545647364719
0.260545647364719
0.263076406545629
0.263155680043016
0.263191338858551
0.263226475802919
0.28222952047455
0.270928252791799
0.278522101623193
0.271011742529804
0.278570205919441
0.278601052654168
0.278624152677268
0.278601052654168
0.278601052654168
0.278616452669568
0.278601052654168
0.278601052654168
0.278601052654168
0.278601052654168
0.27876152732242
0.278577952631068
0.278601052654168
0.278473775587904
0.278693225807355
0.278693225807355
0.278473775587904
0.278844052793756
0.279198180886196
0.279106822771668
0.279083722748568
0.27790495326003
0.27788185323693
0.27788185323693
0.27788185323693
0.273499070570703
0.272882242683036
0.272904723855054
0.278425846614434
0.266055499491961
0.269117972604894
0.269700124182221
0.269533629609468
0.324497278260705
0.247186155380134
0.272029755447403
0.272000128136134
0.272169698280613
0.272161701001488
0.272028322423925
0.27127968378486
0.271509714375239
0.271529698989749
0.272487436656168
0.273320894356198
0.272727698453984
0.272760225052875
0.276786452809643
0.275834670089339
0.2731387335772
0.273819599107571
0.273765518125193
0.328035820837114
0.328089471546804
0.274930715741284
0.267366149727274
0.241818558015606
0.24181657993499
0.238295014511829
0.240038397553043
0.252071489916456
0.252070188944137
0.25098761680518
0.25241728039745
0.239988403585589
0.239781444892189
0.240084593200064
0.240010879283741
0.239376310016078
0.240432097787542
0.239744819941865
0.240623429706577
0.239376310016078
0.239507467561582
0.240164981777004
0.239810665462652
0.239884011418406
0.239500348250653
0.239314657258442
0.240233098180695
0.239787824394216
0.239655245447085
0.240467403164009
0.239832377043022
0.239920985338973
0.239447736808323
0.239862471168184
0.240659818337798
0.240793273463536
0.239388697542255
0.240143226732327
0.239455902368219
0.239737138879131
0.23903479274663
0.241635844284827
0.280823841609077
0.241119007836339
0.241519634948552
0.241091430117017
0.241113911289035
0.24173593568001
0.241038165832284
0.241519445759292
0.239237525760938
0.239260006932956
0.239260006932956
0.239237525760938
0.238764039160979
0.238704966963677
0.238727448135696
0.238704966963677
0.237690550247703
0.237690550247703
0.237713031419722
0.231726079618575
0.237799538726979
0.25243348924189
0.235679906049142
0.222068865592627
0.221480642479023
0.225056525230906
0.229698651895463
0.231794444553533
0.243861910161004
0.243849690692465
0.240853649593721
0.215402832529114
0.215359807441271
0.226160065683719
0.226622112518985
0.225491650076699
0.225391267866405
0.244064292069465
0.246327153884828
0.247198975646611
0.252042592697892
0.252943163839212
0.233151733440117
0.247409307441143
0.248847028061425
0.249287158289968
0.249317293968952
0.24905984614586
0.249032050996114
0.248861624596876
0.249703536623681
0.250430600725766
0.250463725451541
0.250434899062271
0.250358517448198
0.250239022630167
0.250285216705953
0.250244828304156
0.250244828304156
0.25026597069818
0.263986464194497
0.264334922514028
0.26437040363807
0.263553762544324
0.264502009445021
0.264502009445021
0.26474251215616
0.26474251215616
0.26474251215616
0.26474251215616
0.264741313958075
0.26482060513641
0.26482060513641
0.26509827233986
0.26489097139736
0.264968575315488
0.264904973322625
0.264862967546831
0.264799423931199
0.264813544734673
0.264848846743357
0.264910104617419
0.265024038602174
0.265909484091936
0.265902813538134
0.265945175948555
0.265945175948555
0.26592529118588
0.259687743845765
0.259687743845765
0.259666562640555
0.26881411834506
0.281389549612198
0.269615372370604
0.2668255080312
0.266796609951116
0.262783564065354
0.261498051384131
0.262399107952481
0.262244385538861
0.265807577681964
0.265811293431919
0.265809425555092
0.263130624719851
0.265838905965653
0.266602391734028
0.266056387485878
0.265819853916627
0.265811006628125
0.265854552053476
0.262981622302126
0.26296433011414
0.262677112806898
0.262698786366961
0.265715761244905
0.265694087684842
0.265730210284947
0.265672363188093
0.26563238509689
0.265735332749624
0.263209018420306
0.280392347043631
0.280300419176034
0.280322153975259
0.300938823001098
0.29412199067979
0.293989451117731
0.304006002894626
0.302124281747627
0.285815755163659
0.286533374519577
0.286575686294166
0.28663131190476
0.286667050273861
0.285910645117516
0.286933258459753
0.286035879205961
0.286028652989247
0.286000156364316
0.286000156364316
0.286000156364316
0.286000156364316
0.286119359195383
0.286119359195383
0.286810357435238
0.286181181929867
0.284229854340778
0.28415861277845
0.284158147189113
0.284114789888827
0.284158147189113
0.28415813192604
0.26129240112606
0.282794335233096
0.283008456532812
0.283043691775473
0.282555347867296
0.282533669217154
0.282490311916868
0.282490311916868
0.282490311916868
0.282490311916868
0.282683995801693
0.282190089921731
0.282190089921731
0.282211768571874
0.282211768571874
0.282211768571874
0.283982439973322
0.283982439973322
0.283982439973322
0.28401062983202
0.28401062983202
0.291737258578628
0.291737258578628
0.291737258578628
0.291737258578628
0.291736887034785
0.29182291736647
0.291965740246155
0.291951696054652
0.291937243621224
0.291922995308759
0.306693087051133
0.306693087051133
0.305617217213356
0.30617721308024
0.306335160632438
0.300613617158254
0.2909584989903
0.291141525404304
0.291144713564899
0.291108078555125
0.291108078555125
0.291236364321041
0.291042874157451
0.291042874157451
0.291042874157451
0.291042874157451
0.291042874157451
0.291042874157451
0.291042874157451
0.291042874157451
0.291814811858988
0.291042874157451
0.29011552272386
0.290443461698694
0.290443461698694
0.290443461698694
0.290443461698694
0.290443461698694
0.290443461698694
0.290443461698694
0.29046317222831
0.289546399203414
0.294188069039788
0.294188069039788
0.294188069039788
0.287688171733133
0.287688171733133
0.282819685387116
0.282819685387116
0.282819685387116
0.282819685387116
0.282819685387116
0.282819685387116
0.282819685387116
0.282819685387116
0.282819685387116
0.28284344445595
0.28284344445595
0.28284344445595
0.28284344445595
0.28284344445595
0.28284344445595
0.28284344445595
0.28284344445595
0.28284344445595
0.28284344445595
0.282733100215999
0.282733100215999
0.282733100215999
0.282733100215999
0.282733100215999
0.282733100215999
0.282436017987882
0.282770043552117
0.28291870743929
0.28291870743929
0.28291870743929
0.282853503041616
0.282853503041616
0.282853503041616
0.284513500267191
0.28295828704682
0.28295828704682
0.28295828704682
0.282853503041616
0.282883383333696
0.282883383333696
0.282883383333696
0.282883383333696
0.282883383333696
0.282883383333696
0.282883383333696
0.282883383333696
0.282883383333696
0.282763862165377
0.28289273427589
0.282745522097348
0.282745522097348
0.282745522097348
0.282490602074904
0.282490602074904
0.28248244221879
0.28248244221879
0.282499920519122
0.282796962775194
0.282804179153252
0.282804179153252
0.282825913952476
0.282825913952476
0.290666096601504
0.290920059567172
0.290920059567172
0.290916790408181
0.290890921276154
0.290890921276154
0.290890921276154
0.290890921276154
0.290890921276154
0.290890921276154
0.290831160691994
0.298887368319736
0.298244900193412
0.298364421361731
0.298655778373191
0.298655778373191
0.298647101252121
0.298647101252121
0.298647101252121
0.298647101252121
0.298647101252121
0.298647101252121
0.298647101252121
0.298647101252121
0.298676981544201
0.298742185941876
0.298713206209576
0.299022964922138
0.298829125138775
0.298619268326417
0.298554063928742
0.298575798727967
0.29974021494997
0.298736139641197
0.298765119373497
0.298757874440422
0.30241655038006
0.298685425109672
0.298685425109672
0.298656445377373
0.298656445377373
0.295136572371348
0.295145232355483
0.295786354400875
0.296361853716458
0.296722357508359
0.296853073694653
0.296853073694653
0.296853073694653
0.296853073694653
0.296853073694653
0.296867543118951
0.296998684459607
0.296912278669674
0.296912278669674
0.301552924852342
0.301509516579449
0.301509516579449
0.301481164374179
0.301481164374179
0.299694514528248
0.299694514528248
0.299665575679652
0.29979584142047
0.299665575679652
0.300542921629647
0.300130119738455
0.301003412366343
0.297659535445811
0.300204129352645
0.298979524208019
0.298979524208019
0.299018625587231
0.299018625587231
0.299018625587231
0.299018625587231
0.299018625587231
0.299018625587231
0.299341356976597
0.299018625587231
0.299069268572273
0.299018625587231
0.299018625587231
0.298577929865953
0.298577929865953
0.298577929865953
0.298879186025824
0.298577929865953
0.298577929865953
0.298577929865953
0.298577929865953
0.298577929865953
0.298577929865953
0.296048207981106
0.29601242619788
0.29591323917721
0.29591323917721
0.29591323917721
0.29600670379182
0.29600670379182
0.295706829211468
0.295641624813793
0.295641624813793
0.295641624813793
0.295641624813793
0.295706706618006
0.295706829211468
0.295706829211468
0.295706829211468
0.295735808943767
0.295735808943767
0.295772033609142
0.295706829211468
0.295706829211468
0.296083565731364
0.296083565731364
0.296098055597514
0.296098055597514
0.296083565731364
0.297263686315011
0.297263686315011
0.297198481917336
0.297198481917336
0.297198481917336
0.301119509308671
0.301187721800053
0.301215894884325
0.301194403407562
0.30112910676127
0.30112910676127
0.30112910676127
0.301150686691652
0.30112910676127
0.297463374777977
0.297399713667405
0.297204223067844
0.297269427465519
0.297200966178745
0.297266170576419
0.297266170576419
0.297266170576419
0.297344198959678
0.299509301629676
0.259004566790284
0.299900508142799
0.289513580662292
0.302318158377283
0.302107469560483
0.300621722338206
0.231584117492901
0.234152003334805
0.243026997613182
0.243026997613182
0.243026997613182
0.243026997613182
0.243084604410784
0.243113407809585
0.24322862140479
0.24322862140479
0.24322862140479
0.24322862140479
0.24322862140479
0.24322862140479
0.246780306919838
0.243003408530455
0.244247194122067
0.243866819643441
0.244092314544069
0.243361743520907
0.243323952696993
0.243323952696993
0.243323952696993
0.285241249558541
0.28527193440598
0.285152766788974
0.221049996206576
0.221049996206576
0.228340540571505
0.229879002109966
0.229028091022729
0.229028091022729
0.229028091022729
0.229028091022729
0.229028091022729
0.229028091022729
0.229028091022729
0.229028091022729
0.229028091022729
0.229028091022729
0.229110025423205
0.226976293587977
0.226524108766745
0.225254289474723
0.225257897248985
0.225257897248985
0.225257897248985
0.224622780219671
0.224622780219671
0.224622780219671
0.224622780219671
0.224622780219671
0.223596385872445
0.19838656807401
0.19838656807401
0.19838656807401
0.200635183301526
0.200880568135049
0.199638951609094
0.199638951609094
0.198411323703213
0.199329380005885
0.199329380005885
0.199329380005885
0.199329380005885
0.199329380005885
0.199432846146055
0.199404672232251
0.225372125560635
0.236468949968135
0.231407499965724
0.231407499965724
0.230508614058865
0.230505544135592
0.230505544135592
0.230441033623045
0.232570706750587
0.219698204810659
0.218932120111474
0.218689823077005
0.218748739746741
0.221774435610822
0.231499187846921
0.220844720702989
0.220883139121066
0.221909662828915
0.224453455559876
0.224604689371818
0.22421735792099
0.224164164085083
0.224684198386931
0.223920243562525
0.225463555712948
0.225497359603367
0.22359892552029
0.223612105767461
0.223625150677176
0.223600426324237
0.194964439359197
0.195581325939466
0.195572025417682
0.193156567397343
0.193164356115086
0.193267053135761
0.193165714821467
0.193187974574793
0.193189170002814
0.193169072903583
0.193167533316858
0.193181787457954
0.193181013743492
0.194176105094065
0.195078323141059
0.194508007305205
0.194657498558363
0.194494336440505
0.194512271775683
0.194506711401428
0.194507618197328
0.194538528947915
0.194521453532902
0.194512654009565
0.194539463547497
0.194508640001954
0.194521863882124
0.194526259098362
0.165791501833648
0.190818172364932
0.191112428085944
0.191184411968392
0.168758071847445
0.181696498313939
0.182269932731784
0.183133326839225
0.184021682370574
0.183672542978017
0.171060170966256
0.171060170966256
0.176515358694348
0.177130330050686
0.17491206216939
0.175748727303489
0.176273140081209
0.174907653661406
0.17492647761188
0.13827159024481
0.137327948436844
0.13759636645739
0.137598418544402
0.156819171713353
0.174022837427463
0.170549654798098
0.177560964727533
0.176993386910668
0.17702403355486
0.140131902568556
0.128856941863825
0.127020563936146
0.126931372427076
0.126931372427076
0.126931372427076
0.126931372427076
0.113702993996084
0.132245996137158
0.107607062547563
0.123320867773451
0.12402204919666
0.124076607631548
0.122500334366472
0.136126496337578
0.126088434438778
0.126167942487816
0.126163051351488
0.126122833027295
0.126139595583002
0.123615784474299
0.11123109048505
0.123587382050708
0.123595756279457
0.120751051464647
0.123902715223205
0.124177654485379
0.124165033888533
0.123101169935538
0.124375517975599
0.123052689605297
0.123536757662927
0.123021178998976
0.124134675306162
0.124348820219602
0.123894224568312
0.101403246123874
0.101408390868075
0.10140346096547
0.0963179781121654
0.0967375776054065
0.0972617104914305
0.0976324849793414
0.121918428688755
0.11588728500934
0.125330504515828
0.126078962270633
0.126157060389391
0.126211850021801
0.126261074414787
0.126231479088257
0.146681159117761
0.146671192465836
0.146657736621434
0.14666138674129
0.146703451176602
0.146669101574635
0.146651129058858
0.146664743366185
0.146663410002543
0.119808148659794
0.146621519805143
0.146655106821539
0.146630801574383
0.146625521183206
0.146626854937225
0.146634833126168
0.146362466817655
0.146982127981385
0.146402295613386
0.146417869704879
0.146430507567158
0.146411049825067
0.146491152747267
0.146499221643039
0.146489014009293
0.146403595957183
0.146437199529841
0.149540266223937
0.149536629376135
0.146066462614373
0.146025393156237
0.146288134810499
0.146428410743772