0.345703125
0.345703125
0.345703125
0.345703125
0.345703125
0.345703125
0.345703125
0.345703125
0.345703125
0.345703125
0.345703125
0.345703125
0.345703125
0.345703125
0.345703125
0.345703125
0.345703125
0.345703125
0.345703125
0.345703125
0.345703125
0.345703125
0.345703125
0.345703125
0.345703125
0.345703125
0.345703125
0.345703125
0.345703125
0.345703125
0.345703125
0.345703125
0.345703125
0.345703125
0.345703125
0.345703125
0.333984375
0.333984375
0.333984375
0.333984375
0.333984375
0.333984375
0.333984375
0.333984375
0.333984375
0.333984375
0.333984375
0.333984375
0.333984375
0.333984375
0.432291666666667
0.333984375
0.333984375
0.333984375
0.333984375
0.333984375
0.333984375
0.333984375
0.333984375
0.333984375
0.333984375
0.333984375
0.333984375
0.333984375
0.333984375
0.333984375
0.333984375
0.322265625
0.322265625
0.322265625
0.322265625
0.322265625
0.322265625
0.322265625
0.322265625
0.322265625
0.322265625
0.322265625
0.322265625
0.322265625
0.322265625
0.322265625
0.322265625
0.322265625
0.322265625
0.322265625
0.322265625
0.322265625
0.322265625
0.322265625
0.322265625
0.322265625
0.322265625
0.322265625
0.322265625
0.322265625
0.327380952380952
0.327380952380952
0.327380952380952
0.327380952380952
0.327380952380952
0.327380952380952
0.327380952380952
0.327380952380952
0.327380952380952
0.327380952380952
0.327380952380952
0.327380952380952
0.327380952380952
0
0
0
0
0
0
0
0.413690476190476
0.401785714285714
0.401785714285714
0.401785714285714
0.401785714285714
0.401785714285714
0.401785714285714
0.401785714285714
0.401785714285714
0.401785714285714
0.401785714285714
0.401785714285714
0.401785714285714
0.401785714285714
0.401785714285714
0.401785714285714
0.401785714285714
0.401785714285714
0.401785714285714
0.401785714285714
0.401785714285714
0.401785714285714
0.64781746031746
0.64781746031746
0.64781746031746
0.64781746031746
0.64781746031746
0.64781746031746
0.64781746031746
0.64781746031746
0.64781746031746
0.64781746031746
0.64781746031746
0.64781746031746
0.64781746031746
0.64781746031746
0.64781746031746
0.64781746031746
0.64781746031746
0.64781746031746
0.64781746031746
0.64781746031746
0.64781746031746
0.64781746031746
0.64781746031746
0.64781746031746
0.64781746031746
0.64781746031746
0.64781746031746
0.64781746031746
0.64781746031746
0.64781746031746
0.64781746031746
0.64781746031746
0.64781746031746
0.64781746031746
0.64781746031746
0.64781746031746
0.64781746031746
0.64781746031746
0.64781746031746
0.64781746031746
0.64781746031746
0.64781746031746
0.64781746031746
0.64781746031746
0.64781746031746
0.64781746031746
0.64781746031746
0.64781746031746
0.64781746031746
0.64781746031746
0.64781746031746
0.64781746031746
0.64781746031746
0.64781746031746
0.6416015625
0.6416015625
0.6416015625
0.6416015625
0.6416015625
0.6416015625
0.6416015625
0.6416015625
0.6416015625
0.6416015625
0.6416015625
0.6416015625
0.6416015625
0.6416015625
0.6416015625
0.6416015625
0.6416015625
0.6416015625
0.6416015625
0.6416015625
0.522135416666667
0.6416015625
0.6416015625
0.6416015625
0.6416015625
0.6416015625
0.885091145833333
0.6376953125
0.6298828125
0.6416015625
0.6259765625
0.6142578125
0.6142578125
0.6142578125
0.6142578125
0.779622395833333
0.572591145833333
0.572591145833333
0.572591145833333
0.5791015625
0.5791015625
0.5791015625
0.5791015625
0.5791015625
0.5791015625
0.5791015625
0.5791015625
0.5791015625
0.6767578125
0.669921875
0.646484375
0.646484375
0.623046875
0.623046875
0.623046875
0.623046875
0.623046875
0.623046875
0.623046875
0.623046875
0.623046875
0.623046875
0.623046875
0.623046875
0.623046875
0.623046875
0.623046875
0.623046875
0.623046875
0.623046875
0.623046875
0.623046875
0.623046875
0.623046875
0.623046875
0.623046875
0.623046875
0.623046875
0.623046875
0.623046875
0.623046875
0.623046875
0.623046875
0.623046875
0.623046875
0.623046875
0.623046875
0.623046875
0.623046875
0.623046875
0.623046875
0.623046875
0.623046875
0.623046875
0.623046875
0.623046875
0.617307692307692
0.617307692307692
0.617307692307692
0.617307692307692
0.617307692307692
0.617307692307692
0.617307692307692
0.617307692307692
0.617307692307692
0.617307692307692
0.617307692307692
0.617307692307692
0.617307692307692
0.617307692307692
0.617307692307692
0.617307692307692
0.617307692307692
0.617307692307692
0.617307692307692
0.617307692307692
0.617307692307692
0.617307692307692
0.617307692307692
0.617307692307692
0.617307692307692
0.617307692307692
0.617307692307692
0.617307692307692
0.635576923076923
0.635576923076923
0.546520146520146
0.594230769230769
0.544688644688645
0.923901098901099
0.942307692307692
0.994230769230769
0.994230769230769
0.994230769230769
0.773717948717949
0.816666666666667
0.641666666666667
0.645512820512821
0.645512820512821
0.641666666666667
0.613461538461539
0.613461538461539
0.613461538461539
0.613461538461539
0.613461538461539
0.613461538461539
0.613461538461539
0.613461538461539
0.613461538461539
0.613461538461539
0.613461538461539
0.613461538461539
0.613461538461539
0.613461538461539
0.613461538461539
0.613461538461539
0.613461538461539
0.613461538461539
0.613461538461539
0.613461538461539
0.613461538461539
0.613461538461539
0.613461538461539
0.613461538461539
0.613461538461539
0.613461538461539
0.613461538461539
0.613461538461539
0.613461538461539
0.613461538461539
0.613461538461539
0.613461538461539
0.613461538461539
0.613461538461539
0.613461538461539
0.613461538461539
0.613461538461539
0.613461538461539
0.613461538461539
0.613461538461539
0.613461538461539
0.613461538461539
0.613461538461539
0.613461538461539
0.613461538461539
0.613461538461539
0.613461538461539
0.613461538461539
0.613461538461539
0.613461538461539
0.613461538461539
0.613461538461539
0.613461538461539
0.613461538461539
0.613461538461539
0.613461538461539
0.613461538461539
0.613461538461539
0.613461538461539
0.613461538461539
0.647115384615385
0.647115384615385
0.640384615384615
0.640384615384615
0.617307692307692
0
0
0
0
0
0
0
0
0.624038461538462
0.624038461538462
0.624038461538462
0.624038461538462
0.624038461538462
0.624038461538462
0.624038461538462
0.624038461538462
0.624038461538462
0.624038461538462
0.624038461538462
0.624038461538462
0.624038461538462
0.624038461538462
0.624038461538462
0.624038461538462
0.624038461538462
0.624038461538462
0.624038461538462
0.624038461538462
0.624038461538462
0.624038461538462
0.624038461538462
0.624038461538462
0.624038461538462
0.624038461538462
0.624038461538462
0.624038461538462
0.624038461538462
0.624038461538462
0.624038461538462
0.624038461538462
0.624038461538462
0.624038461538462
0.624038461538462
0.624038461538462
0.624038461538462
0.624038461538462
0.624038461538462
0.624038461538462
0.624038461538462
0.624038461538462
0.624038461538462
0.624038461538462
0.624038461538462
0.624038461538462
0.51025641025641
0.624038461538462
0.624038461538462
0.624038461538462
0.624038461538462
0.624038461538462
0.624038461538462
0.624038461538462
0.624038461538462
0.624038461538462
0.624038461538462
0.624038461538462
0.624038461538462
0.624038461538462
0.624038461538462
0.624038461538462
0.624038461538462
0.624038461538462
0.624038461538462
0.624038461538462
0.624038461538462
0.624038461538462
0.624038461538462
0.624038461538462
0.624038461538462
0.624038461538462
0.624038461538462
0.624038461538462
0.624038461538462
0.624038461538462
0.624038461538462
0.624038461538462
0.624038461538462
0.624038461538462
0.624038461538462
0.624038461538462
0.624038461538462
1.0
0.624038461538462
0.631730769230769
0.631730769230769
0.631730769230769
0.631730769230769
0.624038461538462
0.624038461538462
0.666346153846154
0.666346153846154
0.666346153846154
0.666346153846154
0.666346153846154
0.666346153846154
0.624038461538462
0.624038461538462
0.643269230769231
0.643269230769231
0.620192307692308
0.631730769230769
0.6125
0.6125
0.6125
0.6125
0.6125
0.6125
0.6125
0.6125
0.6125
0.6125
0.6125
0.6125
0.6125
0.6125
0.6125
0.6125
0.6125
0.6125
0.6125
0.6125
0.6125
0.6125
0.6125
0.6125
0.6125
0.6125
0.6125
0.6125
0.764423076923077
1.0
0.666346153846154
0.666346153846154
0.666346153846154
0.666346153846154
0.654807692307692
0.654807692307692
0.647115384615385
0.647115384615385
0.627884615384615
0.624038461538462
0.624038461538462
0.624038461538462
0.624038461538462
0.624038461538462
0.624038461538462
0.624038461538462
0.624038461538462
0.624038461538462
0.624038461538462
0.624038461538462
0.624038461538462
0.624038461538462
0.624038461538462
0.624038461538462
0.624038461538462
0.624038461538462
0.624038461538462
0.624038461538462
0.624038461538462
0.624038461538462
0.873076923076923
0.624038461538462
0.658653846153846
0.666346153846154
0.666346153846154
0.666346153846154
0.666346153846154
0.666346153846154
0.912109375
0.6611328125
0.6611328125
0.6611328125
0.6298828125
0.6298828125
0.6298828125
0.6298828125
0.6298828125
0.6298828125
0.6298828125
0.6298828125
0.6298828125
0.6298828125
0.6298828125
0.6298828125
0.6298828125
0.6298828125
0.6298828125
0.6298828125
0.506510416666667
0.6298828125
0.6298828125
0.6298828125
0.6298828125
0.6298828125
0.6298828125
0.6298828125
0.6298828125
0.6298828125
0.6298828125
0.6298828125
0.6298828125
0.6298828125
0.6298828125
0.6298828125
0.6298828125
0.6298828125
0.6298828125
0.6298828125
0.6298828125
0.6298828125
0.6298828125
0.6298828125
0.6298828125
0.6298828125
0.6298828125
0.6298828125
0.6298828125
0.6298828125
0.6298828125
0.6298828125
0.6298828125
0.6298828125
0.6298828125
0.6298828125
0.6298828125
0.6298828125
0.6298828125
0.6298828125
0.6298828125
0.6298828125
0.6298828125
0.6298828125
0.6298828125
0.6298828125
0.6298828125
0.6298828125
0.6298828125
0.6298828125
0.6298828125
0.6298828125
0.6298828125
0.6298828125
0.6298828125
0.6298828125
0.6298828125
0.6298828125
0.6298828125
0.6298828125
0.6298828125
0.6298828125
0.6298828125
0.6298828125
0.6298828125
0.6298828125
0.6298828125
0.6298828125
0.6298828125
0.6298828125
0.6298828125
0.6298828125
0.6298828125
0.6298828125
0.6298828125
0.6298828125
0.6181640625
0.6181640625
0.6181640625
0.6298828125
0.6298828125
0.6298828125
0.6298828125
0.6181640625
0.6181640625
0.6298828125
0.6767578125
0.6611328125
0.6611328125
1.0
1.0
1.0
1.0
0
0
0
0
0.6181640625
0.6181640625
0.6181640625
0.6181640625
0.6181640625
0.6181640625
0.6181640625
0.6181640625
0.6181640625
0.6181640625
0.6181640625
0.6181640625
0.6181640625
0.6181640625
0.6181640625
0.6181640625
0.490885416666667
0.6181640625
0.6181640625
0.6181640625
0.6181640625
0.6181640625
0.6181640625
0.6181640625
0.6181640625
0.6181640625
0.6181640625
0.6298828125
0.6298828125
0.6298828125
0.6298828125
0.6298828125
0.8779296875
0.6728515625
0.6728515625
0.6728515625
0.6611328125
0.6298828125
0.6298828125
0.6298828125
0.6298828125
0.6298828125
0.6298828125
0.6298828125
0.6298828125
0.6298828125
0.6494140625
0.6494140625
0.6494140625
0.6494140625
0.92578125
0.6611328125
0.6728515625
0.6728515625
0.6728515625
0.6728515625
0.6298828125
0.6298828125
0.6298828125
0.6298828125
0.6298828125
0.6298828125
0.6298828125
0.6298828125
0.6298828125
0.6298828125
0.6298828125
0.6298828125
0.6298828125
0.6298828125
0.6298828125
0.6298828125
0.6298828125
0.6298828125
0.6298828125
0.6298828125
0.6298828125
0.6298828125
0.6298828125
0.6298828125
0.6298828125
0.6298828125
0.6298828125
0.6298828125
0.6298828125
0.6298828125
0.6298828125
0.6298828125
0.6298828125
0.6298828125
0.6298828125
0.6298828125
0.6298828125
0.6298828125
0.6298828125
0.6298828125
0.6298828125
0.6298828125
0.6298828125
0.6298828125
0.6298828125
0.6298828125
0.6298828125
0.6298828125
0.6298828125
0.6298828125
0.8193359375
0.6728515625
0.6728515625
0.6728515625
0.6396484375
0.6298828125
0.6416015625
0.6416015625
0.6416015625
0.6416015625
0.6298828125
0.6298828125
0.6298828125
0.6298828125
0.6298828125
0.6298828125
0.96875
0.6298828125
0.6298828125
0.6298828125
0.6298828125
0.6298828125
0.6298828125
0.6298828125
0.6298828125
0.6298828125
0.6298828125
0.6298828125
0.6298828125
0.6416015625
0.6416015625
0.634765625
0.634765625
0.611328125
0.611328125
0.611328125
0.611328125
0.611328125
0.611328125
0.611328125
0.611328125
1.0
0.6181640625
0.6181640625
0.6181640625
0.6181640625
0.6181640625
0.6181640625
0.6181640625
0.6181640625
0.6181640625
0.6181640625
0.6181640625
0.6181640625
0.6181640625
0.6181640625
0.6181640625
0.6181640625
0.6181640625
0.6181640625
0.6181640625
0.6181640625
0.6181640625
0.6181640625
0.6181640625
0.6181640625
0.6181640625
0.6181640625
0.6181640625
0.6181640625
0.6181640625
0.6181640625
0.6181640625
0.6181640625
0.6181640625
0.6181640625
0.6181640625
0.6181640625
0.6181640625
0.6181640625
0.6181640625
0.6181640625
0.6181640625
0.6181640625
0.6181640625
0.6181640625
0.6181640625
0.6181640625
0.6181640625
0.6181640625
0.6416015625
0.6845703125
0.6728515625
0.6728515625
0.6728515625
0.6181640625
0.6181640625
0.6181640625
0.6181640625
0.6181640625
0.6181640625
0.6181640625
0.6181640625
0.6181640625
0.6181640625
0.6181640625
0.6181640625
0.6181640625
0.6181640625
0.6181640625
0.6181640625
0.6181640625
0.6181640625
0.6181640625
0.6181640625
0.6181640625
0.6181640625
0.6181640625
0.6181640625
0.6181640625
0.6181640625
0.6181640625
0.6181640625
0.6181640625
0.6181640625
0.6181640625
0.6181640625
0.6181640625
0.6181640625
0.6181640625
0.6181640625
0.6181640625
0.6181640625
0.6181640625
0.6181640625
0.6357421875
0.6357421875
0.6357421875
0.6181640625
0.6181640625
0.6181640625
0.6181640625
0.6181640625
0.6181640625
0.6181640625
0.6181640625
0.6181640625
0.6181640625
0.6181640625
0.6181640625
0.6181640625
0.6181640625
0.6181640625
0.6181640625
0.6181640625
0.6181640625
0.6181640625
0.6181640625
0.6181640625
0.6181640625
0.6181640625
0.6181640625
0.6181640625
0.6181640625
0.6181640625
0.6181640625
0.7841796875
0.6279296875
0.6279296875
0.6279296875
0.6279296875
0.6181640625
0.6611328125
0.6611328125
0.6611328125
0.6611328125
0.6181640625
0.6181640625
0.6181640625
0.6181640625
0.6181640625
0.6181640625
0.6181640625
0.6181640625
0.6181640625
0.6181640625
0.6181640625
0.6181640625
0.6181640625
0.6181640625
0.6181640625
0.6181640625
0.6181640625
0.6181640625
0.6181640625
0.6181640625
0.6181640625
0.6181640625
0.6181640625
0.6181640625
0.6181640625
0.6181640625
0.6181640625
0.6181640625
0.6181640625
0.6181640625
0.6181640625
0.6181640625
0.6181640625
0.6181640625
0.6181640625
0.6181640625
0.6181640625
0.6181640625
0.6181640625
0.6181640625
0.6181640625
0.6181640625
0.6181640625
0.6181640625
0.6181640625
0.6181640625
0.6181640625
0.6181640625
0.6181640625
0.6181640625
0.6181640625
0.6181640625
0.6181640625
0.6181640625
0.6181640625
0.6181640625
0.6181640625
0.6181640625
0.6181640625
0.6181640625
0.6181640625
0.6181640625
0.6181640625
0.6181640625
0.6181640625
0.6181640625
0.6181640625
0.6181640625
0.6181640625
0.6181640625
1.0
0.6181640625
0.6181640625
0.6181640625
0.6181640625
0.6181640625
0.6181640625
0.648111979166667
0.648111979166667
0.648111979166667
0.6494140625
0.6494140625
0.6494140625
0.6455078125
0.6181640625
0.6181640625
0.6181640625
0.6181640625
0.6181640625
0.6181640625
0.6181640625
0.6181640625
0.6181640625
0.6181640625
1.0
0
0
0
0
0
0
0
0.6181640625
0.6181640625
0.6181640625
0.6181640625
0.6181640625
0.6181640625
0.6181640625
0.6181640625
0.6181640625
0.6181640625
0.6181640625
0
0
0.54296875
0.6376953125
0.6376953125
0.6494140625
0.6494140625
0.6064453125
0.6064453125
0.6064453125
0.6064453125
0.835286458333333
0.881184895833333
0.781901041666667
0.643880208333333
0.639973958333333
0.630859375
0.623046875
0.615234375
0.615234375
0.615234375
0.615234375
0.615234375
0.615234375
0.615234375
0.615234375
0.615234375
0.877278645833333
0.877278645833333
0.638671875
0.638671875
0.630859375
0.630859375
0.615234375
0.615234375
0.615234375
0.615234375
0.615234375
0.615234375
0.615234375
0.615234375
0.615234375
0.615234375
0.615234375
0.615234375
0.615234375
0.615234375
0.615234375
0.615234375
0.6298828125
0.6298828125
0.6298828125
0.6220703125
0.6220703125
0.6220703125
0.6220703125
0.6220703125
0.6220703125
0.6220703125
0.6220703125
0.6220703125
0.6201171875
0.6220703125
0.6220703125
0.6220703125
0.6220703125
0.6220703125
0.6220703125
0.6220703125
0.6220703125
0.6220703125
0.6220703125
0.6220703125
0.6220703125
0.6220703125
0.6220703125
0.6220703125
0.5
0.49609375
0.6220703125
0.6220703125
0.6220703125
0.6220703125
0.6220703125
0.6220703125
0.6220703125
0.6220703125
0.6220703125
0.6220703125
0.6220703125
0.6220703125
0.51171875
0.3759765625
0.3896484375
0.3896484375
0.6220703125
0.6220703125
0.6220703125
0.6220703125
0.6220703125
0.6220703125
0.6220703125
0.6220703125
0.6220703125
0.6220703125
0.6220703125
0.6220703125
0.6220703125
0.6220703125
0.6220703125
0.6220703125
0.6220703125
0.6220703125
0.6220703125
0.6220703125
0.6220703125
0.6220703125
0.6220703125
0.6220703125
0.6220703125
0.6220703125
0.6220703125
0.6220703125
0.6220703125
0.6220703125
0.6015625
0.6015625
0.6015625
0.603515625
0.603515625
0.603515625
0.603515625
0.603515625
0.603515625
0.603515625
0.603515625
0.603515625
0.603515625
0.603515625
0.603515625
0.603515625
0.603515625
0.603515625
0.603515625
0.603515625
0.603515625
0.603515625
0.603515625
0.603515625
0.603515625
0.603515625
0.603515625
0.603515625
0.603515625
0.603515625
0.603515625
0.603515625
0.603515625
0.603515625
0.603515625
0.603515625
0.603515625
0.603515625
0.603515625
0.603515625
0.79296875
0.6181640625
0.6181640625
0.6181640625
0.6181640625
0.6181640625
0.6181640625
0.637044270833333
0.6513671875
0.6513671875
0.6513671875
0.6513671875
0.6513671875
0.6513671875
0.6181640625
0.6181640625
0.6181640625
0.6181640625
0.6181640625
0.6181640625
0.6181640625
0.6181640625
0.6181640625
0.6181640625
0.6181640625
0.98828125
0.6201171875
0.6396484375
0.6396484375
0.6396484375
0.6396484375
0.6181640625
0.6181640625
0.6181640625
0.6181640625
0.6181640625
0.6181640625
0.6181640625
0.6181640625
0.6181640625
0.6181640625
0.6181640625
0.6181640625
0.6181640625
0.6181640625
0.6181640625
0.6298828125
0.6181640625
0.6181640625
0.6181640625
0.6181640625
0.6181640625
0.6181640625
0.6181640625
0.6181640625
0.6181640625
0.6181640625
0.6181640625
0.6181640625
0.6181640625
0.6181640625
0.6181640625
0.6181640625
0.6181640625
0.6181640625
0.6181640625
0.6181640625
0.6181640625
0.6181640625
0.6181640625
0.6181640625
0.6181640625
0.6181640625
0.6181640625
0.6181640625
0.6181640625
0.6181640625
0.6181640625
0.6181640625
0.490885416666667
0.490885416666667
0.490885416666667
0.490699404761905
0
0
0
0
0
0
0
0
0
0
0
0
0
0
0
0
0
0
0
0
0
0
0
0
0
0
0
0
0
0
0
0
0
0
0
0
0
0.624007936507937
0.624007936507937
0.624007936507937
0.624007936507937
0.624007936507937
0.624007936507937
0.624007936507937
0.624007936507937
0.624007936507937
0.624007936507937
0.810515873015873
0.810515873015873
0
0
0
0
0
0
0
0
0
0
0
0
0
0
0
0
0
0
0
0
0
0
0
0
0
0
0
0
0
0
0
0
0
0
0
0
0
0
0
0
0
0
0
0
0
0
0
0
0
0
0
0
0
0
0
