0.423828125
0.423828125
0.423828125
0.423828125
0.423828125
0.423828125
0.423828125
0.423828125
0.423828125
0.423828125
0.423828125
0.423828125
0.423828125
0.423828125
0.423828125
0.423828125
0.423828125
0.423828125
0.423828125
0.423828125
0.423828125
0.423828125
0.423828125
0.423828125
0.423828125
0.423828125
0.423828125
0.423828125
0.423828125
0.423828125
0.423828125
0.423828125
0.423828125
0.423828125
0.423828125
0.423828125
0.435546875
0.435546875
0.435546875
0.435546875
0.435546875
0.435546875
0.435546875
0.435546875
0.435546875
0.435546875
0.435546875
0.435546875
0.435546875
0.435546875
0.555989583333333
0.435546875
0.435546875
0.435546875
0.435546875
0.435546875
0.435546875
0.435546875
0.435546875
0.435546875
0.435546875
0.435546875
0.435546875
0.435546875
0.435546875
0.435546875
0.435546875
0.443359375
0.443359375
0.443359375
0.443359375
0.443359375
0.443359375
0.443359375
0.443359375
0.443359375
0.443359375
0.443359375
0.443359375
0.443359375
0.443359375
0.443359375
0.443359375
0.443359375
0.443359375
0.443359375
0.443359375
0.443359375
0.443359375
0.443359375
0.443359375
0.443359375
0.443359375
0.443359375
0.443359375
0.443359375
0.438492063492063
0.438492063492063
0.438492063492063
0.438492063492063
0.438492063492063
0.438492063492063
0.438492063492063
0.438492063492063
0.438492063492063
0.438492063492063
0.438492063492063
0.438492063492063
0.438492063492063
0.0
0.0
0.0
0.0
0.0
0.0
0.0
0.327050264550265
0.364087301587302
0.364087301587302
0.364087301587302
0.364087301587302
0.364087301587302
0.364087301587302
0.364087301587302
0.364087301587302
0.364087301587302
0.364087301587302
0.364087301587302
0.364087301587302
0.364087301587302
0.364087301587302
0.364087301587302
0.364087301587302
0.364087301587302
0.364087301587302
0.364087301587302
0.364087301587302
0.364087301587302
0.360119047619048
0.356150793650794
0.356150793650794
0.360119047619048
0.360119047619048
0.360119047619048
0.360119047619048
0.360119047619048
0.360119047619048
0.360119047619048
0.360119047619048
0.360119047619048
0.360119047619048
0.360119047619048
0.360119047619048
0.360119047619048
0.360119047619048
0.360119047619048
0.360119047619048
0.360119047619048
0.360119047619048
0.360119047619048
0.360119047619048
0.360119047619048
0.360119047619048
0.360119047619048
0.360119047619048
0.360119047619048
0.360119047619048
0.360119047619048
0.360119047619048
0.360119047619048
0.360119047619048
0.360119047619048
0.360119047619048
0.360119047619048
0.360119047619048
0.360119047619048
0.360119047619048
0.360119047619048
0.360119047619048
0.360119047619048
0.360119047619048
0.360119047619048
0.360119047619048
0.360119047619048
0.360119047619048
0.360119047619048
0.360119047619048
0.360119047619048
0.360119047619048
0.360119047619048
0.360119047619048
0.360119047619048
0.3544921875
0.3544921875
0.3544921875
0.3544921875
0.3544921875
0.3544921875
0.3544921875
0.3544921875
0.3544921875
0.3544921875
0.3544921875
0.3544921875
0.3544921875
0.3544921875
0.3544921875
0.3544921875
0.3544921875
0.3544921875
0.3544921875
0.3544921875
0.462239583333333
0.3505859375
0.3505859375
0.3505859375
0.3505859375
0.3505859375
0.134440104166667
0.3544921875
0.3623046875
0.3505859375
0.3662109375
0.3779296875
0.3779296875
0.3779296875
0.3779296875
0.134440104166667
0.403971354166667
0.403971354166667
0.403971354166667
0.4130859375
0.4130859375
0.4130859375
0.4130859375
0.4130859375
0.4130859375
0.4130859375
0.4130859375
0.4130859375
0.3154296875
0.322265625
0.345703125
0.345703125
0.369140625
0.369140625
0.369140625
0.369140625
0.369140625
0.369140625
0.369140625
0.369140625
0.369140625
0.369140625
0.369140625
0.369140625
0.369140625
0.369140625
0.369140625
0.369140625
0.369140625
0.369140625
0.369140625
0.369140625
0.369140625
0.369140625
0.369140625
0.369140625
0.369140625
0.369140625
0.369140625
0.369140625
0.369140625
0.369140625
0.369140625
0.369140625
0.369140625
0.373046875
0.373046875
0.373046875
0.373046875
0.373046875
0.373046875
0.373046875
0.373046875
0.373046875
0.373046875
0.373046875
0.378846153846154
0.378846153846154
0.378846153846154
0.378846153846154
0.378846153846154
0.378846153846154
0.378846153846154
0.378846153846154
0.378846153846154
0.378846153846154
0.378846153846154
0.378846153846154
0.378846153846154
0.378846153846154
0.378846153846154
0.378846153846154
0.378846153846154
0.378846153846154
0.378846153846154
0.378846153846154
0.378846153846154
0.378846153846154
0.378846153846154
0.378846153846154
0.382692307692308
0.382692307692308
0.382692307692308
0.378846153846154
0.360576923076923
0.360576923076923
0.407875457875458
0.34532967032967
0.413553113553114
0.0912087912087912
0.0769230769230769
0.0192307692307692
0.0192307692307692
0.0192307692307692
0.232051282051282
0.217948717948718
0.350641025641026
0.350641025641026
0.350641025641026
0.354487179487179
0.382692307692308
0.382692307692308
0.382692307692308
0.382692307692308
0.382692307692308
0.386538461538462
0.386538461538462
0.386538461538462
0.386538461538462
0.386538461538462
0.386538461538462
0.386538461538462
0.386538461538462
0.386538461538462
0.386538461538462
0.386538461538462
0.386538461538462
0.386538461538462
0.386538461538462
0.386538461538462
0.386538461538462
0.386538461538462
0.386538461538462
0.386538461538462
0.386538461538462
0.386538461538462
0.386538461538462
0.386538461538462
0.386538461538462
0.386538461538462
0.386538461538462
0.386538461538462
0.386538461538462
0.386538461538462
0.386538461538462
0.386538461538462
0.386538461538462
0.386538461538462
0.386538461538462
0.386538461538462
0.386538461538462
0.386538461538462
0.386538461538462
0.386538461538462
0.386538461538462
0.386538461538462
0.386538461538462
0.386538461538462
0.386538461538462
0.386538461538462
0.386538461538462
0.386538461538462
0.386538461538462
0.386538461538462
0.386538461538462
0.386538461538462
0.386538461538462
0.386538461538462
0.386538461538462
0.386538461538462
0.352884615384615
0.352884615384615
0.359615384615385
0.359615384615385
0.382692307692308
0.0
0.0
0.0
0.0
0.0
0.0
0.0
0.0
0.372115384615385
0.372115384615385
0.372115384615385
0.372115384615385
0.372115384615385
0.372115384615385
0.372115384615385
0.372115384615385
0.372115384615385
0.372115384615385
0.372115384615385
0.372115384615385
0.372115384615385
0.372115384615385
0.372115384615385
0.372115384615385
0.372115384615385
0.372115384615385
0.372115384615385
0.372115384615385
0.372115384615385
0.372115384615385
0.372115384615385
0.372115384615385
0.372115384615385
0.372115384615385
0.372115384615385
0.372115384615385
0.372115384615385
0.372115384615385
0.372115384615385
0.372115384615385
0.372115384615385
0.372115384615385
0.372115384615385
0.372115384615385
0.372115384615385
0.372115384615385
0.372115384615385
0.372115384615385
0.372115384615385
0.372115384615385
0.372115384615385
0.372115384615385
0.372115384615385
0.372115384615385
0.474358974358974
0.372115384615385
0.372115384615385
0.372115384615385
0.372115384615385
0.372115384615385
0.372115384615385
0.372115384615385
0.372115384615385
0.372115384615385
0.372115384615385
0.372115384615385
0.372115384615385
0.372115384615385
0.372115384615385
0.372115384615385
0.372115384615385
0.372115384615385
0.372115384615385
0.372115384615385
0.372115384615385
0.372115384615385
0.372115384615385
0.372115384615385
0.372115384615385
0.372115384615385
0.372115384615385
0.372115384615385
0.372115384615385
0.372115384615385
0.372115384615385
0.372115384615385
0.372115384615385
0.372115384615385
0.372115384615385
0.372115384615385
0.372115384615385
0.075
0.372115384615385
0.364423076923077
0.364423076923077
0.364423076923077
0.364423076923077
0.372115384615385
0.372115384615385
0.329807692307692
0.329807692307692
0.329807692307692
0.329807692307692
0.329807692307692
0.329807692307692
0.372115384615385
0.372115384615385
0.333653846153846
0.345192307692308
0.368269230769231
0.368269230769231
0.3875
0.3875
0.3875
0.3875
0.3875
0.3875
0.3875
0.3875
0.3875
0.3875
0.3875
0.3875
0.3875
0.3875
0.3875
0.3875
0.3875
0.3875
0.3875
0.3875
0.3875
0.3875
0.3875
0.3875
0.3875
0.3875
0.3875
0.3875
0.252884615384615
0.0403846153846154
0.333653846153846
0.333653846153846
0.333653846153846
0.3375
0.349038461538462
0.349038461538462
0.356730769230769
0.356730769230769
0.375961538461538
0.379807692307692
0.379807692307692
0.379807692307692
0.379807692307692
0.379807692307692
0.379807692307692
0.379807692307692
0.379807692307692
0.379807692307692
0.379807692307692
0.379807692307692
0.379807692307692
0.379807692307692
0.379807692307692
0.379807692307692
0.379807692307692
0.379807692307692
0.379807692307692
0.379807692307692
0.379807692307692
0.379807692307692
0.176923076923077
0.379807692307692
0.345192307692308
0.3375
0.3375
0.3375
0.3375
0.3375
0.146484375
0.3388671875
0.3388671875
0.3388671875
0.3701171875
0.3701171875
0.3701171875
0.3701171875
0.3701171875
0.3701171875
0.3701171875
0.3701171875
0.3701171875
0.3701171875
0.3701171875
0.3701171875
0.3701171875
0.3701171875
0.3701171875
0.3701171875
0.477864583333333
0.3623046875
0.3623046875
0.3623046875
0.3623046875
0.3701171875
0.3701171875
0.3701171875
0.3701171875
0.3701171875
0.3701171875
0.3701171875
0.3701171875
0.3701171875
0.3701171875
0.3701171875
0.3701171875
0.3701171875
0.3701171875
0.3701171875
0.3701171875
0.3701171875
0.3701171875
0.3701171875
0.3701171875
0.3701171875
0.3701171875
0.3701171875
0.3701171875
0.3701171875
0.3701171875
0.3701171875
0.3701171875
0.3701171875
0.3701171875
0.3701171875
0.3701171875
0.3701171875
0.3701171875
0.3701171875
0.3701171875
0.3701171875
0.3701171875
0.3701171875
0.3701171875
0.3701171875
0.3701171875
0.3701171875
0.3701171875
0.3701171875
0.3701171875
0.3701171875
0.3701171875
0.3701171875
0.3701171875
0.3701171875
0.3701171875
0.3701171875
0.3701171875
0.3701171875
0.3701171875
0.3701171875
0.3701171875
0.3701171875
0.3701171875
0.3701171875
0.3701171875
0.3701171875
0.3701171875
0.3701171875
0.3701171875
0.3701171875
0.3701171875
0.3701171875
0.3701171875
0.3701171875
0.3857421875
0.3857421875
0.3857421875
0.3740234375
0.3740234375
0.3740234375
0.3740234375
0.3857421875
0.3857421875
0.3740234375
0.3310546875
0.3427734375
0.3427734375
0.0625
0.0625
0.0625
0.0625
0.0
0.0
0.0
0.0
0.3779296875
0.3779296875
0.3779296875
0.3779296875
0.3779296875
0.3779296875
0.3779296875
0.3779296875
0.3779296875
0.3779296875
0.3779296875
0.3779296875
0.3779296875
0.3779296875
0.3779296875
0.3779296875
0.493489583333333
0.3779296875
0.3779296875
0.3896484375
0.3896484375
0.3896484375
0.3896484375
0.3896484375
0.3896484375
0.3896484375
0.3896484375
0.3779296875
0.3779296875
0.3779296875
0.3779296875
0.3779296875
0.1826171875
0.3349609375
0.3349609375
0.3349609375
0.3466796875
0.3779296875
0.3779296875
0.3779296875
0.3779296875
0.3779296875
0.3779296875
0.3779296875
0.3779296875
0.3779296875
0.3583984375
0.3583984375
0.3583984375
0.3583984375
0.1640625
0.3466796875
0.3349609375
0.3349609375
0.3349609375
0.3349609375
0.3779296875
0.3779296875
0.3779296875
0.3779296875
0.3779296875
0.3779296875
0.3779296875
0.3779296875
0.3779296875
0.3779296875
0.3779296875
0.3779296875
0.3779296875
0.3779296875
0.3779296875
0.3779296875
0.3779296875
0.3779296875
0.3779296875
0.3779296875
0.3779296875
0.3779296875
0.3779296875
0.3779296875
0.3779296875
0.3779296875
0.3779296875
0.3779296875
0.3779296875
0.3779296875
0.3779296875
0.3779296875
0.3779296875
0.3779296875
0.3779296875
0.3779296875
0.3779296875
0.3779296875
0.3779296875
0.3779296875
0.3779296875
0.3779296875
0.3779296875
0.3779296875
0.3779296875
0.3779296875
0.3779296875
0.3779296875
0.3779296875
0.3779296875
0.2470703125
0.3349609375
0.3349609375
0.3349609375
0.3681640625
0.3779296875
0.3662109375
0.3662109375
0.3662109375
0.3662109375
0.3779296875
0.3779296875
0.3779296875
0.3779296875
0.3779296875
0.3779296875
0.13671875
0.3779296875
0.3779296875
0.3779296875
0.3779296875
0.3779296875
0.3779296875
0.3779296875
0.3779296875
0.3779296875
0.3779296875
0.3779296875
0.3779296875
0.3662109375
0.3662109375
0.373046875
0.373046875
0.396484375
0.396484375
0.396484375
0.396484375
0.396484375
0.396484375
0.396484375
0.396484375
0.078125
0.3896484375
0.3896484375
0.3896484375
0.3896484375
0.3896484375
0.3896484375
0.3896484375
0.3896484375
0.3896484375
0.3896484375
0.3896484375
0.3896484375
0.3896484375
0.3896484375
0.3896484375
0.3896484375
0.3896484375
0.3896484375
0.3896484375
0.3896484375
0.3896484375
0.3896484375
0.3896484375
0.3896484375
0.3896484375
0.3896484375
0.3896484375
0.3896484375
0.3896484375
0.3896484375
0.3896484375
0.3896484375
0.3896484375
0.3896484375
0.3896484375
0.3896484375
0.3896484375
0.3896484375
0.3896484375
0.3896484375
0.3896484375
0.3896484375
0.3896484375
0.3896484375
0.3896484375
0.3896484375
0.3896484375
0.3896484375
0.3583984375
0.3154296875
0.3271484375
0.3271484375
0.3271484375
0.3818359375
0.3818359375
0.3818359375
0.3818359375
0.3818359375
0.3818359375
0.3818359375
0.3818359375
0.3818359375
0.3818359375
0.3818359375
0.3818359375
0.3818359375
0.3818359375
0.3818359375
0.3818359375
0.3818359375
0.3818359375
0.3818359375
0.3818359375
0.3818359375
0.3818359375
0.3818359375
0.3818359375
0.3818359375
0.3818359375
0.3818359375
0.3818359375
0.3818359375
0.3818359375
0.3818359375
0.3818359375
0.3818359375
0.3818359375
0.3818359375
0.3818359375
0.3818359375
0.3818359375
0.3818359375
0.3818359375
0.3642578125
0.3642578125
0.3642578125
0.3818359375
0.3818359375
0.3818359375
0.3818359375
0.3818359375
0.3818359375
0.3818359375
0.3818359375
0.3818359375
0.3818359375
0.3818359375
0.3818359375
0.3818359375
0.3818359375
0.3818359375
0.3818359375
0.3818359375
0.3818359375
0.3818359375
0.3818359375
0.3818359375
0.3818359375
0.3818359375
0.3818359375
0.3818359375
0.3818359375
0.3818359375
0.3818359375
0.2509765625
0.3720703125
0.3720703125
0.3720703125
0.3720703125
0.3818359375
0.3388671875
0.3388671875
0.3388671875
0.3388671875
0.3818359375
0.3818359375
0.3818359375
0.3818359375
0.3818359375
0.3818359375
0.3818359375
0.3818359375
0.3818359375
0.3818359375
0.3818359375
0.3818359375
0.3818359375
0.3818359375
0.3818359375
0.3818359375
0.3818359375
0.3818359375
0.3818359375
0.3818359375
0.3818359375
0.3818359375
0.3818359375
0.3818359375
0.3818359375
0.3818359375
0.3818359375
0.3818359375
0.3818359375
0.3818359375
0.3818359375
0.3818359375
0.3818359375
0.3818359375
0.3818359375
0.3818359375
0.3818359375
0.3818359375
0.3818359375
0.3818359375
0.3818359375
0.3818359375
0.3818359375
0.3818359375
0.3818359375
0.3818359375
0.3818359375
0.3818359375
0.3818359375
0.3818359375
0.3818359375
0.3818359375
0.3818359375
0.3818359375
0.3818359375
0.3818359375
0.3818359375
0.3818359375
0.3818359375
0.3818359375
0.3818359375
0.3818359375
0.3818359375
0.3818359375
0.3818359375
0.3818359375
0.3818359375
0.3818359375
0.3818359375
0.3818359375
0.08203125
0.3818359375
0.3818359375
0.3818359375
0.3818359375
0.3818359375
0.3818359375
0.351888020833333
0.351888020833333
0.351888020833333
0.3505859375
0.3505859375
0.3505859375
0.3544921875
0.3818359375
0.3818359375
0.3818359375
0.3818359375
0.3818359375
0.3818359375
0.3818359375
0.3818359375
0.3818359375
0.3818359375
0.046875
0.0
0.0
0.0
0.0
0.0
0.0
0.0
0.3779296875
0.3779296875
0.3779296875
0.3779296875
0.3779296875
0.3779296875
0.3779296875
0.3779296875
0.3779296875
0.3779296875
0.3779296875
0.0
0.0
0.5546875
0.3388671875
0.3505859375
0.3505859375
0.3544921875
0.3974609375
0.3974609375
0.3974609375
0.3974609375
0.223307291666667
0.138346354166667
0.261067708333333
0.360026041666667
0.363932291666667
0.373046875
0.380859375
0.388671875
0.388671875
0.388671875
0.388671875
0.388671875
0.388671875
0.388671875
0.388671875
0.388671875
0.142252604166667
0.142252604166667
0.365234375
0.365234375
0.373046875
0.373046875
0.388671875
0.388671875
0.388671875
0.388671875
0.388671875
0.388671875
0.388671875
0.388671875
0.388671875
0.388671875
0.388671875
0.388671875
0.388671875
0.388671875
0.388671875
0.388671875
0.3740234375
0.3740234375
0.3740234375
0.3818359375
0.3818359375
0.3818359375
0.3818359375
0.3818359375
0.3818359375
0.3818359375
0.3818359375
0.3818359375
0.3876953125
0.3779296875
0.3779296875
0.3779296875
0.3779296875
0.3779296875
0.3779296875
0.3779296875
0.3779296875
0.3779296875
0.3779296875
0.3779296875
0.3779296875
0.3779296875
0.3779296875
0.3779296875
0.484375
0.48828125
0.3779296875
0.3779296875
0.3779296875
0.3779296875
0.3779296875
0.3779296875
0.3779296875
0.3779296875
0.3779296875
0.3779296875
0.3779296875
0.3779296875
0.47265625
0.3779296875
0.3662109375
0.3662109375
0.3740234375
0.3740234375
0.3740234375
0.3740234375
0.3740234375
0.3740234375
0.3740234375
0.3740234375
0.3740234375
0.3740234375
0.3740234375
0.3740234375
0.3740234375
0.3740234375
0.3740234375
0.3740234375
0.3740234375
0.3740234375
0.3740234375
0.3740234375
0.3740234375
0.3740234375
0.3740234375
0.3740234375
0.3740234375
0.3740234375
0.3740234375
0.3740234375
0.3740234375
0.3740234375
0.39453125
0.39453125
0.39453125
0.392578125
0.392578125
0.392578125
0.392578125
0.392578125
0.392578125
0.392578125
0.392578125
0.392578125
0.392578125
0.392578125
0.392578125
0.392578125
0.392578125
0.392578125
0.392578125
0.392578125
0.392578125
0.392578125
0.392578125
0.392578125
0.392578125
0.392578125
0.392578125
0.392578125
0.392578125
0.396484375
0.380859375
0.380859375
0.392578125
0.392578125
0.392578125
0.392578125
0.392578125
0.392578125
0.392578125
0.392578125
0.234375
0.3779296875
0.3779296875
0.3779296875
0.3779296875
0.3779296875
0.3779296875
0.359049479166667
0.3447265625
0.3447265625
0.3447265625
0.3447265625
0.3486328125
0.3486328125
0.3818359375
0.3818359375
0.3818359375
0.3818359375
0.3818359375
0.3818359375
0.3818359375
0.3779296875
0.3779296875
0.3779296875
0.3818359375
0.11328125
0.3798828125
0.3603515625
0.3603515625
0.3603515625
0.3603515625
0.3818359375
0.3818359375
0.3818359375
0.3818359375
0.3818359375
0.3818359375
0.3818359375
0.3818359375
0.3818359375
0.3818359375
0.3701171875
0.3818359375
0.3818359375
0.3818359375
0.3701171875
0.3701171875
0.3818359375
0.3818359375
0.3701171875
0.3701171875
0.3701171875
0.3701171875
0.3701171875
0.3701171875
0.3701171875
0.3701171875
0.3701171875
0.3701171875
0.3701171875
0.3701171875
0.3701171875
0.3701171875
0.3701171875
0.3701171875
0.3701171875
0.3701171875
0.3701171875
0.3701171875
0.3701171875
0.3701171875
0.3701171875
0.3701171875
0.3701171875
0.3701171875
0.3740234375
0.3740234375
0.3740234375
0.3740234375
0.477864583333333
0.477864583333333
0.477864583333333
0.478050595238095
0.0
0.0
0.0
0.0
0.0
0.0
0.0
0.0
0.0
0.0
0.0
0.0
0.0
0.0
0.0
0.0
0.0
0.0
0.0
0.0
0.0
0.0
0.0
0.0
0.0
0.0
0.0
0.0
0.0
0.0
0.0
0.0
0.0
0.0
0.0
0.0
0.0
0.370039682539683
0.370039682539683
0.370039682539683
0.370039682539683
0.370039682539683
0.370039682539683
0.370039682539683
0.370039682539683
0.370039682539683
0.370039682539683
0.185515873015873
0.185515873015873
0.0
0.0
0.0
0.0
0.0
0.0
0.0
0.0
0.0
0.0
0.0
0.0
0.0
0.0
0.0
0.0
0.0
0.0
0.0
0.0
0.0
0.0
0.0
0.0
0.0
0.0
0.0
0.0
0.0
0.0
0.0
0.0
0.0
0.0
0.0
0.0
0.0
0.0
0.0
0.0
0.0
0.0
0.0
0.0
0.0
0.0
0.0
0.0
0.0
0.0
0.0
0.0
0.0
0.0
0.0