0.000606561896884478
0.000606561896884478
0.000606561896884478
0.000606561896884478
0.000606561896884478
0.000606561896884478
0.000606561896884478
0.000606561896884478
0.000606561896884478
0.000606561896884478
0.000606561896884478
0.000606561896884478
0.000606561896884478
0.000606561896884478
0.000606561896884478
0.000606561896884478
0.000606561896884478
0.000606783414206934
0.000606989108863501
0.000606997020196446
0.000606997020196446
0.000606997020196446
0.000606997020196446
0.000606997020196446
0.000606997020196446
0.000606561896884478
0.000606561896884478
0.000606561896884478
0.000606561896884478
0.000606561896884478
0.000606561896884478
0.000606561896884478
0.000606561896884478
0.000606561896884478
0.000606561896884478
0.000606561896884478
0.000606561896884478
0.000606561896884478
0.000606561896884478
0.000606561896884478
0.000606561896884478
0.000606561896884478
0.000606561896884478
0.000606561896884478
0.000606561896884478
0.000606561896884478
0.000606561896884478
0.000606561896884478
0.000606561896884478
0.000606561896884478
0.000606561896884478
0.000606561896884478
0.000606561896884478
0.000606561896884478
0.000606561896884478
0.000606561896884478
0.000606561896884478
0.000606561896884478
0.000606561896884478
0.000606561896884478
0.000606561896884478
0.000606561896884478
0.000606561896884478
0.000606561896884478
0.000606561896884478
0.000606561896884478
0.000606561896884478
0.000606561896884478
0.000606561896884478
0.000606561896884478
0.000606561896884478
0.000606561896884478
0.000606561896884478
0.000606561896884478
0.000606561896884478
0.000606561896884478
0.000606561896884478
0.000606561896884478
0.000606561896884478
0.000606561896884478
0.000606561896884478
0.000606561896884478
0.000606561896884478
0.000606561896884478
0.000606561896884478
0.000606561896884478
0.000606561896884478
0.000606561896884478
0.000606561896884478
0.000606561896884478
0.000606561896884478
0.000606561896884478
0.000606561896884478
0.000606561896884478
0.000606561896884478
0.000606561896884478