0.00242074525547474
0.00242074525547474
0.00242074525547474
0.00242074525547474
0.00242074525547474
0.00242074525547474
0.00242074525547474
0.00242074525547474
0.00242074525547474
0.00242074525547474
0.00242074525547474
0.00242074525547474
0.00242074525547474
0.00242074525547474
0.00242074525547474
0.00242074525547474
0.00242074525547474
0.00242146123110625
0.00242241456376416
0.00242248181009419
0.00242248181009419
0.00242248181009419
0.00242248181009419
0.00242248181009419
0.00242248181009419
0.00242074525547474
0.00242074525547474
0.00242074525547474
0.00242074525547474
0.00242074525547474
0.00242074525547474
0.00242074525547474
0.00242074525547474
0.00242074525547474
0.00242074525547474
0.00242074525547474
0.00242074525547474
0.00242074525547474
0.00242074525547474
0.00242074525547474
0.00242074525547474
0.00242074525547474
0.00242074525547474
0.00242074525547474
0.00242074525547474
0.00242074525547474
0.00242074525547474
0.00242074525547474
0.00242074525547474
0.00242074525547474
0.00242074525547474
0.00242074525547474
0.00242074525547474
0.00242074525547474
0.00242074525547474
0.00242074525547474
0.00242074525547474
0.00242074525547474
0.00242074525547474
0.00242074525547474
0.00242074525547474
0.00242074525547474
0.00242074525547474
0.00242074525547474
0.00242074525547474
0.00242074525547474
0.00242074525547474
0.00242074525547474
0.00242074525547474
0.00242074525547474
0.00242074525547474
0.00242074525547474
0.00242074525547474
0.00242074525547474
0.00242074525547474
0.00242074525547474
0.00242074525547474
0.00242074525547474
0.00242074525547474
0.00242074525547474
0.00242074525547474
0.00242074525547474
0.00242074525547474
0.00242074525547474
0.00241798815594345
0.00241798815594345
0.00241798815594345
0.00241798815594345
0.00241798815594345
0.00241798815594345
0.00242074525547474
0.00242074525547474
0.00242074525547474
0.00242074525547474
0.00242074525547474
0.00242074525547474
