0.0427846166887099
0.0427846166887099
0.0418091205669688
0.0418091205669688
0.0420292290128838
0.0427239604990215
0.0428177018830854
0.0428177018830854
0.0428177018830854
0.0419028619510328
0.0418532341594695
0.0418532341594695
0.0417061888511339
0.0417282456473843
0.0417061888511339
0.0417061888511339
0.041857829325355
0.0418715264403223
0.0419000438292915
0.0418893437514835
0.0418893437514835
0.041839680358922
0.041839680358922
0.041839680358922
0.0419058982156707
0.0436385828011411
0.0438812233825607
0.0438812233825607
0.0438150371711438
0.0439885147882939
0.0439886196134555
0.044134745888614
0.0441346410634525
0.0441789353484221
0.0441789353484221
0.0440327039467722
0.0440324941459464
0.0439552953590702
0.0439552953590702
0.0439552953590702
0.0439552953590702
0.0439304814632885
0.0448005532041976
0.0448005532041976
0.0448005532041976
0.0448005532041976
0.0491289344534864
0.0490226582985287
0.0490226582985287
0.0490226582985287
0.0446653251274782
0.0444153481033077
0.0444153481033077
0.0444153481033077
0.0444153481033077
0.0444153481033077
0.0440240985260324
0.0436438773468823
0.0436438773468823
0.0436438773468823
0.0436438773468823
0.0436107921525068
0.0436107921525068
0.0439417706775891
0.0438976570850884
0.0438976570850884
0.0438976570850884
0.0438976570850884
0.0438976570850884
0.0438976570850884
0.0438976570850884
0.0438976570850884
0.0438976570850884
0.0437210761337585
0.0451437394919057
0.0452319666769071
0.0452319666769071
0.0453201938619085
0.0452760802694078
0.0452319666769071
0.0452760802694078
0.0452760802694078
0.0453201938619085
0.0455187050281616
0.0453422506581588
0.0453422506581588
0.0445482059931464
0.0445482059931464
0.0440188428831381
0.0438423885131354
0.0438423885131354
0.0437982749206347
0.0437982749206347
0.0437982749206347
0.0437982749206347
0.0437982749206347
