0.00220753351405455
0.00220753351405455
0.00220753351405455
0.00220753351405455
0.00220753351405455
0.00220753351405455
0.00219656049525999
0.00219656049525999
0.00220753351405455
0.00220753351405455
0.00220753351405455
0.00219656049525999
0.00220753351405455
0.00220753351405455
0.00220753351405455
0.00220753351405455
0.00220753351405455
0.00220836552256925
0.00220911712191641
0.00220911712191641
0.00220911712191641
0.00220911712191641
0.00220911712191641
0.00220911712191641
0.00220911712191641
0.00219656049525999
0.00219656049525999
0.00219656049525999
0.00219656049525999
0.00220753351405455
0.00220754142538749
0.00220754142538749
0.00220753351405455
0.00220755728215396
0.00220755728215396
0.00220754934807914
0.00220753351405455
0.00220753351405455
0.00220753351405455
0.00220753351405455
0.00220753351405455
0.00220753351405455
0.00220753351405455
0.00220753351405455
0.00220753351405455
0.00220753351405455
0.00220753351405455
0.00220753351405455
0.00220753351405455
0.00220753351405455
0.00220753351405455
0.00220753351405455
0.00220753351405455
0.00220753351405455
0.00220753351405455
0.00220753351405455
0.00220753351405455
0.00220753351405455
0.00220753351405455
0.00220753351405455
0.00220753351405455
0.00220753351405455
0.00220753351405455
0.00220753351405455
0.00220753351405455
0.00220753351405455
0.00220753351405455
0.00220753351405455
0.00220753351405455
0.00220753351405455
0.00220753351405455
0.00220753351405455
0.00220753351405455
0.00220753351405455
0.00220753351405455
0.00220753351405455
0.00220753351405455
0.00220753351405455
0.00220753351405455
0.00220753351405455
0.00220753351405455
0.00220753351405455
0.00220753351405455
0.00220753351405455
0.00220753351405455
0.00220753351405455
0.00220753351405455
0.00220753351405455
0.00220753351405455
0.00220753351405455
0.00220753351405455
0.00220753351405455
0.00220753351405455
0.00220753351405455
0.00220753351405455
0.00220753351405455
