0.717432950191571
0.717432950191571
0.717432950191571
0.717432950191571
0.717432950191571
0.717432950191571
0.717432950191571
0.717432950191571
0.717432950191571
0.717432950191571
0.717432950191571
0.717432950191571
0.717432950191571
0.717432950191571
0.717432950191571
0.717432950191571
0.717432950191571
0.717432950191571
0.717432950191571
0.717432950191571
0.717432950191571
0.717432950191571
0.717432950191571
0.717432950191571
0.717432950191571
0.717432950191571
0.717432950191571
0.717432950191571
0.717432950191571
0.717432950191571
0.717432950191571
0.717432950191571
0.717432950191571
0.717432950191571
0.717432950191571
0.717432950191571
0.717432950191571
0.717432950191571
0.717432950191571
0.717432950191571
0.717432950191571
0.717432950191571
0.717432950191571
0.717432950191571
0.717432950191571
0.717432950191571
0.717432950191571
0.717432950191571
0.717432950191571
0.717432950191571
0.717432950191571
0.717432950191571
0.717432950191571
0.717432950191571
0.717432950191571
0.717432950191571
0.717432950191571
0.783524904214559
0.783524904214559
0.783524904214559
0.783524904214559
0.789272030651341
0.789272030651341
0.766283524904214
0.783524904214559
0.783524904214559
0.783524904214559
0.789272030651341
0.789272030651341
0.783524904214559
0.783524904214559
0.766283524904214
0.766283524904214
0.766283524904214
0.766283524904214
0.766283524904214
0.766283524904214
0.766283524904214
0.766283524904214
0.766283524904214
0.766283524904214
0.766283524904214
0.766283524904214
0.766283524904214
0.766283524904214
0.766283524904214
0.766283524904214
0.766283524904214
0.766283524904214
0.766283524904214
0.766283524904214
0.766283524904214
0.766283524904214
0.766283524904214
0.766283524904214
0.766283524904214
