0.14226955149876
0.14226955149876
0.14226955149876
0.14226955149876
0.14226955149876
0.14226955149876
0.14226955149876
0.14226955149876
0.14226955149876
0.14226955149876
0.14226955149876
0.14226955149876
0.14226955149876
0.14226955149876
0.14226955149876
0.14226955149876
0.14226955149876
0.14226955149876
0.14226955149876
0.14226955149876
0.14226955149876
0.14226955149876
0.14226955149876
0.14226955149876
0.14226955149876
0.14226955149876
0.14226955149876
0.14226955149876
0.14226955149876
0.14226955149876
0.14226955149876
0.14226955149876
0.14226955149876
0.14226955149876
0.14226955149876
0.14226955149876
0.14226955149876
0.14226955149876
0.14226955149876
0.14226955149876
0.14226955149876
0.14226955149876
0.14226955149876
0.14226955149876
0.14226955149876
0.14226955149876
0.14226955149876
0.14226955149876
0.14226955149876
0.14226955149876
0.14226955149876
0.14226955149876
0.14226955149876
0.14226955149876
0.14226955149876
0.14226955149876
0.14226955149876
0.14226955149876
0.14226955149876
0.14226955149876
0.14226955149876
0.14226955149876
0.14226955149876
0.14226955149876
0.14226955149876
0.14226955149876
0.14226955149876
0.14226955149876
0.14226955149876
0.14226955149876
0.14226955149876
0.14226955149876
0.14226955149876
0.14226955149876
0.14226955149876
0.14226955149876
0.14226955149876
0.142303358124859
0.142370971377057
0.14226955149876
0.14226955149876
0.14226955149876
0.14226955149876
0.14226955149876
0.14226955149876
0.14226955149876
0.14226955149876
0.14226955149876
0.14226955149876
0.14226955149876
0.14226955149876
0.14226955149876
0.140421455938697
0.140421455938697
0.140421455938697
0.140421455938697
