0.0537525354969574
0.0537525354969574
0.0537525354969574
0.0537525354969574
0.0537525354969574
0.0537525354969574
0.0537525354969574
0.0537525354969574
0.0537525354969574
0.0537525354969574
0.0537525354969574
0.0537525354969574
0.0537525354969574
0.0537525354969574
0.0537525354969574
0.0537525354969574
0.0537525354969574
0.0537525354969574
0.0537525354969574
0.0537525354969574
0.0537525354969574
0.0537525354969574
0.0537525354969574
0.0537525354969574
0.0537525354969574
0.0537525354969574
0.0537525354969574
0.0537525354969574
0.0537525354969574
0.0537525354969574
0.0537525354969574
0.0537525354969574
0.0537525354969574
0.0537525354969574
0.0537525354969574
0.0537525354969574
0.0537525354969574
0.0537525354969574
0.0537525354969574
0.0537525354969574
0.0537525354969574
0.0537525354969574
0.0537525354969574
0.0537525354969574
0.0537525354969574
0.0538201487491548
0.0538201487491548
0.0538201487491548
0.0537525354969574
0.0537525354969574
0.0537525354969574
0.0537525354969574
0.0537525354969574
0.0537525354969574
0.0537525354969574
0.0537525354969574
0.0537525354969574
0.0537525354969574
0.0537525354969574
0.0537525354969574
0.0537525354969574
0.0537525354969574
0.0535496957403651
0.0535496957403651
0.0482082488167681
0.0482082488167681
0.0482082488167681
0.0482082488167681
0.0482082488167681
0.0537525354969574
0.0537525354969574
0.0537525354969574
0.0537525354969574
0.0537525354969574
0.0537525354969574
0.0537525354969574
0.0537525354969574
0.0518593644354293
0.0537525354969574
0.0537525354969574
0.0537525354969574
0.0537525354969574
0.0537525354969574
0.0537525354969574
0.0537525354969574
0.0537525354969574
0.0537525354969574
0.0537525354969574
0.0537525354969574
0.0537525354969574
0.0537525354969574
0.0538201487491548
0.0538201487491548
0.0537525354969574
0.0537525354969574
0.0537525354969574
