0.481607195010222
0.481607195010222
0.481607195010222
0.481607195010222
0.481607195010222
0.481607195010222
0.481607195010222
0.481607195010222
0.481607195010222
0.481607195010222
0.481607195010222
0.481607195010222
0.481607195010222
0.481607195010222
0.481607195010222
0.481607195010222
0.481607195010222
0.481607195010222
0.481607195010222
0.481607195010222
0.481607195010222
0.481607195010222
0.481607195010222
0.481607195010222
0.481607195010222
0.481607195010222
0.481607195010222
0.481607195010222
0.481607195010222
0.481607195010222
0.481607195010222
0.481607195010222
0.481607195010222
0.481607195010222
0.481607195010222
0.481607195010222
0.481607195010222
0.481607195010222
0.481607195010222
0.481607195010222
0.481607195010222
0.481607195010222
0.481607195010222
0.481607195010222
0.481607195010222
0.481542349551974
0.481478258110683
0.481478258110683
0.481478258110683
0.481478258110683
0.481478258110683
0.481478258110683
0.481478258110683
0.481478258110683
0.481478258110683
0.481478258110683
0.481478258110683
0.481478258110683
0.481478258110683
0.481478258110683
0.481478258110683
0.481478258110683
0.481478258110683
0.481478258110683
0.481478258110683
0.481478258110683
0.481478258110683
0.481478258110683
0.481478258110683
0.481478258110683
0.481478258110683
0.481478258110683
0.481478258110683
0.481478258110683
0.481478258110683
0.48154587136288
0.481478258110683
0.481478258110683
0.481478258110683
0.481478258110683
0.481478258110683
0.481478258110683
0.481478258110683
0.481478258110683
0.481478258110683
0.481478258110683
0.481478258110683
0.481478258110683
0.48154778914702
0.48154778914702
0.48154778914702
0.48151609613697
0.48151609613697
0.48151609613697
0.48151609613697
0.48151609613697
