0.324561403508772
0.324561403508772
0.324561403508772
0.324561403508772
0.324561403508772
0.324561403508772
0.324561403508772
0.324561403508772
0.324561403508772
0.324561403508772
0.324561403508772
0.324561403508772
0.324561403508772
0.324561403508772
0.324561403508772
0.315789473684211
0.315789473684211
0.315789473684211
0.315789473684211
0.315789473684211
0.315789473684211
0.315789473684211
0.315789473684211
0.315789473684211
0.315789473684211
0.315789473684211
0.315789473684211
0.315789473684211
0.315789473684211
0.315789473684211
0.315789473684211
0.315789473684211
0.315789473684211
0.315789473684211
0.315789473684211
0.315789473684211
0.315789473684211
0.315789473684211
0.315789473684211
0.315789473684211
0.315789473684211
0.315789473684211
0.315789473684211
0.315789473684211
0.315789473684211
0.315789473684211
0.315789473684211
0.315789473684211
0.315789473684211
0.315789473684211
0.315789473684211
0.315789473684211
0.315789473684211
0.315789473684211
0.315789473684211
0.315789473684211
0.315789473684211
0.315789473684211
0.315789473684211
0.315789473684211
0.315789473684211
0.315789473684211
0.315789473684211
0.315789473684211
0.315789473684211
0.315789473684211
0.315789473684211
0.315789473684211
0.315789473684211
0.315789473684211
0.315789473684211
0.315789473684211
0.315789473684211
0.315789473684211
0.315789473684211
0.315789473684211
0.315789473684211
0.315789473684211
0.315789473684211
0.315789473684211
0.315789473684211
0.315789473684211
0.315789473684211
0.315789473684211
0.315789473684211
0.315789473684211
0.315789473684211
0.315789473684211
0.315789473684211
0.315789473684211
0.315789473684211
0.315789473684211
0.315789473684211
0.315789473684211
0.315789473684211
0.315789473684211