0.00257876357864553
0.00257755164129169
0.00212736862068306
0.00212610288110903
0.00212556135245644
0.0021256954764118
0.00212522671991352
0.00212398097891106
0.00212343957025732
0.00212331326049402
0.00211650175648258
0.00211650175648258
0.00211650175648258
0.00211642767803056
0.00211645345204089
0.00211632610446251
0.00211625229449158
0.00211624954906013
0.00211624954906013
0.00211610232983595
0.00211565194021235
0.00213113372815285
0.00211559333116814
0.00211354912672158
0.00205629943091024
0.00195236888288275
0.00195216740288929
0.00194817106209908
0.00192623573406334
0.00190458849235182
0.00169287431591675
0.00169045650598732
0.00168848463441739
0.00168394734772223
0.00168305467705171
0.00168310379331374
0.00167829544518477
0.00167784242207581
0.00167814648961378
0.00165158130959599
0.00165123002727556
0.00164873066509621
0.00156263470168829
0.00153457768795597
0.00153234281863451
0.00145748727232795
0.00145746055195727
0.00145472517402861
0.00145745847770686
0.00145549252390204
0.00145532201502737
0.00140437119735287
0.00137327863255509
0.00133673794460898
0.00131107681814565
0.00126545048692945
0.00126543841602061
0.00126442939446615
0.00126458233969223
0.001264602838304
0.0012645813556696
0.00126455990273298
0.00126314247937539
0.00126293783748907
0.00126398779308231
0.00125915434249201
0.00126117421787249
0.00125952598395514
0.00125919396852593
0.00125916257898837
0.001259099992345
0.001259099992345
0.00125898329436382
0.00125896180056741
0.00125895733149413
0.00125888149308886
0.00125880501730335
0.00125874349791809
0.00125872304681376
0.00125872304681376
0.00125865618537704
0.00125863240876057
0.00125862562230467
0.00125860189368675
0.00126050887872312
0.00126047798947657
0.0012604184491995
0.00126079219779168
0.00125780433285459
0.00125806252868242
0.00125422450915097
0.0012508502680397
0.00125095223655705
0.00124513293171324
0.00124618653968913
0.00124535016359527
