0.224208526979475
0.225792895445089
0.265602226854539
0.263471439451104
0.263810486408132
0.263746080950112
0.263779757955234
0.264205062863819
0.264184293560004
0.264178257644526
0.264711521089472
0.264711521089472
0.264711521089472
0.264707732505783
0.264709169959159
0.264705388250263
0.264701613397464
0.264701056589649
0.264701056589649
0.264693527377898
0.264632587247641
0.266763595879238
0.267840342955654
0.268053024208507
0.273312118038147
0.285078253604825
0.285106829224468
0.284355619843808
0.297357092720185
0.311985754891382
0.300448170717441
0.299941263666023
0.300292840183051
0.299570637785169
0.299393741732183
0.2993437352379
0.298820129993963
0.298792724302109
0.298815768143431
0.297184758108068
0.297129223618361
0.296922133609216
0.30451856634788
0.306669936252433
0.30319308312808
0.312527544680984
0.312527544680984
0.311895158501589
0.311853292953496
0.311705476501618
0.311650807093676
0.315472926360681
0.317322045108624
0.322263161022557
0.324095738681077
0.327737105168739
0.327736237452316
0.327797822840379
0.327777428406884
0.327779448609186
0.327779448609186
0.327779448609186
0.335945898070995
0.335245654421267
0.334723649669791
0.334047122422187
0.334009654205243
0.334009654205243
0.333876269511465
0.333876269511465
0.333874353297258
0.333874353297258
0.333858458949868
0.333856774937653
0.333854297953789
0.333685193281611
0.333673693021239
0.333661805718311
0.333657853980636
0.333657853980636
0.333648333188056
0.333643738866422
0.333642427529244
0.333637842482301
0.333532134508537
0.33352632818822
0.33353222260795
0.333593305672956
0.332534458020381
0.332561229628932
0.331762612157114
0.33086937190086
0.330874799672173
0.332730317383581
0.333502374971629
0.334065952293211
