0.0258752628234746
0.0255034825139905
0.0209927300356093
0.0209230341517236
0.0208767575782847
0.0208382803719639
0.020818415667233
0.0207978530617508
0.02078271326063
0.0207715767191814
0.0207672233934203
0.0207672233934203
0.0207672233934203
0.0207672233934203
0.0207674369495059
0.0207670463406854
0.0207670463406854
0.0207669523122077
0.0207669488832495
0.0207669488832495
0.0207660309750216
0.0210139724074744
0.0209457721262252
0.020936633795801
0.0203760313109225
0.0192828876179085
0.0192810915676811
0.0198409006880451
0.0193222527225461
0.0186934683510867
0.01675364945375
0.0167320964052362
0.0166971729920637
0.0166536530260197
0.0166464233815403
0.0166465338931298
0.0166162326926617
0.016612370693565
0.0166150740156615
0.0163797491775867
0.0163773286537063
0.0163550486251362
0.015495984668099
0.0152380327082713
0.0152654369543345
0.0145519615467275
0.0145519600198492
0.014526629936806
0.0145261007926695
0.014516432319093
0.014516048674125
0.0139681503208417
0.0136613030048424
0.0132996736569923
0.0130597621298713
0.0126405478844984
0.0126404830536679
0.0126317441163562
0.0126331190831778
0.0126333467055849
0.0126333454780058
0.0126333442521237
0.0127568892755618
0.0126589899625607
0.0126338228528523
0.0121989754080818
0.0125472955028557
0.0125456472689383
0.0125453218386048
0.012545320044917
0.0125453164685374
0.0125453164685374
0.0125449542128619
0.0125449233224199
0.0128804772094072
0.012880472875784
0.0128803647693097
0.0128803612539162
0.0128803600852817
0.0128803600852817
0.0128797823283272
0.0128797809696634
0.0128797805818659
0.0128797792259449
0.0128800094632368
0.0128800077471675
0.0128794600824324
0.0128832793656619
0.012836218975026
0.0128385576151979
0.0127969400917365
0.0127719205076907
0.0127734397947207
0.0129668626012031
0.0126759884951607
0.0126682570838664