0.0302100875996467
0.0301341384702198
0.0291819669909486
0.0287408789692367
0.0286012444730369
0.0285999653054675
0.0285632571098618
0.0283473048879993
0.0282504215898822
0.0281379500931505
0.0281375250852261
0.0281375250852261
0.0281375250852261
0.0281375250852261
0.0281375250852261
0.0281375250852261
0.0281375250852261
0.0281375250852261
0.0281375250852261
0.0281375250852261
0.0281259783874803
0.02763657963308
0.02763657963308
0.02763657963308
0.0273301934852551
0.0268846595554284
0.0268846595554284
0.0268775494500699
0.0287671187094294
0.0244420409748525
0.0262643823953551
0.0270433401154124
0.0319090478993627
0.0275468814634638
0.0280737351614152
0.0262443199170185
0.0262218894229054
0.0262218894229054
0.0260222857093886
0.0266750360847732
0.0266748646691943
0.0266748646691943
0.026242317889964
0.0262079668662517
0.0258277610376789
0.025306619862529
0.025306563368031
0.025272822958425
0.0252727678355576
0.0252727265384
0.0252727265384
0.0250125055860355
0.0248913520923181
0.0245998599380468
0.024546332384274
0.024442969006763
0.0244429538421491
0.0244429538421491
0.024442927339471
0.0244429046056706
0.0244428591852436
0.0244428138276061
0.0238659806385804
0.023254518729216
0.0229015286300588
0.0229014028419827
0.0228864055107422
0.0228864055107422
0.0228732269790758
0.022873160612625
0.022873028286579
0.022873028286579
0.0228729330536103
0.0228728965002416
0.0228728965002416
0.0228727361561847
0.0228726055574411
0.0228724754878837
0.022872432248406
0.022872432248406
0.0228723674985088
0.0224608607362577
0.022460846387751
0.0224607962186731
0.022456823844809
0.0224567603502466
0.0224567603502466
0.0224566969827298
0.0223223932351986
0.0223223435323851
0.0226570337608669
0.0227030053001816
0.0227966880908942
0.0228014629729477
0.0295258685317288
0.0227388452956624