6.26822819496479e-07
6.26822819496479e-07
6.26822819496479e-07
6.26822819496479e-07
6.26822819496479e-07
6.26822819496479e-07
6.26822819496479e-07
6.26822819496479e-07
6.26822819496479e-07
6.26822819496479e-07
6.26818937539694e-07
6.26818937539694e-07
6.26818937539694e-07
6.26818937539694e-07
6.26818937539694e-07
6.26818937539694e-07
6.26818937539694e-07
6.26818937539694e-07
6.26818937539694e-07
6.26818937539694e-07
6.26818937539694e-07
6.26818937539694e-07
6.26818937539694e-07
6.26818937539694e-07
6.26818937539694e-07
6.26818937539694e-07
6.26818937539694e-07
6.26818937539694e-07
6.26818937539694e-07
6.26818937539694e-07
6.26818937539694e-07
6.26818937539694e-07
6.26818937539694e-07
6.26818937539694e-07
6.26818937539694e-07
6.26818937539694e-07
6.26818937539694e-07
6.26818937539694e-07
6.2682028125626e-07
6.2682028125626e-07
6.2682028125626e-07
6.2682028125626e-07
6.2682028125626e-07
5.01451626892563e-07
6.2682028125626e-07
6.2682028125626e-07
6.26821624978872e-07
6.26821624978872e-07
6.26821624978872e-07
6.26832374977411e-07
6.26832374977411e-07
6.26832374977411e-07
6.26832374977411e-07
6.26832374977411e-07
6.26832374977411e-07
6.26832374977411e-07
6.26832374977411e-07
6.26832374977411e-07
6.26832374977411e-07
6.26832374977411e-07
6.26832374977411e-07
6.26832374977411e-07
6.26832374977411e-07
6.26832374977411e-07
6.26832374977411e-07
6.26832374977411e-07
6.26832076340184e-07
6.26832076340184e-07
6.26827298338042e-07
6.26827298338042e-07
6.26827298338042e-07
6.26827298338042e-07
6.26827298338042e-07
6.26827298338042e-07
6.26825954591249e-07
6.26825954591249e-07
6.26825954591249e-07
6.26825954591249e-07
6.26825954591249e-07
6.26825954591249e-07
6.26825954591249e-07
6.26825954591249e-07
6.26825954591249e-07
6.26825954591249e-07
6.26825954591249e-07
6.26816399118183e-07
6.26817742821588e-07
6.26811472328853e-07
6.26811472328853e-07
6.26811472328853e-07
6.26811472328853e-07
6.26811472328853e-07
6.26811472328853e-07
6.26811472328853e-07
6.26811472328853e-07
6.26811472328853e-07