0.000533021085751768
0.000533021085751768
0.000533021085751768
0.000533021085751768
0.000533021085751768
0.000533021085751768
0.000533021085751768
0.000533021085751768
0.000533021085751768
0.000533021085751768
0.000533014739580502
0.000533014739580502
0.000533014739580502
0.000533014739580502
0.000533014739580502
0.000533014739580502
0.000533014739580502
0.000533014739580502
0.000533014739580502
0.000533014739580502
0.000533014739580502
0.000533014739580502
0.000533014739580502
0.000533014739580502
0.000533014739580502
0.000533014739580502
0.000533014739580502
0.000533014739580502
0.000533014739580502
0.000533014739580502
0.000533014739580502
0.000533014739580502
0.000533014739580502
0.000533014739580502
0.000533014739580502
0.000533014739580502
0.000533014739580502
0.000533014739580502
0.000533016008802664
0.000533016008802664
0.000533016008802664
0.000533016008802664
0.000533016008802664
0.000533016008802664
0.000533016008802664
0.000533016008802664
0.000533017278030872
0.000533017278030872
0.000533017278030872
0.000533027432074177
0.000533027432074177
0.000533027432074177
0.000533027432074177
0.000533027432074177
0.000533027432074177
0.000533027432074177
0.000533027432074177
0.000533027432074177
0.000533027432074177
0.000533027432074177
0.000533027432074177
0.000533027432074177
0.000533027432074177
0.000533027432074177
0.000533027432074177
0.000533025528161584
0.000533025528161584
0.000533025528161584
0.000533005220606983
0.000533005220606983
0.000533005220606983
0.000533005220606983
0.000533005220606983
0.000533005220606983
0.000533003951436207
0.000533003951436207
0.000533003951436207
0.000533003951436207
0.000533003951436207
0.000533003951436207
0.000533003951436207
0.000533003951436207
0.000533003316853085
0.000533003316853085
0.000533003316853085
0.000533246385839091
0.000533205874823815
0.000533367917727207
0.000533367917727207
0.000533367917727207
0.000533367917727207
0.000533367917727207
0.000533367917727207
0.000533367917727207
0.000533367917727207
0.000533367917727207