0.128730775356114
0.128730775356114
0.128730775356114
0.128730744444119
0.128730744444119
0.128730744444119
0.128730744444119
0.128730744444119
0.128730744444119
0.128730744444119
0.128730081577948
0.128730081577948
0.128730081577948
0.128730081577948
0.128730081577948
0.128730081577948
0.128730081577948
0.128730050667868
0.128730050667868
0.128730050667868
0.128730050667868
0.128730050667868
0.12863521911171
0.12863521911171
0.12863521911171
0.12863521911171
0.12863521911171
0.128635219946461
0.128635219946461
0.128635219946461
0.128635219946461
0.128635219946461
0.128635219946461
0.128635219946461
0.128635219946461
0.128635219946461
0.128635219946461
0.128635219946461
0.128635171939154
0.128635171939154
0.128635171939154
0.128635171939154
0.128635171939154
0.128635125562345
0.128635125562345
0.128635125562345
0.128635077554737
0.128635077554737
0.128635077554737
0.128635947338959
0.128635947338959
0.128635947338959
0.128635947338959
0.128635947338959
0.128635947338959
0.128635947338959
0.128635947338959
0.128635947338959
0.128635916429277
0.128635916429277
0.128635854610353
0.128635854610353
0.128635812826923
0.128635854610353
0.128635854610353
0.128636282775806
0.128635865264721
0.128635865264721
0.12863964332479
0.128636077346928
0.128636077346928
0.128636077346928
0.128636077346928
0.128636077346928
0.12863612535246
0.12863612535246
0.12863612535246
0.12863612535246
0.12863612535246
0.12863612535246
0.12863612535246
0.12863612535246
0.128636125280022
0.128636125280022
0.128636125280022
0.128635316496046
0.12863543566873
0.128634603004621
0.128634603004621
0.128634697193455
0.128634697193455
0.128634697193455
0.128634697193455
0.12863444995054
0.12863444995054
0.12863444995054