0.003680460127062
0.00370356123816807
0.00370388831525528
0.00370675517025701
0.00373719283019474
0.00377618676493265
0.0038579683959226
0.00385790820698703
0.00385790820698703
0.0038573894504092
0.0038573894504092
0.0038573894504092
0.0038573894504092
0.0038573894504092
0.0038573894504092
0.0038573894504092
0.0038573894504092
0.0038573894504092
0.0038573894504092
0.0038573894504092
0.0038573894504092
0.0038573894504092
0.0038573894504092
0.0038573894504092
0.0044919204201304
0.00463883389986542
0.00464071039059296
0.00475405241112859
0.00476592915106978
0.00476615276260636
0.00478016145618364
0.00480116904531217
0.0047770499187451
0.00477879590679778
0.00477683126239931
0.00480494871496332
0.00480486994933622
0.00481615527203324
0.0053437791907816
0.0053437791907816
0.00533198501472743
0.0051188290745841
0.00512149516713889
0.00512149516713889
0.00512149516713889
0.00512149516713889
0.00512149516713889
0.00512149516713889
0.00512149516713889
0.00537378978805223
0.00537378978805223
0.00536218400820379
0.00537493198780234
0.00537493198780234
0.00537493198780234
0.00537493198780234
0.00537493198780234
0.00537493198780234
0.00537493198780234
0.00537493198780234
0.00537493198780234
0.00537493198780234
0.00537493198780234
0.00537131518537644
0.00537131518537644
0.00531091524484715
0.00531091524484715
0.00531091524484715
0.00531091524484715
0.00531091524484715
0.00531091524484715
0.00531091524484715
0.00531091524484715
0.00535553988785
0.00531091524484715
0.00531091524484715
0.00531091524484715
0.00531091524484715
0.00531091524484715
0.00531091524484715
0.00531091524484715
0.00531091524484715
0.00531091524484715
0.00531091524484715
0.00531091524484715
0.00531091524484715
0.00531116953400101
0.00531116953400101
0.00531116953400101
0.00531110905219772
0.00531110905219772
0.00545661782969641
0.00546894694843595
0.00547014302250653
0.00547772999828913
0.00547125055091196
