0.362894114554735
0.362912225677051
0.362912225677051
0.362913251724331
0.362383745260806
0.361694281057969
0.362749408175178
0.362601733920252
0.362601733920252
0.362596813143571
0.362596813143571
0.362596813143571
0.362596813143571
0.362596813143571
0.362596813143571
0.362596813143571
0.362596813143571
0.362596813143571
0.36259999283425
0.36259999283425
0.36259999283425
0.36259999283425
0.362591772668442
0.362591772668442
0.352954646409242
0.348645632562677
0.34831032790596
0.344808395432831
0.342618210819556
0.342619970922101
0.343648784163611
0.343905303550261
0.344000138234111
0.343983948252958
0.344015445134761
0.344065691501452
0.344111634728079
0.34416367285491
0.344015719212517
0.344041719892182
0.349966069673605
0.347364998278683
0.347681015115887
0.348027695649775
0.348027695649775
0.348027695649775
0.349776949544083
0.349784306631163
0.349866029922004
0.348826673919504
0.348645144447486
0.348368747406655
0.348402220807241
0.348402220807241
0.348402220807241
0.348402220807241
0.348402220807241
0.34839951236557
0.34839951236557
0.34839951236557
0.34839951236557
0.34839951236557
0.34839951236557
0.34859834013588
0.34859834013588
0.34860707506289
0.34860707506289
0.34860707506289
0.34860707506289
0.34860707506289
0.34860707506289
0.34860707506289
0.34860707506289
0.348620384246716
0.34860707506289
0.34860707506289
0.34860707506289
0.34860707506289
0.34860707506289
0.34860707506289
0.34860707506289
0.348627199340084
0.348627199340084
0.348627199340084
0.34915532186451
0.34915532186451
0.349200261211526
0.349200261211526
0.349200261211526
0.347441199921287
0.347441199921287
0.352549626853011
0.352569478393491
0.352508296070092
0.352353943903845
0.352651079152557
