0.0210701705730618
0.0210701705730618
0.0210701705730618
0.0210701705730618
0.0210941829623074
0.0210784016725487
0.0210784016725487
0.0210600033717081
0.0210600033717081
0.0210600033717081
0.0210600033717081
0.0210600033717081
0.0210600033717081
0.0210600033717081
0.0210600033717081
0.0210600033717081
0.0210600033717081
0.0210600033717081
0.0210600033717081
0.0210600033717081
0.0210600033717081
0.0210600033717081
0.0210612835830125
0.0210612835830125
0.0193619714277224
0.018305967754712
0.0183152458152838
0.0160257230870459
0.0159043309226176
0.0159073186700153
0.0159007073409591
0.0158976923121559
0.0158965883131938
0.0158965883131938
0.0158965883131938
0.0158963850539236
0.0158963850539236
0.0158962987437754
0.0163786437687149
0.0163726463595607
0.0158984209166355
0.0158984209166355
0.0158984209166355
0.0158984209166355
0.0158984209166355
0.0158984209166355
0.0158984209166355
0.0158984209166355
0.0158984209166355
0.0157611272257945
0.0157611272257945
0.0157618470504045
0.0157624474669855
0.0157624474669855
0.0157624474669855
0.0157624474669855
0.0157624474669855
0.0157624474669855
0.0157624474669855
0.0157624474669855
0.0157624474669855
0.0157624474669855
0.0157624474669855
0.0158463370517772
0.0158463370517772
0.0154634738787102
0.0154634738787102
0.0154634738787102
0.0154634738787102
0.0154634738787102
0.0154634738787102
0.0154634738787102
0.0154634738787102
0.0162954047232634
0.0154634738787102
0.0154634738787102
0.0154634738787102
0.0154634738787102
0.0154634738787102
0.0154634738787102
0.0154634738787102
0.0154604823140665
0.0154604823140665
0.0154604823140665
0.0154604823140665
0.0154604823140665
0.0154603346791477
0.0154603346791477
0.0154603346791477
0.0154603346791477
0.0154603346791477
0.0163728865558012
0.0163725134648586
0.0163727179005409
0.0159898547274739
0.0159962786428787
