0.0634009106650374
0.0634164318676215
0.0634164318676215
0.0634138649128205
0.0635278910744633
0.0636726455937294
0.0638798869074872
0.0638794887351889
0.0638794887351889
0.0638782437194021
0.0638782437194021
0.0638782437194021
0.0638782437194021
0.0638782437194021
0.0638782437194021
0.0638782437194021
0.0638782437194021
0.0638782437194021
0.0638782437194021
0.0638782437194021
0.0638782437194021
0.0638782437194021
0.0638788641092745
0.0638788641092745
0.0712554788810303
0.0741670247613889
0.0743377597475977
0.0781760266133184
0.079076972962265
0.0791274029251249
0.0792605484832732
0.0795323466076741
0.0794851124647421
0.079479287014473
0.0794930005794631
0.0795409769638337
0.0795461711397705
0.0795960412037275
0.0784216011670234
0.0783999670210514
0.0783948628011961
0.0783290460577865
0.0782565889089186
0.0782565889089186
0.0782565889089186
0.0782565889089186
0.0782565889089186
0.0782556163006172
0.0780575502485646
0.0789758325376405
0.0791922693397738
0.0792276387435666
0.0792480330093004
0.0792480330093004
0.0792480330093004
0.0792480330093004
0.0792480330093004
0.0792480330093004
0.0792480330093004
0.0792480330093004
0.0792480330093004
0.0792480330093004
0.0792480330093004
0.0786270638943666
0.0786270638943666
0.0788499501152372
0.0788499501152372
0.0788499501152372
0.0788499501152372
0.0788499501152372
0.0788499501152372
0.0788499501152372
0.0788499501152372
0.078850716616136
0.0788499501152372
0.0788499501152372
0.0788499501152372
0.0788499501152372
0.0788499501152372
0.0788499501152372
0.0788499501152372
0.0788480809332409
0.0788480809332409
0.0788480809332409
0.0788480809332409
0.0788480809332409
0.078859054394062
0.0788574084444149
0.0788541828044479
0.07885506728806
0.07885506728806
0.079118792263929
0.0791386747897805
0.079135642415881
0.0791219780064556
0.0791131581993604
