0.0265084487842939
0.0265017149873317
0.0265027349051306
0.0265116745605123
0.0265697387696817
0.0263982010095231
0.0260039906843512
0.0259773906923963
0.0259773906923963
0.0259773906923963
0.0259773906923963
0.0259773906923963
0.0259773906923963
0.0259773906923963
0.0259773906923963
0.0259773906923963
0.0259773906923963
0.0259773906923963
0.0259773906923963
0.0259773906923963
0.0259773906923963
0.0259773906923963
0.0259774117225615
0.0259774117225615
0.0220649416683564
0.0206861812535593
0.0205432667170698
0.0175018551838513
0.01682808679239
0.0168261529725166
0.0168931370544474
0.0168887911350392
0.0169240736264845
0.0169206410374553
0.0169317536591324
0.0169088795164748
0.0169041791146503
0.0169017371925236
0.0172081183229331
0.0172074262999954
0.016523888567499
0.0168163463783629
0.0167663335755782
0.0167663335755782
0.0167663335755782
0.0167663335755782
0.0167663335755782
0.0167657222217887
0.0167636355687802
0.0162053460598916
0.0162074375684177
0.0161950505018242
0.0162085490834921
0.0162085490834921
0.0162085490834921
0.0162085490834921
0.0162085490834921
0.0162085490834921
0.0162085490834921
0.0162085490834921
0.0162085490834921
0.0162085490834921
0.0162085490834921
0.0162248001465833
0.0162248001465833
0.0162063652911032
0.0162063652911032
0.0162063652911032
0.0162063652911032
0.0162063652911032
0.0162063652911032
0.0162063652911032
0.0162063652911032
0.0170223847462367
0.0162063652911032
0.0162063652911032
0.0162063652911032
0.0162063652911032
0.0162063652911032
0.0162063652911032
0.0162063652911032
0.016206330353122
0.016206330353122
0.016206330353122
0.016206330353122
0.016206330353122
0.0161971443469339
0.0161971443469339
0.0162003699869009
0.0162009200275221
0.0162009200275221
0.0160864078710779
0.0160846493601382
0.0160667518501161
0.0160196153190156
0.0160260413760719
