0.0350313069538565
0.0324611909197555
0.0324611909197555
0.0324611909197555
0.0332679721135229
0.035449497379404
0.0340929107881294
0.0340982550370912
0.0340982550370912
0.0340982550370912
0.0340982550370912
0.0340982550370912
0.0340931052179295
0.0340931052179295
0.0340931052179295
0.0340931052179295
0.0340931052179295
0.0340931052179295
0.0340931052179295
0.0340931052179295
0.0340931052179295
0.0340931052179295
0.0340937781832147
0.0340937781832147
0.0377428364940419
0.0394625785323336
0.039479030168561
0.0402360030642661
0.04070331361116
0.0407034479692586
0.0406961859492993
0.0404950418118416
0.0404704487994056
0.0404704487994056
0.0404704487994056
0.0404357603388835
0.0404010118030563
0.0403762573600212
0.0412357573857144
0.0412335160182056
0.0412335160182056
0.0412335160182056
0.0412335160182056
0.0412335160182056
0.0412335160182056
0.0412335160182056
0.0412335160182056
0.0412335160182056
0.0412335160182056
0.0415822436076854
0.0415822436076854
0.0415697743160187
0.0415697743160187
0.0415697743160187
0.0415697743160187
0.0415697743160187
0.0415697743160187
0.0415697743160187
0.0415697743160187
0.0415697743160187
0.0415697743160187
0.0415697743160187
0.0415697743160187
0.0416909394645481
0.0416909394645481
0.0416909394645481
0.0416909394645481
0.0416909394645481
0.0416909394645481
0.0416909394645481
0.0416909394645481
0.0416909394645481
0.0416909394645481
0.0410246645519094
0.0416909394645481
0.0416909394645481
0.0416909394645481
0.0416909394645481
0.0416909394645481
0.0416909394645481
0.0416909394645481
0.0416898214491484
0.0416898214491484
0.0416898214491484
0.0411616989247227
0.0411616989247227
0.0411355124696294
0.0411355124696294
0.0411355124696294
0.0411355124696294
0.0411355124696294
0.0409713964379782
0.0409721739738928
0.0409587131860603
0.0409587131860603
0.0408765149440667
