0.010566726812438
0.0105689401061886
0.0105759958452176
0.0105823455764147
0.0105598274049054
0.0105348343466938
0.0103315224207335
0.010327374610749
0.010327374610749
0.010327374610749
0.010327374610749
0.010327374610749
0.0103276602350919
0.0103276602350919
0.0103213008537325
0.0103213008537325
0.0103213008537325
0.0103213008537325
0.0103213008537325
0.0103213008537325
0.0103213008537325
0.0103213008537325
0.0103213139975858
0.0103213139975858
0.00872369477726141
0.00778327957322371
0.00768021415144331
0.00676391500363462
0.00646123405743569
0.00645979618390012
0.00650963597133831
0.00652243960066125
0.006551554082363
0.00654893044447627
0.00655651099314233
0.00655958704518243
0.00655784544518334
0.00654469129436152
0.00653071565786474
0.006522961313454
0.00652214130870585
0.00653518050017489
0.00653519151310405
0.00653519151310405
0.00653248307143305
0.00653248307143305
0.00653248307143305
0.006532480755699
0.00653247285171033
0.00636023726863176
0.00636024519101254
0.00635225320259975
0.00636092943100284
0.00636092943100284
0.00636092943100284
0.00636092943100284
0.00636092943100284
0.00636092943100284
0.00636092943100284
0.00636092943100284
0.00636092943100284
0.00636092943100284
0.00636092943100284
0.00635769802572602
0.00635769802572602
0.00635770634470412
0.00635770634470412
0.00635770634470412
0.00635770634470412
0.00635770634470412
0.00635770634470412
0.00635770634470412
0.00635770634470412
0.00637364696509031
0.00635770634470412
0.00635770634470412
0.00635770634470412
0.00635770634470412
0.00635770634470412
0.00635770634470412
0.00636312322804612
0.00636310139180785
0.00636310139180785
0.00636310139180785
0.00636310139180785
0.00636310139180785
0.00636602081371848
0.00636437486407138
0.00636114922410441
0.00636111038727128
0.00636111038727128
0.00629817248501188
0.00629160167064664
0.00627952631778974
0.00624788891725445
0.00625723096262661