0.0530869657264544
0.0530869657264544
0.0530869657264544
0.0530869657264544
0.0530869657264544
0.0530869657264544
0.0494426417946448
0.0494426417946448
0.0494426417946448
0.0493999480698022
0.0493966701065595
0.0493966701065595
0.0493966701065595
0.0493927862544635
0.0493927862544635
0.0493927862544635
0.0493927862544635
0.0493927862544635
0.0493927862544635
0.0494079760827191
0.0494125587564337
0.0512445185566132
0.0512138875775864
0.0494934873256341
0.0494971140619341
0.0539501095638522
0.054031818476201
0.054031818476201
0.0540376840832411
0.0546848684797309
0.0545181973469201
0.0545814246497686
0.0545814246497686
0.0545814246497686
0.0546740157695296
0.0501739417118336
0.0544293744280587
0.0544210050044933
0.0545025667296174
0.0545970181786649
0.0545951972992837
0.0545963959158398
0.0546610500360081
0.0546449784533809
0.0546443238103527
0.0546625391573786
0.0546305005699604
0.0546294818577372
0.0546348271974444
0.0546366013995944
0.0546311084530624
0.0546127979980805
0.054622017866371
0.054619091934014
0.0546142296963326
0.0546151166325189
0.0546146319667241
0.0546188709948961
0.0546142963200523
0.054624719388796
0.0546198788861502
0.0546202366776774
0.0546222345391019
0.0546221490058179
0.0546044037853616
0.0545965624770425
0.0545957466160027
0.0545915077300648
0.0545931460856922
0.0545916350283799
0.0545953634675591
0.0545954649993246
0.0546031010797248
0.0545992087827611
0.0545971253867701
0.0546032744748235
0.0545968159663769
0.0545992491952601
0.0545914254792761
0.0546278773009594
0.0547327837538646
0.054732186449672
0.0547329624356404
0.0550161233562849
0.0549368550047589
0.0548889823199791
0.054883775523776
0.0548839462606307
0.05489110602119
0.0548979993116611
0.0549117757407259
0.00472925389000549
0.00416120582423335
0.00415679140570858
0.00459284485303256
0.00459310119266206