0.099066323406065
0.099066323406065
0.099066323406065
0.099066323406065
0.099066323406065
0.106775121538962
0.0793364346298057
0.0793364346298057
0.0793364346298057
0.0787970111036085
0.0787856584929651
0.0785779587928726
0.0785779587928726
0.0784081244923426
0.0784081244923426
0.0784081244923426
0.0784081244923426
0.0784081244923426
0.0784081244923426
0.0784616938917941
0.0784458598072443
0.0744632063542537
0.0715613032844636
0.0706760312824975
0.0697475867896966
0.068613827908613
0.068613827908613
0.068613827908613
0.0687228753343349
0.0649187190096306
0.0694136099306239
0.0692794185454919
0.0692794185454919
0.0692794185454919
0.0698954194721543
0.069920419313443
0.0705850936702099
0.0703637160316129
0.0699530464830402
0.0700992021841193
0.0699742941929586
0.0695249549346368
0.069497598262235
0.0702655401193727
0.0702021258493333
0.0701017859352791
0.0701041595006826
0.0700959997958262
0.0700961357985554
0.0701015923716594
0.0700933003127475
0.0652447758801075
0.0652489797987824
0.0652453005705435
0.0652453077004354
0.0652458981784712
0.0652495512607424
0.0652444303898484
0.0652416409587862
0.0652516466168543
0.0652438836358524
0.0652449148385038
0.0652489801878955
0.0652497949764082
0.0645391333016471
0.0631463886953729
0.0638118988257281
0.063809760682093
0.0638071371960819
0.0638102705214248
0.0638116283327368
0.0638116978851944
0.0638200971085021
0.0638147811376639
0.0638110431116706
0.0638202011455614
0.0638121276196765
0.0638160656234554
0.0638062626055495
0.0638049550956805
0.0638364228667615
0.0635367019945174
0.0635369955800177
0.0620228155612693
0.0608072287247863
0.0602501004321024
0.0594382879730432
0.0577075523341171
0.0577074483957764
0.0576924158311048
0.0576915790253563
0.0654588581393751
0.0617142084696973
0.0616526251410297
0.0622536924489394
0.0610126041751615