0.00762783878835818
0.00762783878835818
0.00762783878835818
0.00762783878835818
0.00762783878835818
0.00762783878835818
0.00721342594202227
0.00721342594202227
0.00721342594202227
0.00721130166818217
0.0073239668549758
0.0073239668549758
0.0073239668549758
0.0072103125903484
0.0072103125903484
0.0072103125903484
0.0072103125903484
0.0072103125903484
0.0072103125903484
0.00721105891291255
0.00721321435690233
0.00751149972034239
0.00744609917303728
0.00719821397289147
0.00719821397289147
0.00720458249604701
0.00720490655307972
0.00720490655307972
0.00720596500165663
0.00717970668972117
0.00727061669535151
0.0072761412003436
0.0072761412003436
0.0072761412003436
0.00725623387348258
0.00729817749245615
0.00729178386305734
0.00729017068475539
0.00728352041169715
0.00727573844392487
0.00727341959982313
0.00727356946093789
0.00727464820792242
0.00632242257447452
0.00707217026877291
0.00707523189820195
0.00707456215540575
0.00707448947234107
0.00707508530773955
0.00707542005977878
0.00707465427983701
0.0858674022079889
0.0858716270183439
0.0858654863693636
0.0882648160333405
0.0882648942193097
0.0882648426813604
0.0882704923711444
0.08836303754225
0.0882827813229257
0.0882702612333191
0.0882720200507881
0.0882768976534598
0.0882780964455
0.0882473661801191
0.0882374560230923
0.0882358152352105
0.0882316591726637
0.0882315293010265
0.0882302621691803
0.088234955915136
0.0882355700553269
0.0882488641513095
0.0882411691754649
0.0882380413533775
0.0882489048991577
0.088237125276683
0.088242310532743
0.0882658965808707
0.0921592905313861
0.1082928058827
0.108303015210406
0.1082928058827
0.00707489898426074
0.00706779696560241
0.0070613863873247
0.00706051122396646
0.00706055216596733
0.00706001721598614
0.00706000469206193
0.00705989837657748
0.00756382171653804
0.0075598588353119
0.0465597374261431
0.0463023239007478
0.0463028251215115