0.152088576897657
0.152088576897657
0.152088576897657
0.152088576897657
0.152088576897657
0.15314301057728
0.143493485192685
0.143493485192685
0.143493485192685
0.143397544237983
0.143394025753328
0.143394025753328
0.143394025753328
0.144298859547109
0.143380803244438
0.143380803244438
0.143380803244438
0.143380803244438
0.143380803244438
0.143526995149686
0.143622980197161
0.149004013653582
0.148310332231534
0.143648861722045
0.143616221095345
0.143712882262094
0.143715798775388
0.143715798775388
0.143730294987588
0.144405106096437
0.144932409882522
0.145095105550026
0.145095105550026
0.145095105550026
0.145058572811273
0.145955857177086
0.145260917358066
0.145238899609123
0.145161125669569
0.141321840214335
0.141258176634775
0.14126930602272
0.141284131786194
0.141280018179646
0.141275441814327
0.141245234297866
0.141237663803078
0.142220477297437
0.142232340301394
0.142232191434806
0.142228674751079
0.14124650568447
0.14124570903624
0.141241749404282
0.141227692446154
0.14123307439329
0.141225165332456
0.141241421130402
0.141252268592038
0.141251512945042
0.141247596711289
0.141247457642822
0.141246776715101
0.141245500184996
0.142259078515659
0.14126245495961
0.141142155028304
0.141125415444347
0.141141439979361
0.141134377429783
0.14114091120923
0.141137478068918
0.141155312476085
0.141146099894039
0.141148323684665
0.14115577717495
0.14114573926078
0.141147259859654
0.141128262849485
0.141127309437778
0.171817847923927
0.171817518219077
0.171748945203912
0.143236748265306
0.144772684170426
0.143212681457301
0.143163521903537
0.142460649983743
0.142460185725821
0.151266037626945
0.151262494920641
0.216904550213707
0.25477305008346
0.207759426939627
0.206859424116501
0.206982578236577