0.345919293830143
0.345919293830143
0.345919293830143
0.345919293830143
0.345919293830143
0.345919293830143
0.387130833473989
0.387130833473989
0.387130833473989
0.387152917625514
0.387057803629751
0.387057803629751
0.387057803629751
0.387131550385563
0.387131550385563
0.387131550385563
0.387131550385563
0.387131550385563
0.387131550385563
0.387275755747142
0.387260511066952
0.366754805984437
0.366369455206247
0.385385786952896
0.385385786952896
0.385640809033853
0.385651978659236
0.385651978659236
0.385692780769744
0.385837751307233
0.389191039253902
0.389494798985064
0.389494798985064
0.389494798985064
0.389597839624662
0.391206526227117
0.389556335782899
0.389665091421722
0.397268308277123
0.40105493820999
0.401097056227083
0.401081724802145
0.401130640270599
0.402078419161951
0.401279888330936
0.401308129779816
0.401268145299994
0.401278892413769
0.401226444344283
0.40120195127101
0.401203909965634
0.401165392227291
0.401142219846782
0.401176390844155
0.401228660170335
0.401222084992031
0.401224286527264
0.401178581081774
0.401227948186969
0.401111462853835
0.401167612133806
0.401163203153367
0.40114221156248
0.401139257813966
0.401006247014352
0.401057689804383
0.401064199036741
0.401110871538433
0.401095030616533
0.401106579833998
0.401069751697788
0.401068280971436
0.400983424383507
0.401026805166147
0.401047735797374
0.400981291554714
0.401053264634282
0.401024608543374
0.401111631459734
0.401134813639377
0.40100300888524
0.40100963295206
0.401061967890307
0.400987693648261
0.400914033964965
0.401434575563555
0.401201314912576
0.401199111013381
0.401199111013381
0.40119621238481
0.401190423335205
0.430128083925251
0.431705680765476
0.431574400743685
0.429850177520837
0.429844865278616