0.033578427317377
0.033578427317377
0.033578427317377
0.033578427317377
0.033578427317377
0.033578427317377
0.0297581405223699
0.0293535699685457
0.0293535699685457
0.0293535699685457
0.0293525666506559
0.0293525666506559
0.0293525666506559
0.0291964386050914
0.0291964386050914
0.0291964386050914
0.0293512206503741
0.0293512206503741
0.0293512206503741
0.0294820390485319
0.0294298632234571
0.0258408476669875
0.0254339323222038
0.0241059509347491
0.0239762000053028
0.023920060003236
0.023920060003236
0.023920060003236
0.024741074812076
0.0248141208021677
0.0251466127554666
0.0249790101736028
0.0249790101736028
0.0249790101736028
0.0293941477170438
0.0309404381614621
0.028581208703416
0.0285363337922309
0.0282277395665123
0.0281540937293433
0.0278153228783656
0.0306381713377079
0.0307624209829037
0.0297715407487396
0.0296287682525175
0.0295994812545944
0.0296141719019582
0.0305325326989904
0.0305307600000485
0.030563222317424
0.0305472109940206
0.0285744353994166
0.0283142451129702
0.0283394421771098
0.0283170918141335
0.0282878006565073
0.0282731405771038
0.0283428461497491
0.0282767922778834
0.0282881991771597
0.0282832181876365
0.0282738909861112
0.0282980860762068
0.0282943774221834
0.0285157236370262
0.0284938251963002
0.0276345379116287
0.0275831703619983
0.0275904841393672
0.0275758145707644
0.0276344822000259
0.0276454880465234
0.0275776450809579
0.0276093631564566
0.02758759619018
0.0275785146573781
0.0275879612545827
0.02761163968358
0.0275831214822554
0.0285462647559873
0.0243178453047856
0.0243178435467118
0.0243178453047856
0.0315242332474067
0.0300818984411433
0.0285801562452472
0.0288475702720592
0.0289725886571158
0.0289718991994561
0.0279393484747361
0.0279393484747361
0.0297544299358538
0.0291123087043894
0.0281298673129379
0.0286743280282216
0.0274303343431047