0.0
0.0
0.0
0.0
0.0
0.0
0.00376440482190721
0.00376440482190721
0.00376440482190721
0.0037646196221652
0.00376450966951974
0.00376450966951974
0.00376450966951974
0.00376418125142409
0.00376418125142409
0.00376418125142409
0.00376418125142409
0.00376418125142409
0.00376418125142409
0.00376545323518397
0.00376579469535328
0.0039085929806781
0.00390733238077417
0.00377349827527298
0.00377349827527298
0.0
0.0
0.0
0.0
0.0
0.0
0.0
0.0
0.0
0.0
0.0
0.0
0.0
0.0
0.0
0.0
0.0
0.0
0.0
0.0
0.0
0.0
0.0
0.0
0.0
0.0
0.0
0.0
0.0
0.0
0.0
0.0
0.0
0.0
0.0
0.0
0.0
0.0
0.0
0.0
0.0
0.0
0.0
0.0
0.0
0.0
0.0
0.0
0.0
0.0
0.0
0.0
0.0
0.0
0.0
0.0
0.0
0.0
0.0
0.0
0.0
0.0
0.0
0.0
0.0
0.0
0.00407884631616
0.0
0.0
0.00407482676964688
0.00407563283586415