0.000735072115577675
0.000735072115577675
0.000735072115577675
0.000735072115577675
0.000735072115577675
0.000735072115577675
0.000787151232329034
0.000787151232329034
0.000787151232329034
0.000787151232329034
0.00078693819907846
0.00078693819907846
0.00078693819907846
0.000786832632293285
0.000786832632293285
0.000786832632293285
0.000786832632293285
0.000786832632293285
0.000786832632293285
0.000786722315005554
0.000786832632293285
0.000809659138818403
0.000809940122014705
0.000788085262068621
0.000788085262068621
0.000788754836562687
0.000788754836562687
0.000788754836562687
0.000788754836562687
0.000788672980148977
0.000797147308604793
0.000797147308604793
0.000797147308604793
0.000797147308604793
0.000797093029108398
0.00080089117614262
0.000798009574286584
0.000798009574286584
0.000797093029108398
0.000797093029108398
0.000797065739840308
0.000797107134128685
0.000797107134128685
0.00123853464181219
0.000771831180585726
0.000771802957034598
0.000771381520762927
0.000771360342959383
0.000771409744314055
0.000683472219131757
0.000683413850789086
0.00484351612257776
0.00484456363999294
0.00484369116734784
0.00484341116328539
0.00484343498831438
0.00484341116328539
0.00484369116734784
0.00489016434949283
0.00484459424512772
0.00484351612257776
0.00484351612257776
0.00484456363999294
0.00484455896850463
0.00484246087004091
0.00484143662854843
0.0048416115842262
0.00484133169206332
0.00484138371783618
0.00484133169206332
0.0048416115842262
0.00484159394450697
0.00484251378075316
0.00484251116120435
0.00484143662854843
0.00484251378075316
0.00484143662854843
0.00484251116120435
0.00487999223838445
0.00484133169206332
0.0054702074039066
0.0054702074039066
0.0054702074039066
0.000686754330594238
0.000685927716590208
0.000685128742509331
0.00068526479888208
0.00068526479888208
0.00068526479888208
0.00068526479888208
0.00068526479888208
0.000732734160349206
0.000733123535257761
0.00201183933317343
0.0020067462670858
0.0020067462670858