0.00499007397440744
0.00499007397440744
0.00502732614603578
0.00502732614603578
0.00502732614603578
0.00502732614603578
0.00502732614603578
0.00502732614603578
0.00502732614603578
0.00502732614603578
0.00502732614603578
0.00502629863978209
0.00502629863978209
0.00501905370670716
0.00499007397440744
0.00499007397440744
0.00499007397440744
0.00501180877363223
0.00501180877363223
0.00499007397440744
0.00499007397440744
0.00499007397440744
0.00499007397440744
0.00496273014022214
0.00499007397440744
0.00499007397440744
0.00499007397440744
0.00499007397440744
0.00499007397440744
0.00499007397440744
0.00499007397440744
0.00499007397440744
0.00499007397440744
0.00499007397440744
0.00499007397440744
0.00499007397440744
0.00499007397440744
0.00496634340703094
0.00488071297452145
0.00488071297452145
0.00486695995291658
0.00498017414726458
0.00499273923304497
0.00499273923304497
0.00499273923304497
0.00499273923304497
0.00499273923304497
0.00498017414726458
0.00495964723053095
0.00498017414726458
0.00498017414726458
0.00498017414726458
0.00499273923304497
0.00499273923304497
0.00499273923304497
0.00498017414726458
0.00498017414726458
0.00498017414726458
0.00498017414726458
0.00498017414726458
0.00498017414726458
0.00498017414726458
0.00499420903603625
0.00499420903603625
0.00499273923304497
0.00494295083374201
0.00498017414726458
0.00498017414726458
0.00498017414726458
0.00499273923304497
0.00499273923304497
0.00498017414726458
0.00498017414726458
0.00498017414726458
0.0049287255767983
0.00498017414726458
0.00498017414726458
0.00498017414726458
0.00498017414726458
0.00498017414726458
0.00498017414726458
0.00498017414726458
0.0049287255767983
0.00498017414726458
0.00498017414726458
0.00498017414726458
0.00499273923304497
0.00498017414726458
0.00498017414726458
0.00498017414726458
0.00498017414726458
0.00499273923304497
0.00498017414726458
0.00498017414726458
0.00497810842416042
0.00497810842416042