0.0011869239255735
0.0011869239255735
0.0011869239255735
0.0011869239255735
0.0011869239255735
0.0011869239255735
0.0011869239255735
0.0011869239255735
0.0011869239255735
0.0011869239255735
0.0011869239255735
0.0011869239255735
0.0011869239255735
0.0011869239255735
0.0011869239255735
0.0011869239255735
0.0011869239255735
0.0011869239255735
0.0011869239255735
0.0011869239255735
0.0011869239255735
0.0011869239255735
0.0011869239255735
0.0011869239255735
0.0011869239255735
0.0011869239255735
0.0011869239255735
0.0011869239255735
0.00112930364323412
0.0011869239255735
0.0011869239255735
0.0011869239255735
0.00112930364323412
0.0011869239255735
0.0011869239255735
0.0011869239255735
0.0011869239255735
0.00118242035762784
0.00118193852309897
0.00118302056685017
0.00118227097850355
0.00118176319415911
0.00118176319415911
0.00118176319415911
0.00118176319415911
0.00118176319415911
0.00118176319415911
0.00118176319415911
0.00118176319415911
0.00118176319415911
0.00118176319415911
0.00118176319415911
0.00118176319415911
0.00118176319415911
0.00118176319415911
0.00118176319415911
0.00118176319415911
0.00118176319415911
0.00118176319415911
0.00118176319415911
0.00118176319415911
0.00118176319415911
0.00118213647745848
0.00118240199359065
0.00118202871029127
0.00118176319415911
0.00118176319415911
0.00118176319415911
0.00118176319415911
0.00118176319415911
0.00118176319415911
0.00118176319415911
0.00118176319415911
0.00118176319415911
0.00118176319415911
0.00118176319415911
0.00118176319415911
0.00118176319415911
0.00118176319415911
0.00118176319415911
0.00118176319415911
0.00118176319415911
0.00118176319415911
0.00118176319415911
0.00118176319415911
0.00118176319415911
0.00118176319415911
0.00118176319415911
0.00118176319415911
0.00118173646918959
0.00118173646918959
0.00118173646918959
0.00118173646918959
0.00118173646918959
0.00118173646918959
0.00118173646918959