0.10862494306971
0.10862494306971
0.108559738672035
0.108559738672035
0.108559738672035
0.108559738672035
0.108559738672035
0.108559738672035
0.108559738672035
0.108440217503716
0.108455664112158
0.108470153978308
0.108469197236016
0.108476442169091
0.10850542190139
0.10850542190139
0.10850542190139
0.108483687102166
0.108483687102166
0.10850542190139
0.10850542190139
0.10850542190139
0.10856518248555
0.10856518248555
0.10856518248555
0.108517452817203
0.108517452817203
0.108517452817203
0.107324957732294
0.10851697732319
0.10851697732319
0.10851697732319
0.104750051365253
0.10851697732319
0.10851697732319
0.10851697732319
0.10851697732319
0.108490386281515
0.109045154746111
0.109045154746111
0.108939566608552
0.108902371405322
0.108860586022064
0.108867825841069
0.108867825841069
0.108831626746046
0.108831626746046
0.108896785117087
0.108893813403604
0.108893813403604
0.108893813403604
0.108893813403604
0.108857614308582
0.108828655032564
0.108828655032564
0.108893813403604
0.108893813403604
0.108893813403604
0.108893813403604
0.108893813403604
0.108893813403604
0.108893813403604
0.108932755402954
0.107885295229142
0.107820855860644
0.107865927668494
0.10767490525751
0.10767490525751
0.10767490525751
0.10760974688647
0.10760974688647
0.10767490525751
0.10767490525751
0.10767490525751
0.107739201305089
0.10767490525751
0.10767490525751
0.10767490525751
0.10767490525751
0.10767490525751
0.10767490525751
0.10767490525751
0.10771776928923
0.10767490525751
0.10767490525751
0.10767490525751
0.10760974688647
0.10767490525751
0.10767490525751
0.107663466055332
0.107652118653621
0.10758696028258
0.107652118653621
0.107652118653621
0.107652118653621
0.107652118653621