0.07842525765541
0.07842525765541
0.07842525765541
0.07842525765541
0.07842525765541
0.07842525765541
0.07842525765541
0.07842525765541
0.07842525765541
0.07842525765541
0.07842525765541
0.07842525765541
0.07842525765541
0.07842525765541
0.07842525765541
0.07842525765541
0.07842525765541
0.07842525765541
0.07842525765541
0.07842525765541
0.07842525765541
0.07842525765541
0.07842525765541
0.07842525765541
0.07842525765541
0.07842525765541
0.07842525765541
0.07842525765541
0.07842525765541
0.07842525765541
0.07842525765541
0.07842525765541
0.07842525765541
0.07842525765541
0.07842525765541
0.07842525765541
0.07842525765541
0.07842525765541
0.07842525765541
0.07842525765541
0.07842525765541
0.07842525765541
0.07842525765541
0.07842525765541
0.07842525765541
0.07842525765541
0.07842525765541
0.07842525765541
0.07842525765541
0.07842525765541
0.07842525765541
0.07842525765541
0.07842525765541
0.07842525765541
0.07842525765541
0.07842525765541
0.07842525765541
0.07842525765541
0.07842525765541
0.07842525765541
0.07842525765541
0.07842525765541
0.07842525765541
0.07842525765541
0.07842525765541
0.07842525765541
0.07842525765541
0.07842525765541
0.07842525765541
0.07842525765541
0.07842525765541
0.07842525765541
0.07842525765541
0.07842525765541
0.07842525765541
0.07842525765541
0.07842525765541
0.07842525765541
0.07842525765541
0.07842525765541
0.07842525765541
0.0784216194695267
0.0776954638221679
0.0776954638221679
0.0776954638221679
0.0776954638221679
0.0776954638221679
0.0776954638221679
0.0776954638221679
0.0776954638221679
0.0776954638221679
0.0776954638221679
0.0776954638221679
0.0776954638221679
0.0776954638221679
0.0776954638221679
