0.000122636119124267
0.000122636119124267
0.000122636119124267
0.000122636119124267
0.000122636119124267
0.000122636119124267
0.000122636119124267
0.000122636119124267
0.000122636119124267
0.000122636119124267
0.000122636119124267
0.000122636119124267
0.000122636119124267
0.000122722315658531
0.000122716435524579
0.000121716351178749
0.000121716351178749
0.000121716351178749
0.000121716351178749
0.000121716351178749
0.000121631503644215
0.000121631503644215
0.000121631503644215
0.000121631503644215
0.000121631503644215
0.000121631503644215
0.000121631503644215
0.000121631503644215
0.000121631503644215
0.000121631503644215
0.000121631503644215
0.000121631503644215
0.000121631503644215
0.000121631503644215
0.000121631503644215
0.000121631503644215
0.000121631503644215
0.000121631503644215
0.000121631503644215
0.000121631503644215
0.000121631503644215
0.000121631503644215
0.000121631503644215
0.000121631503644215
0.000121631503644215
0.000121631503644215
0.000121631503644215
0.000121631503644215
0.000121631503644215
0.000121631503644215
0.000121631503644215
0.000121631503644215
0.000121631503644215
0.000121631503644215
0.000121631503644215
0.000121631503644215
0.000121631503644215
0.000121631503644215
0.000121631503644215
0.000121631503644215
0.000121631503644215
0.000121631503644215
0.000121631503644215
0.000121631503644215
0.000121631503644215
0.000121631503644215
0.000121631503644215
0.000121631503644215
0.000121631503644215
0.000121631503644215
0.000121631503644215
0.000121631503644215
0.000121631503644215
0.000121631503644215
0.000121631503644215
0.000121631503644215
0.000121631503644215
0.000121631503644215
0.000121631503644215
0.000121631503644215
0.000121631503644215
0.000121631503644215
0.000121631503644215
0.000121631503644215
0.000121631503644215
0.000121631503644215
0.000121631503644215
0.000121631503644215
0.000121631503644215
0.000121631503644215
0.000121631503644215
0.000121631503644215
0.000121631503644215
0.000121631503644215
0.000121631503644215
0.000121631503644215