0.0147925653132932
0.0148371602657021
0.0148371602657021
0.0148371602657021
0.0148371602657021
0.0147248048180077
0.0147248048180077
0.0147248048180077
0.0147248048180077
0.0147248048180077
0.0147248048180077
0.0147248048180077
0.0147248048180077
0.0139769197457904
0.0121689612650485
0.0140385336737217
0.0140385336737217
0.0140385336737217
0.0140608468220232
0.0140608468220232
0.0148009980193083
0.0148046459495965
0.0148046459495965
0.0148046459495965
0.0148046459495965
0.0148046459495965
0.0148046459495965
0.0148046459495965
0.014801858765071
0.0148046459495965
0.0150035342984293
0.0149663026520785
0.0149663026520785
0.0149663026520785
0.0149663026520785
0.0148157946876987
0.0148157946876987
0.0148157946876987
0.0148157946876987
0.0148157946876987
0.0148157946876987
0.0148157946876987
0.0148157946876987
0.0148157946876987
0.0148157946876987
0.0148157946876987
0.0148157946876987
0.0169193084222385
0.0169193084222385
0.0169193084222385
0.0169193084222385
0.0169193084222385
0.0169193084222385
0.0148157946876987
0.0148157946876987
0.0169193084222385
0.0169193084222385
0.0169193084222385
0.0169193084222385
0.0148157946876987
0.0148157946876987
0.0148157946876987
0.0148380921639031
0.0172481961962536
0.0172481961962536
0.0172481961962536
0.0169193084222385
0.0148157946876987
0.0148157946876987
0.0148157946876987
0.0148157946876987
0.0148157946876987
0.0148157946876987
0.0148157946876987
0.0148157946876987
0.0148157946876987
0.0148157946876987
0.0148157946876987
0.0148157946876987
0.0148157946876987
0.0148157946876987
0.0148157946876987
0.0148157946876987
0.0148157946876987
0.0148157946876987
0.0172197678480182
0.0172197678480182
0.0172197678480182
0.0168241163394829
0.0149715073421579
0.0149715073421579
0.0149603586040557
0.0149603586040557
0.0148046459495965
0.0148046459495965
0.0148046459495965
