0.0023560144310859
0.0023560144310859
0.0023560144310859
0.0023560144310859
0.0023560144310859
0.0023560144310859
0.0023560144310859
0.00225939203420011
0.00225939203420011
0.00225939203420011
0.00225939203420011
0.00233371695488149
0.00233371695488149
0.00233557010035747
0.0023355246926564
0.00233557010035747
0.00233557010035747
0.00233557010035747
0.00233557010035747
0.00233557010035747
0.00233371695488149
0.00233371695488149
0.00233371695488149
0.00233371695488149
0.00233371695488149
0.00233371695488149
0.00233371695488149
0.00233371695488149
0.00233371695488149
0.00233371695488149
0.00213861403809288
0.00213861403809288
0.00213861403809288
0.00213861403809288
0.00213861403809288
0.00233371695488149
0.00233371695488149
0.00233371695488149
0.00233371695488149
0.00233371695488149
0.00233371695488149
0.00233371695488149
0.00233371695488149
0.00233371695488149
0.00233371695488149
0.00233371695488149
0.00233371695488149
0.00269605094320318
0.00269605094320318
0.00269605094320318
0.00269605094320318
0.002361588800137
0.00233371695488149
0.00233371695488149
0.00233371695488149
0.00266817909794767
0.00266817909794767
0.00269605094320318
0.00269605094320318
0.002361588800137
0.00233371695488149
0.00233371695488149
0.00233371695488149
0.00271834841940759
0.00271834841940759
0.00271834841940759
0.00269605094320318
0.00233371695488149
0.00233371695488149
0.00233371695488149
0.00233371695488149
0.00233371695488149
0.00233371695488149
0.00233371695488149
0.00233371695488149
0.00233371695488149
0.00233371695488149
0.0023334691621263
0.0023334691621263
0.0023334691621263
0.0023334691621263
0.0023334691621263
0.0023334691621263
0.0023334691621263
0.00235576663833072
0.0023334691621263
0.0023334691621263
0.0023334691621263
0.0023334691621263
0.0023334691621263
0.0023334691621263
0.0023334691621263
0.0023334691621263
0.0023334691621263
0.0023334691621263
0.0023334691621263