0.0159750276319052
0.0159750276319052
0.0159750276319052
0.0159750276319052
0.0159750276319052
0.0159750276319052
0.0159750276319052
0.0159750276319052
0.0159750276319052
0.0159750276319052
0.0159750276319052
0.0159750276319052
0.0159750276319052
0.0151082985683424
0.133214031804212
0.015236756718219
0.015236756718219
0.015236756718219
0.0163745626001935
0.0163745626001935
0.0163720817149963
0.0163714533246635
0.0163714533246635
0.0163714533246635
0.0163714533246635
0.0163714533246635
0.0163714533246635
0.0163714533246635
0.0163714533246635
0.0163714533246635
0.0163714900933293
0.0163714533246635
0.0163714533246635
0.0163714533246635
0.0163714533246635
0.0163714533246635
0.0163714533246635
0.0163714533246635
0.0163714533246635
0.0163714533246635
0.0163714533246635
0.0163714533246635
0.0163714533246635
0.0163714533246635
0.0163714533246635
0.0163714533246635
0.0163714533246635
0.0163881764318168
0.0163881764318168
0.0163881764318168
0.0163881764318168
0.0163045608960503
0.0163045608960503
0.0163714533246635
0.0163714533246635
0.0163881764318168
0.0163881764318168
0.0163881764318168
0.0163881764318168
0.0163714533246635
0.0163714533246635
0.0163714533246635
0.0163045608960503
0.0163881764318168
0.0163881764318168
0.0163881764318168
0.0163881764318168
0.0163714533246635
0.0163714533246635
0.0163714533246635
0.0163714533246635
0.0163714533246635
0.0163714533246635
0.0163714533246635
0.0163714533246635
0.0163714533246635
0.0163714533246635
0.0167282129439341
0.0167282129439341
0.0167282129439341
0.0167282129439341
0.0167282129439341
0.0167282129439341
0.0167282129439341
0.0167282129439341
0.018743985010169
0.018743985010169
0.018743985010169
0.0187216875339646
0.0164836293437356
0.0164836293437356
0.0164836293437356
0.0164836293437356
0.0164613318675311
0.0164613318675311
0.0164613318675311