7.43249206813737e-05
7.43249206813737e-05
7.43249206813737e-05
7.43249206813737e-05
7.43249206813737e-05
7.43249206813737e-05
7.43249206813737e-05
7.43249206813737e-05
7.43249206813737e-05
7.43249206813737e-05
7.43249206813737e-05
7.43249206813737e-05
7.43249206813737e-05
7.43771610051701e-05
7.43738942640859e-05
7.43771610051701e-05
7.43771610051701e-05
7.43771610051701e-05
7.43771610051701e-05
7.43771610051701e-05
7.43249206813737e-05
7.43249206813737e-05
7.43249206813737e-05
7.43249206813737e-05
7.43249206813737e-05
7.43249206813737e-05
7.43249206813737e-05
7.43249206813737e-05
7.43249206813737e-05
7.43249206813737e-05
7.43249206813737e-05
7.43249206813737e-05
7.43249206813737e-05
7.43249206813737e-05
7.43249206813737e-05
7.43249206813737e-05
7.43249206813737e-05
7.43249206813737e-05
7.43249206813737e-05
7.43249206813737e-05
7.43249206813737e-05
7.43249206813737e-05
7.43249206813737e-05
7.43249206813737e-05
7.43249206813737e-05
7.43249206813737e-05
7.43249206813737e-05
7.43249206813737e-05
7.43249206813737e-05
7.43249206813737e-05
7.43249206813737e-05
7.43249206813737e-05
7.43249206813737e-05
7.43249206813737e-05
7.43249206813737e-05
7.43249206813737e-05
7.43249206813737e-05
7.43249206813737e-05
7.43249206813737e-05
7.43249206813737e-05
7.43249206813737e-05
7.43249206813737e-05
7.43249206813737e-05
7.43249206813737e-05
7.43249206813737e-05
7.43249206813737e-05
7.43249206813737e-05
7.43249206813737e-05
7.43249206813737e-05
7.43249206813737e-05
7.43249206813737e-05
7.43249206813737e-05
7.43249206813737e-05
7.43249206813737e-05
7.43249206813737e-05
7.43249206813737e-05
7.43249206813737e-05
7.43249206813737e-05
7.43249206813737e-05
7.43249206813737e-05
7.43249206813737e-05
7.43249206813737e-05
7.43249206813737e-05
7.43249206813737e-05
7.43249206813737e-05
7.43249206813737e-05
7.43249206813737e-05
7.43249206813737e-05
7.43249206813737e-05
7.43249206813737e-05
7.43249206813737e-05
7.43249206813737e-05
7.43249206813737e-05
7.43249206813737e-05
7.43249206813737e-05
7.43249206813737e-05