0.000702370500438982
0.000702370500438982
0.000702370500438982
0.000702370500438982
0.000702370500438982
0.000702370500438982
0.000702370500438982
0.000702370500438982
0.000702370500438982
0.000702370500438982
0.000702370500438982
0.000702370500438982
0.000702370500438982
0
0
0
0
0
0
0
0.000702370500438982
0.000702370500438982
0.000702370500438982
0.000702370500438982
0.000702370500438982
0.000702370500438982
0.000702370500438982
0.000702370500438982
0.000702370500438982
0.000702370500438982
0.000702370500438982
0.000702370500438982
0.000702370500438982
0.000702370500438982
0.000702370500438982
0.000702370500438982
0.000702370500438982
0.000702370500438982
0.000702370500438982
0.000702370500438982
0.000702370500438982
0.000702370500438982
0.000702370500438982
0.000702370500438982
0.000702370500438982
0.000702370500438982
0.000702370500438982
0.000702370500438982
0.000702370500438982
0.000702370500438982
0.000702370500438982
0.000702370500438982
0.000702370500438982
0.000702370500438982
0.000702370500438982
0.000702370500438982
0.000702370500438982
0.000702370500438982
0.000702370500438982
0.000702370500438982
0.000702370500438982
0.000702370500438982
0.000702370500438982
0.000702370500438982
0.000702370500438982
0.000702370500438982
0.000702370500438982
0.000702370500438982
0.000702370500438982
0.000702370500438982
0.000702370500438982
0.000702370500438982
0.000702370500438982
0.000702370500438982
0.000702370500438982
0.000702370500438982
0.000702370500438982
0.000702370500438982
0.000702370500438982
0.000702370500438982
0.000702370500438982
0.000702370500438982
0.000702370500438982
0.000702370500438982
0.000702370500438982
0.000702370500438982
0.000702370500438982
0.000702370500438982
0.000702370500438982
0.000702370500438982
0.000702370500438982
0.000702370500438982
0.000702370500438982
0.000702370500438982
0.000702370500438982
0.000702370500438982
