7.24667976643394e-05
7.24667976643394e-05
7.24667976643394e-05
7.24667976643394e-05
7.24667976643394e-05
7.24667976643394e-05
7.24667976643394e-05
7.24667976643394e-05
7.24667976643394e-05
7.24667976643394e-05
7.24667976643394e-05
7.24667976643394e-05
7.24667976643394e-05
7.25177319800409e-05
7.25079331339495e-05
7.11969657131676e-05
7.11969657131676e-05
7.11969657131676e-05
7.11969657131676e-05
7.11969657131676e-05
7.11478191913389e-05
7.11478191913389e-05
7.11478191913389e-05
7.11478191913389e-05
7.11478191913389e-05
7.11478191913389e-05
7.11478191913389e-05
7.11478191913389e-05
7.11478191913389e-05
7.11478191913389e-05
7.11478191913389e-05
7.11478191913389e-05
7.11478191913389e-05
7.11478191913389e-05
7.11478191913389e-05
7.11478191913389e-05
7.11478191913389e-05
7.11478191913389e-05
7.11478191913389e-05
7.11478191913389e-05
7.11478191913389e-05
7.11478191913389e-05
7.11478191913389e-05
7.11478191913389e-05
7.11478191913389e-05
7.11478191913389e-05
7.11478191913389e-05
7.11478191913389e-05
7.11478191913389e-05
7.11478191913389e-05
7.11478191913389e-05
7.11478191913389e-05
7.11478191913389e-05
7.11478191913389e-05
7.11478191913389e-05
7.11478191913389e-05
7.11478191913389e-05
7.11478191913389e-05
7.11478191913389e-05
7.11478191913389e-05
7.11478191913389e-05
7.11478191913389e-05
7.11478191913389e-05
7.11478191913389e-05
7.11478191913389e-05
7.11478191913389e-05
7.11478191913389e-05
7.11478191913389e-05
7.11478191913389e-05
7.11478191913389e-05
7.11478191913389e-05
7.11478191913389e-05
7.11478191913389e-05
7.11478191913389e-05
7.11478191913389e-05
7.11478191913389e-05
7.11478191913389e-05
7.11478191913389e-05
7.11478191913389e-05
7.11478191913389e-05
7.11478191913389e-05
7.11478191913389e-05
7.11478191913389e-05
7.11478191913389e-05
7.11478191913389e-05
7.11478191913389e-05
7.11478191913389e-05
7.11478191913389e-05
7.11478191913389e-05
7.11478191913389e-05
7.11478191913389e-05
7.11478191913389e-05
7.11478191913389e-05
7.11478191913389e-05
7.11478191913389e-05
7.11478191913389e-05