0.0177406391360862
0.0177406391360862
0.0177406391360862
0.0177406391360862
0.0177406391360862
0.0176563725503154
0.0176563725503154
0.0176563725503154
0.0176563725503154
0.0176563725503154
0.0176563725503154
0.0176563725503154
0.0176563725503154
0.0188174314453412
0.0158035771439545
0.0165174180997112
0.0166066706929174
0.0166066706929174
0.0152018842459024
0.0152018842459024
0.0152138306749815
0.0152135566372702
0.0152135566372702
0.0152135566372702
0.0151355154705548
0.0151355154705548
0.0151355154705548
0.0151355154705548
0.0151355154705548
0.0151355154705548
0.0151355289596511
0.0151355154705548
0.0151355154705548
0.0151355154705548
0.0151355154705548
0.0151355154705548
0.0151355154705548
0.0151355154705548
0.0151355154705548
0.0151355154705548
0.0151355154705548
0.0151355154705548
0.0151355154705548
0.0151355154705548
0.0151355154705548
0.0151355154705548
0.0151355154705548
0.015202407899168
0.015202407899168
0.015202407899168
0.015202407899168
0.0152247053753724
0.0152247053753724
0.0151355154705548
0.0152135566372702
0.0152804490658835
0.0152804490658835
0.0152804490658835
0.0152804490658835
0.0152135566372702
0.0152135566372702
0.0152135566372702
0.0151187923634015
0.0151856847920147
0.0151856847920147
0.0151856847920147
0.0152804490658835
0.0152135566372702
0.0152135566372702
0.0152135566372702
0.0152135566372702
0.0152135566372702
0.0152135566372702
0.0152135566372702
0.0152135566372702
0.0152135566372702
0.0152135566372702
0.0152132468963262
0.0152132468963262
0.0152132468963262
0.0152132468963262
0.0152132468963262
0.0152132468963262
0.0152132468963262
0.0152132468963262
0.00635650909381869
0.00635650909381869
0.00635650909381869
0.0073420391062909
0.014365299003703
0.014365299003703
0.0143764477418052
0.0143764477418052
0.0145315254597561
0.0145315254597561
0.0145315254597561
