0.047661573705566
0.047661573705566
0.047661573705566
0.047661573705566
0.047661573705566
0.047661573705566
0.047661573705566
0.047661573705566
0.047661573705566
0.047661573705566
0.047661573705566
0.0476620367127696
0.0476620367127696
0.0476620367127696
0.0476620367127696
0.0476620367127696
0.0476620367127696
0.0476620367127696
0.0476620367127696
0.0476620367127696
0.0476620367127696
0.0476620367127696
0.0476620367127696
0.0476620367127696
0.0476620367127696
0.0476620367127696
0.0476620367127696
0.0476620367127696
0.0476620367127696
0.0476620367127696
0.0476620367127696
0.0476620367127696
0.0476620367127696
0.0476620367127696
0.0476620367127696
0.0476620367127696
0.0476620367127696
0.0476620367127696
0.0476620367127696
0.0476620367127696
0.0476620367127696
0.0476620367127696
0.0476620367127696
0.0476620367127696
0.0476620367127696
0.0476620367127696
0.0476620367127696
0.0476620367127696
0.0476620367127696
0.0476620367127696
0.0476620367127696
0.0476620367127696
0.0476620367127696
0.0476620367127696
0.0476620367127696
0.0476620367127696
0.0476620367127696
0.0476620367127696
0.0476620367127696
0.0476620367127696
0.0476620367127696
0.0476620367127696
0.0476620367127696
0.0476620367127696
0.0476620367127696
0.0476620367127696
0.0476620367127696
0.0476620367127696
0.0476620367127696
0.0476620367127696
0.0476620367127696
0.0476620367127696
0.0476620367127696
0.0476620367127696
0.0476620367127696
0.0476620367127696
0.0476620367127696
0.0476620367127696
0.0476620367127696
0.0476620367127696
0.0476620367127696
0.0476620367127696
0.0476620367127696
0.0476620367127696
0.0476620367127696
0.0476620367127696
0.0476620367127696
0.0476620367127696
0.0476620367127696
0.0476620367127696
0.0476620367127696
0.0476620367127696
0.0476620367127696
0.0476620367127696
0.0476620367127696
0.0476620367127696