0.00902799357779159
0.00866868655479594
0.00825435052827844
0.00804718251501968
0.00804718251501968
0.00804718251501968
0.00804718251501968
0.00794359850839031
0.00794359850839031
0.00794359850839031
0.00794359850839031
0.00794359850839031
0.00794359850839031
0.00850683654443754
0.00871400455769629
0.00871400455769629
0.00871400455769629
0.00871400455769629
0.00871400455769629
0.00871400455769629
0.00871400455769629
0.00871400455769629
0.00871400455769629
0.00871400455769629
0.00871400455769629
0.00871400455769629
0.00871400455769629
0.00871400455769629
0.00891168460633228
0.00891168460633228
0.0087072274401086
0.0087072274401086
0.0087072274401086
0.0087072274401086
0.0087072274401086
0.0087072274401086
0.0087072274401086
0.0087072274401086
0.0087072274401086
0.0087072274401086
0.0087072274401086
0.0087072274401086
0.00782028938334457
0.00921664033756484
0.00901218317134116
0.00940987402261539
0.00940987402261539
0.00940987402261539
0.00940987402261539
0.00940987402261539
0.00940987402261539
0.00940987402261539
0.00940987402261539
0.00940987402261539
0.00940987402261539
0.00940987402261539
0.00940987402261539
0.00940987402261539
0.00940987402261539
0.00935941993583436
0.00935941993583436
0.00935581429016677
0.00935581429016677
0.00935581429016677
0.00935581429016677
0.00935581429016677
0.00935581429016677
0.00935581429016677
0.00935581429016677
0.00935581429016677
0.00935581429016677
0.00935581429016677
0.00935581429016677
0.00935581429016677
0.00935581429016677
0.00935581429016677
0.00935581429016677
0.00963334188761703
0.00963334188761703
0.00963334188761703
0.00963334188761703
0.00963334188761703
0.00963334188761703
0.00963334188761703
0.00963334188761703
0.00963334188761703
0.00963334188761703
0.00963334188761703
0.00971697691192729
0.00971697691192729
0.00971697691192729
0.00971697691192729
0.00971697691192729
0.00923163426001504
0.00923163426001504
0.00923163426001504