0.390220374974104
0.390220374974104
0.390220374974104
0.390220374974104
0.391534597058214
0.391702921068987
0.391702921068987
0.391702921068987
0.391702921068987
0.391702921068987
0.391697260506422
0.391697260506422
0.391697260506422
0.391697260506422
0.391697260506422
0.391697260506422
0.391697260506422
0.391697260506422
0.391697260506422
0.391697260506422
0.391697260506422
0.391697260506422
0.391697260506422
0.391697260506422
0.391697260506422
0.391697260506422
0.391697260506422
0.391697260506422
0.391697260506422
0.391697260506422
0.391697260506422
0.391697260506422
0.391697260506422
0.391697260506422
0.391697260506422
0.391697260506422
0.391697260506422
0.391697260506422
0.391697260506422
0.391697260506422
0.391697260506422
0.390214714411539
0.400350586496472
0.393959784828215
0.393959784828215
0.393017956590947
0.392810788577688
0.392810788577688
0.392849632580174
0.392849632580174
0.392849632580174
0.392810788577688
0.392810788577688
0.392810788577688
0.392810788577688
0.392810788577688
0.392810788577688
0.392810788577688
0.392810788577688
0.392810788577688
0.392810788577688
0.392810788577688
0.392810788577688
0.393341656611664
0.393341656611664
0.392810788577688
0.392810788577688
0.392810788577688
0.392810788577688
0.392810788577688
0.392810788577688
0.392810788577688
0.392810788577688
0.392810788577688
0.392810788577688
0.392344660547856
0.392344660547856
0.392344660547856
0.392344660547856
0.392344660547856
0.392344660547856
0.392344660547856
0.392344660547856
0.392344660547856
0.392344660547856
0.392344660547856
0.392344660547856
0.392344660547856
0.392344660547856
0.393225124604206
0.393225124604206
0.392325238546613
0.392325238546613
0.392325238546613
0.392325238546613
0.392325238546613