0.0543330484773151
0.0544107364822871
0.0544107364822871
0.0544107364822871
0.0548380205096333
0.0548380205096333
0.0548380205096333
0.0548380205096333
0.0547862285063186
0.05477328050549
0.05477328050549
0.05477328050549
0.0545661124922312
0.0532454164077066
0.0530382483944479
0.0530382483944479
0.0530382483944479
0.0529346643878185
0.0529346643878185
0.0529346643878185
0.0529346643878185
0.0529346643878185
0.0529346643878185
0.0529346643878185
0.0529346643878185
0.0529346643878185
0.0529346643878185
0.0529346643878185
0.0529317841128438
0.0529317841128438
0.0531362412790674
0.0531362412790674
0.0531362412790674
0.0531362412790674
0.0531362412790674
0.0532916172890115
0.0532916172890115
0.0537005316214588
0.0537005316214588
0.0537005316214588
0.0537005316214588
0.0532732475941127
0.0510113059965016
0.0545200188270445
0.0539632547914115
0.0565057778918491
0.0552551734776025
0.0552551734776025
0.0552033814742879
0.0552033814742879
0.0551774854726305
0.0552033814742879
0.0552033814742879
0.054825644781697
0.054825644781697
0.0547997487800396
0.0547997487800396
0.0547997487800396
0.0547997487800396
0.0547997487800396
0.0547997487800396
0.0550377962517958
0.0550377962517958
0.0550377962517958
0.0550377962517958
0.0550377962517958
0.0550377962517958
0.0550377962517958
0.0550377962517958
0.0550377962517958
0.0550377962517958
0.0550377962517958
0.0550377962517958
0.0550377962517958
0.0550377962517958
0.0550895882551105
0.0550895882551105
0.0546919959750273
0.0546919959750273
0.0547902857332345
0.0547902857332345
0.0547902857332345
0.0547902857332345
0.0547902857332345
0.0547902857332345
0.0547902857332345
0.0547902857332345
0.0547902857332345
0.0548823166988398
0.0530825445836544
0.0532766816444193
0.054176567702012
0.054176567702012
0.0545648418235418
0.0545648418235418
0.0545648418235418