0.0308162419722395
0.0308162419722395
0.0308162419722395
0.0308162419722395
0.0312176299979283
0.0312176299979283
0.0312176299979283
0.0312176299979283
0.0312176299979283
0.0312176299979283
0.0312176299979283
0.0312176299979283
0.0312176299979283
0.0312176299979283
0.0312176299979283
0.0312176299979283
0.0312176299979283
0.0312176299979283
0.0312176299979283
0.0312176299979283
0.0312176299979283
0.0312176299979283
0.0312176299979283
0.0312176299979283
0.0312176299979283
0.0312176299979283
0.0312176299979283
0.0312176299979283
0.0312176299979283
0.0312176299979283
0.0312176299979283
0.0312176299979283
0.0312176299979283
0.0312176299979283
0.0312176299979283
0.0318391340377046
0.0318391340377046
0.0318391340377046
0.0318391340377046
0.0318391340377046
0.0318391340377046
0.0314377460120157
0.0318901401517216
0.0315006791133886
0.0315006791133886
0.0314377460120157
0.0314377460120157
0.0314377460120157
0.0314377460120157
0.0314377460120157
0.0314377460120157
0.0314377460120157
0.0314377460120157
0.0314377460120157
0.0314377460120157
0.0314377460120157
0.0314377460120157
0.0314377460120157
0.0314377460120157
0.0314377460120157
0.0314377460120157
0.0314377460120157
0.0314377460120157
0.031269422001243
0.031269422001243
0.0314377460120157
0.0314377460120157
0.0314377460120157
0.0314377460120157
0.0314377460120157
0.0314377460120157
0.0314377460120157
0.0314377460120157
0.0314377460120157
0.0314377460120157
0.0314377460120157
0.0314377460120157
0.0314377460120157
0.0314377460120157
0.0314377460120157
0.0314377460120157
0.0314377460120157
0.0314377460120157
0.0314377460120157
0.0314377460120157
0.0314377460120157
0.0314377460120157
0.0314377460120157
0.0314377460120157
0.0314377460120157
0.0314377460120157
0.0314377460120157
0.0314377460120157
0.0314377460120157
0.0314377460120157
0.0314377460120157