0.102088304059338
0.102088303611775
0.102088303909467
0.102088304504835
0.102088304500573
0.102088304053074
0.102088303605608
0.102088304804115
0.102088304071404
0.102088304448796
0.10208830410864
0.102088304332677
0.102088304552958
0.102088304552489
0.102088304105246
0.102088303953331
0.102088303508478
0.102088303359428
0.102088303359096
0.102088303060667
0.102088303510295
0.10208830321202
0.102088303137426
0.102088303019592
0.102088302565974
0.102088302125945
0.102088301976965
0.102088301825147
0.102088301822306
0.102088301969707
0.1020883022675
0.102088301832504
0.102088301528921
0.102088301377136
0.102088301603314
0.102088301156501
0.102088301472177
0.10208830121104
0.102088301732107
0.102088301223294
0.102088300925541
0.102088301300616
0.102088301375019
0.154590396006337
0.154590285197137
0.136679770151316
0.13667977022574
0.136679770108705
0.136679769662223
0.136679769590889
0.136679769442083
0.136679769293098
0.136679768921103
0.136679769073688
0.119605255611225
0.119605255611225
0.119605255906273
0.119605255757505
0.119605255754665
0.119605255829241
0.119605255753948
0.119605255977265
0.119605255676967
0.119605255457204
0.119605255062602
0.119605255661272
0.119605255810494
0.119605256254254
0.119605256275278
0.119605256570348
0.119605256418835
0.119605256716746
0.11960525656524
0.119605256416577
0.119605256265079
0.1196052567177
0.119605256268934
0.119605251665687
0.119605251665687
0.119605251669219
0.119605252115693
0.119605252490423
0.11960525241618
0.119605252193456
0.119605252116378
0.119605252075902
0.119605252522364
0.119605252820345
0.119605252520565
0.119605252369262
0.119605253230929
0.119605253230929
0.119605252785586
0.119605253080741
0.119605253530008
0.119605253307355