0.0
0.0
0.0
0.0
0.0
0.0
0.0
0.0
0.0
0.0
0.0
0.0
0.0
0.0
0.0
0.0
0.0
0.0
0.0
0.0
0.0
0.0
0.0
0.0
0.0
0.0
0.0
0.0
0.0
0.0
0.0
0.0
0.0
0.0
0.0
0.0
0.0
0.0
0.0
0.0
0.0
0.0
0.0
0.0
0.0
0.0
0.0
0.0
0.0
0.0
0.0
0.0
0.0
0.0
0.0
0.0
0.0
0.0
0.0
0.0
0.0
0.0
0.0
0.0
0.0
0.0
0.0
0.400741792929293
0.400741792929293
0.400741792929293
0.474873737373737
0.449005681818182
0.172453703703704
0.397510302197802
0.414871413308913
0.39930728993229
0.39930728993229
0.39930728993229
0.39930728993229
0.39930728993229
0.39930728993229
0.39930728993229
0.39930728993229
0.39930728993229
0.39930728993229
0.39930728993229
0.39930728993229
0.39930728993229
0.39930728993229
0.39930728993229
0.39930728993229
0.393925345487846
0.400175345487846
0.400175345487846
0.400175345487846
0.400175345487846