0.408396913655791
0.409857580955185
0.40985716361689
0.409881993080659
0.409885317585892
0.409018083921978
0.408158837503234
0.404664165939186
0.40109901888035
0.399106442803357
0.396797929964069
0.396428838844998
0.396405061086414
0.396420672184238
0.396763176869225
0.396500346033073
0.396607266897401
0.396642984288247
0.396297870083734
0.393725108394173
0.393725108394173
0.393773165388762
0.392573178320785
0.389598261014055
0.389382498101756
0.389365549934677
0.386203599606897
0.386440349109799
0.385499507645473
0.385280683711028
0.385649788190593
0.384969830378226
0.384853078785183
0.378447500948546
0.384260362381334
0.384258005323014
0.38429833905938
0.384206773542538
0.384272213883649
0.384466182218684
0.384592780059116
0.384550548965604
0.384501806287841
0.384514856592098
0.384471119577349
0.384471119577349
0.384477470211861
0.384498015105888
0.384276427418522
0.384211595120925
0.384184993835662
0.38418496287852
0.384217698932146
0.381468310537403
0.381075638060657
0.381170110871933
0.381170110871933
0.381077174896277
0.38089664914308
0.38087143378732
0.380753458738937
0.380266919205318
0.448937239318053
0.448414809522729
0.451725926170856
0.451549807827325
0.451550089147181
0.45154686864089
0.451549775194808
0.451549775194808
0.451582998297754
0.449960964270461
0.449356242167886
0.449264460222731
0.449074074541556
0.449088227828131
0.449067379019354
0.449423823511346
0.449383281016477
0.44937355036772
0.449414707341085
0.44846430092069
0.448495616694933
0.448463246960856
0.44842761789591
0.44842761789591
0.448144812248601
0.448053204453728
0.447864151234452
0.44800383503702
0.447915540999407
0.447996273142654
0.446683720453676
0.446501191214088
0.4355122775694
0.375937840914726
