3.82937199511451e-05
3.84544154609289e-05
3.84544154609289e-05
3.84544154609289e-05
3.84544154609289e-05
3.84245859527122e-05
3.85466888702697e-05
3.81160722989949e-05
3.7667674457114e-05
3.74340589947868e-05
3.71781315683911e-05
3.7189294546021e-05
3.7189294546021e-05
3.7189294546021e-05
3.71217355133243e-05
5.62930852738395e-05
3.71190755185563e-05
3.70956355698141e-05
3.70903310735129e-05
3.65264358795712e-05
3.65264358795712e-05
3.11899575816943e-05
3.04713968168814e-05
3.00939100118678e-05
3.00677950276874e-05
3.00677950276874e-05
2.97429559010068e-05
2.97143373707357e-05
2.95244936047651e-05
3.33963402780505e-05
3.16358137469126e-05
3.36792623552045e-05
3.35565450032515e-05
2.86112325852314e-05
2.86112325852314e-05
2.86112325852314e-05
2.85907847309984e-05
2.85686999308352e-05
2.85686999308352e-05
2.84571905696174e-05
2.84571905696174e-05
2.84571905696174e-05
2.83795390874779e-05
2.83795390874779e-05
2.83795390874779e-05
2.83795390874779e-05
2.83795390874779e-05
2.83795390874779e-05
3.64204475205207e-05
3.6399271435912e-05
3.63814650888978e-05
2.83244789579531e-05
2.8353073415073e-05
2.80648913155218e-05
2.79191511160459e-05
2.79191511160459e-05
2.79191511160459e-05
2.79155827807321e-05
2.78996878224476e-05
2.78996878224476e-05
2.78633005927762e-05
2.8164214290102e-05
5.42211615244395e-05
5.41735007265942e-05
5.66245616587494e-05
5.90757340502418e-05
5.40766679854127e-05
5.40746148555161e-05
6.02497175641699e-05
6.02497175641699e-05
6.02041494367592e-05
5.99851067795589e-05
5.99273006598141e-05
5.99197234112564e-05
5.98173565344783e-05
5.98128128595453e-05
5.98082756617801e-05
5.95205983748466e-05
5.94955736799115e-05
5.94955736799115e-05
5.94955736799115e-05
5.94425478792323e-05
5.94264170020413e-05
5.94264170020413e-05
5.94425478792323e-05
5.94425478792323e-05
5.92166994696347e-05
5.91793687110936e-05
5.91516949085715e-05
5.90459415029618e-05
5.90459415029618e-05
5.90423110286641e-05
5.88919842316045e-05
5.88626891132086e-05
5.88626891132086e-05
5.14478485569967e-05
