0.000199282646629366
0.000200023560086912
0.000200023560086912
0.000200044065012797
0.000200045437074387
0.000199261114073758
0.000199366364039455
0.00019770090392513
0.000195822379735486
0.0001948951005848
0.000193795121348523
0.000193615217655324
0.000193605419551028
0.000193513039525604
0.000193306711051146
0.000193241219514871
0.000193241219514871
0.000193121695780289
0.000192863945157493
0.000191188767885124
0.000191176355842483
0.000190997958822158
0.000188127120355825
0.000186627768539044
0.00018661599058849
0.000186488676940165
0.000184994328237353
0.000184850638449769
0.00018394548762479
0.000183887291720864
0.000181831842024276
0.000179733581267327
0.000179660205859776
0.000177564831717759
0.000180084290571351
0.000180101847925865
0.000180036011862698
0.000180024326474032
0.000180001331040781
0.000179945576360173
0.00017989698760594
0.00017989698760594
0.000179858161864871
0.000179853681842812
0.000179840343320474
0.000179840343320474
0.000179746743256679
0.000179696734305055
0.000179610618103413
0.000179584383583128
0.000179569020204465
0.000179569020204465
0.000179583317433025
0.000178277227507894
0.000178075651099215
0.000178062280995465
0.000178046563609512
0.000178026855512198
0.000177961509206416
0.000177956987293597
0.000177904563587461
0.000178018957283251
0.000223196146515013
0.000224262168229755
0.000224504877938011
0.000222850793780731
0.000222851429492122
0.000226373100366442
0.000224384983077769
0.000224384983077769
0.00022431469743108
0.000223509808382554
0.000223206455897134
0.00022318513336801
0.000223095017078391
0.000223094975521948
0.0002230910124166
0.00022286362991967
0.000222772969847541
0.000222727849945579
0.000222594980977644
0.000222521551483706
0.000222512615337166
0.000222510698473294
0.000222520606720163
0.000222520606720163
0.000222401754908035
0.000222256718222014
0.000222157437789721
0.000221826029730822
0.000221793819813979
0.000221784476622331
0.000221151865636351
0.000221068972576346
0.000219747972684753
0.000190042351989963
