0.104510350898123
0.104799243458337
0.104799243458337
0.104799253715858
0.104799253715858
0.105412308116226
0.104729250166971
0.104364813744983
0.103595127601882
0.103397982862262
0.103053465181595
0.102668488249831
0.102655055843827
0.102698273605712
0.102754934467407
0.100960004197275
0.10274047710289
0.10274047710289
0.102672995621305
0.102342834895947
0.102342822483904
0.102328874797813
0.101905105768159
0.101340669047324
0.101285843585918
0.101258318634658
0.100600032392613
0.100604769108931
0.100443845639492
0.100479925660108
0.100315240208606
0.100164255362414
0.100027383404646
0.0994862476971067
0.0999689871240384
0.0999690077712731
0.0999393560558693
0.0999393560558693
0.0999393424869815
0.100120821355701
0.10012081898164
0.10012081898164
0.100036621276619
0.100036621276619
0.100036621276619
0.100036621276619
0.100033661888347
0.100029658044128
0.100059293802272
0.100035287189795
0.100033168302539
0.100023335920079
0.100079488733849
0.0997489081616915
0.0992420963580932
0.0992420963580932
0.0992420806407072
0.0992376862357684
0.0992194977660432
0.0992194977660432
0.0991447850441705
0.0986143077686694
0.117623284471023
0.117567514011826
0.118438086266214
0.118395569218168
0.121981874414212
0.121984825359052
0.121981420225219
0.121981420225219
0.122028829172695
0.121812408905808
0.121758154565424
0.121741191530249
0.121610278733947
0.121617084266844
0.121611295514507
0.122082611496146
0.12209480298062
0.122094792009179
0.122094735129787
0.121205308440533
0.121236120413254
0.121236129388484
0.121205317415763
0.121205317415763
0.120920635495466
0.120903750861216
0.120883346705489
0.121537397222459
0.121543738850466
0.121551541738056
0.121451153380993
0.121378568714916
0.113919668910342
0.102074115682038
