0.290791582347256
0.290823732923302
0.290828787353766
0.290828787353766
0.290828787353766
0.291055086897503
0.291084124595156
0.291137695916768
0.291111870127091
0.291121014239968
0.291111503653322
0.291116304696344
0.291116752224606
0.291116975702044
0.291117105349355
0.29302068340965
0.291144251689674
0.291153014611125
0.291142074087504
0.291056447136715
0.290856055766663
0.290858468010747
0.290895883068522
0.290900249960205
0.290873618493901
0.290873875624144
0.290829016434766
0.290830167221903
0.290845381982824
0.290856777363541
0.290922566133018
0.290958910804508
0.290904428187557
0.300796897629864
0.290870798673132
0.290870798673132
0.290861366654744
0.290861366654744
0.290861366654744
0.290809495900558
0.290809495900558
0.291308816476789
0.290661045041933
0.290661045041933
0.290661045041933
0.290661045041933
0.290664783713757
0.290669914417998
0.290611701860817
0.290602514072618
0.290598683646902
0.290599058572295
0.290612828400657
0.290622328975866
0.290558884401424
0.29055820658028
0.29055820658028
0.29055820658028
0.290562621814808
0.290562621814808
0.290544760273918
0.290691126055329
0.175890680885309
0.175854353413805
0.170981029646342
0.170943584150465
0.170943862526811
0.170943804455694
0.170942659452299
0.170942659452299
0.170940461503815
0.170839841585483
0.170811166646227
0.170803291611118
0.170800237893582
0.170800017231392
0.170799796754302
0.170785643164424
0.170784809837038
0.170784809837038
0.170784809837038
0.170782120184027
0.170781298291537
0.170776781621611
0.170774603800071
0.170774603800071
0.170774603800071
0.170759852742051
0.170721139239324
0.170681849999963
0.170677738691415
0.170679618667029
0.170577501632533
0.170573793061862
0.188694702735354
0.288994441190966
