8.68552371791974e-05
8.7093187254547e-05
8.7093187254547e-05
8.7093187254547e-05
8.7093187254547e-05
8.67779914683758e-05
8.69000943859333e-05
8.60757211566916e-05
8.54337978944282e-05
8.49358915177639e-05
8.44478091279103e-05
8.44501369063449e-05
8.44501369063449e-05
8.44501369063449e-05
8.44501369063449e-05
8.44474769115769e-05
8.44474769115769e-05
8.44474769115769e-05
8.44345398121535e-05
8.36333304942378e-05
8.23018263742899e-05
8.36333304942378e-05
8.23317406821938e-05
8.15468383979055e-05
8.15454668550621e-05
8.15454668550621e-05
8.08586808533731e-05
8.08498462986888e-05
8.04095062503987e-05
8.04124068734684e-05
7.96093535806924e-05
7.33883851284692e-05
7.33629932714999e-05
7.35949203709703e-05
7.86256512783667e-05
7.86256512783667e-05
7.86213698356122e-05
7.86213698356122e-05
7.86213698356122e-05
7.85978243275842e-05
7.85978243275842e-05
7.85978243275842e-05
7.85970052834547e-05
7.85970052834547e-05
7.85970052834547e-05
7.85970052834547e-05
7.85874896313357e-05
7.85874896313357e-05
7.85833046403114e-05
7.90135856835911e-05
7.85704282370804e-05
7.85704282370804e-05
7.85766787265775e-05
7.78854012343512e-05
7.78542268605831e-05
7.78542268605831e-05
7.78542268605831e-05
7.78542268605831e-05
7.78542268605831e-05
7.78542268605831e-05
7.78461829331388e-05
7.79120986194305e-05
8.68258285513295e-05
8.67542041031086e-05
8.67402280650949e-05
8.67314416201604e-05
8.67314416201604e-05
8.67311812115667e-05
8.67329816961668e-05
8.67329816961668e-05
8.67231254249398e-05
8.64489572287757e-05
8.63690008737556e-05
8.63692546826849e-05
8.63391779649822e-05
8.63381884484367e-05
8.63371997619354e-05
8.62694436967839e-05
8.62657068026757e-05
8.62657068026757e-05
8.62657068026757e-05
8.62536455784127e-05
8.62499599618658e-05
8.62499599618658e-05
8.62536455784127e-05
8.62536455784127e-05
8.62536455784127e-05
8.62158968035787e-05
8.61774335871629e-05
8.6072915129615e-05
8.6072915129615e-05
8.6072050309989e-05
8.58408983805075e-05
8.58393957248782e-05
9.13702621074427e-05
8.58393957248781e-05
