0.327380952380952
0.327380952380952
0.327380952380952
0.327380952380952
0.327380952380952
0.327380952380952
0.327380952380952
0.327380952380952
0.327380952380952
0.327380952380952
0.327380952380952
0.327380952380952
0.327380952380952
0.0
0.0
0.0
0.0
0.0
0.0
0.0
0.413690476190476
0.401785714285714
0.401785714285714
0.401785714285714
0.401785714285714
0.401785714285714
0.401785714285714
0.401785714285714
0.401785714285714
0.401785714285714
0.401785714285714
0.401785714285714
0.401785714285714
0.401785714285714
0.401785714285714
0.401785714285714
0.401785714285714
0.401785714285714
0.401785714285714
0.401785714285714
0.401785714285714
0.401785714285714
0.64781746031746
0.64781746031746
0.64781746031746
0.64781746031746
0.64781746031746
0.64781746031746
0.64781746031746
0.64781746031746
0.64781746031746
0.64781746031746
0.64781746031746
0.64781746031746
0.64781746031746
0.64781746031746
0.64781746031746
0.64781746031746
0.64781746031746
0.64781746031746
0.64781746031746
0.64781746031746
0.64781746031746
0.64781746031746
0.64781746031746
0.64781746031746
0.64781746031746
0.64781746031746
0.64781746031746
0.64781746031746
0.64781746031746
0.64781746031746
0.64781746031746
0.64781746031746
0.64781746031746
0.64781746031746
0.64781746031746
0.64781746031746
0.64781746031746
0.64781746031746
0.64781746031746
0.64781746031746
0.64781746031746
0.64781746031746
0.64781746031746
0.64781746031746
0.64781746031746
0.64781746031746
0.64781746031746
0.64781746031746
0.64781746031746
0.64781746031746
0.64781746031746
0.64781746031746
0.64781746031746
0.64781746031746