0.0255884866376631
0.0255884866376631
0.0255884866376631
0.0255884866376631
0.0255884866376631
0.0255884866376631
0.0255884866376631
0.0255884866376631
0.0255884866376631
0.0255884866376631
0.0255884866376631
0.0255884866376631
0.0255884866376631
0.0255884866376631
0.0255884866376631
0.0255884866376631
0.0255884866376631
0.0255884866376631
0.0255884866376631
0.0255884866376631
0.0255884866376631
0.0255884866376631
0.0255884866376631
0.0255884866376631
0.0255884866376631
0.0255884866376631
0.0255884866376631
0.0255884866376631
0.0255884866376631
0.0255884866376631
0.0255884866376631
0.0255884866376631
0.0255884866376631
0.0255884866376631
0.0255884866376631
0.0247716852457528
0.0246886005800704
0.0246886005800704
0.0246886005800704
0.0246886005800704
0.0246886005800704
0.0246886005800704
0.0246886005800704
0.0246886005800704
0.0246886005800704
0.0246886005800704
0.0246886005800704
0.0246886005800704
0.0246886005800704
0.0246886005800704
0.0246886005800704
0.0246886005800704
0.0246886005800704
0.0246886005800704
0.0246886005800704
0.0246886005800704
0.0246886005800704
0.0246886005800704
0.0246886005800704
0.0246886005800704
0.0246886005800704
0.0246886005800704
0.0246886005800704
0.0246886005800704
0.0246886005800704
0.0246886005800704
0.0246886005800704
0.0246886005800704
0.0246886005800704
0.0246886005800704
0.0246886005800704
0.0246886005800704
0.0246886005800704
0.0246886005800704
0.0246886005800704
0.0246886005800704
0.0246886005800704
0.0246886005800704
0.0246886005800704
0.0246886005800704
0.0246886005800704
0.0246886005800704
0.0246886005800704
0.0246886005800704
0.0246886005800704
0.0246886005800704
0.0246886005800704
0.0246886005800704
0.0246886005800704
0.0246886005800704
0.0246886005800704
0.0246886005800704
0.0246886005800704
0.0246886005800704
0.0246886005800704
0.0246886005800704