0.423878703128237
0.423878703128237
0.423878703128237
0.423878703128237
0.423878703128237
0.423930495131552
0.423930495131552
0.423930495131552
0.423930495131552
0.423930495131552
0.423930495131552
0.423930495131552
0.424027605137767
0.424027605137767
0.424027605137767
0.424027605137767
0.424027605137767
0.424027605137767
0.424027605137767
0.424027605137767
0.424027605137767
0.424027605137767
0.424027605137767
0.424027605137767
0.424027605137767
0.424027605137767
0.424027605137767
0.424027605137767
0.424027605137767
0.424027605137767
0.424027605137767
0.424027605137767
0.424027605137767
0.424027605137767
0.424027605137767
0.427153133614203
0.424027605137767
0.422946447068573
0.424027605137767
0.424027605137767
0.424027605137767
0.424027605137767
0.424027605137767
0.424027605137767
0.424027605137767
0.424027605137767
0.424027605137767
0.424027605137767
0.424027605137767
0.424027605137767
0.424027605137767
0.424027605137767
0.424027605137767
0.424027605137767
0.424027605137767
0.424027605137767
0.424027605137767
0.424027605137767
0.424027605137767
0.424027605137767
0.424027605137767
0.424027605137767
0.424027605137767
0.424027605137767
0.424027605137767
0.424027605137767
0.424027605137767
0.424027605137767
0.424027605137767
0.424027605137767
0.424027605137767
0.424027605137767
0.424027605137767
0.424027605137767
0.424027605137767
0.424027605137767
0.424027605137767
0.424027605137767
0.424027605137767
0.424027605137767
0.424027605137767
0.424027605137767
0.424027605137767
0.424027605137767
0.424027605137767
0.424027605137767
0.424027605137767
0.424027605137767
0.424027605137767
0.424027605137767
0.424027605137767
0.424027605137767
0.424027605137767
0.424027605137767
0.424027605137767
0.424027605137767