0.0886679096747462
0.0886679096747462
0.0886679096747462
0.0886679096747462
0.0886679096747462
0.0886679096747462
0.0886679096747462
0.0886679096747462
0.0886679096747462
0.0886679096747462
0.0886679096747462
0.0886679096747462
0.0886679096747462
0.0886679096747462
0.0886679096747462
0.0886679096747462
0.0886679096747462
0.0886679096747462
0.0886679096747462
0.0886679096747462
0.0886679096747462
0.0886679096747462
0.0886679096747462
0.0886679096747462
0.0886679096747462
0.0886679096747462
0.0886679096747462
0.0886679096747462
0.0886679096747462
0.0886679096747462
0.0886679096747462
0.0886679096747462
0.0886679096747462
0.0886679096747462
0.0886679096747462
0.0872042974072269
0.0886679096747462
0.0886679096747462
0.0886679096747462
0.0886679096747462
0.0886679096747462
0.0886679096747462
0.0886679096747462
0.0886679096747462
0.0886679096747462
0.0886679096747462
0.0886679096747462
0.0886679096747462
0.0886679096747462
0.0886679096747462
0.0886679096747462
0.0886679096747462
0.0886679096747462
0.0886679096747462
0.0886679096747462
0.0884607416614875
0.0884607416614875
0.0884607416614875
0.0884607416614875
0.0884607416614875
0.0884607416614875
0.0884607416614875
0.0884607416614875
0.0884607416614875
0.0884607416614875
0.0884607416614875
0.0884607416614875
0.0884607416614875
0.0884607416614875
0.0884607416614875
0.0884607416614875
0.0886679096747462
0.0886679096747462
0.0886679096747462
0.0886679096747462
0.0886679096747462
0.0886679096747462
0.0886679096747462
0.0886495267432896
0.0886495267432896
0.0886316186887707
0.0886316186887707
0.0886316186887707
0.0886316186887707
0.0886316186887707
0.0886316186887707
0.0886316186887707
0.0886316186887707
0.0886679096747462
0.0886679096747462
0.0886679096747462
0.0884607416614875
0.0884607416614875
0.0884607416614875
0.0884607416614875
0.0884607416614875