0.00859099854982391
0.00859099854982391
0.00859099854982391
0.00859099854982391
0.00853920654650922
0.00853920654650922
0.00853920654650922
0.00853920654650922
0.00853920654650922
0.00853920654650922
0.00853920654650922
0.00833203853325047
0.00833203853325047
0.00833203853325047
0.00833203853325047
0.00833203853325047
0.00833203853325047
0.00833203853325047
0.00833203853325047
0.00833203853325047
0.00843562253987984
0.00843562253987984
0.00843562253987984
0.00843562253987984
0.00843562253987984
0.00843562253987984
0.00843562253987984
0.00843562253987984
0.00843562253987984
0.00843562253987984
0.00843562253987984
0.00843562253987984
0.00843562253987984
0.00843562253987984
0.00843562253987984
0.00821226952558525
0.00833203853325047
0.00833203853325047
0.00833203853325047
0.00833203853325047
0.00833203853325047
0.00853920654650922
0.00853920654650922
0.00853920654650922
0.00853920654650922
0.00853920654650922
0.00853920654650922
0.00859099854982391
0.00859099854982391
0.00859099854982391
0.00859099854982391
0.00864279055313859
0.00864279055313859
0.00864279055313859
0.00864279055313859
0.00864279055313859
0.00864279055313859
0.00843562253987984
0.00864279055313859
0.00864279055313859
0.00864279055313859
0.00864279055313859
0.00864279055313859
0.00859099854982391
0.00859099854982391
0.00859099854982391
0.00859099854982391
0.00853920654650922
0.00853920654650922
0.00853920654650922
0.00853920654650922
0.00853920654650922
0.00853920654650922
0.00853920654650922
0.00833203853325047
0.00833203853325047
0.00833203853325047
0.00833203853325047
0.00853107400540399
0.00832661683918031
0.00852315154810531
0.00852315154810531
0.00852315154810531
0.00852315154810531
0.00852315154810531
0.00852315154810531
0.00852315154810531
0.00857360563488634
0.00837178928776222
0.00837178928776222
0.00837178928776222
0.00857360563488634
0.00857360563488634
0.00857360563488634
0.00857360563488634
0.00857149450029562