0.0859375
0.0859375
0.0859375
0.0859375
0.0859375
0.0859375
0.0859375
0.0859375
0.0859375
0.0859375
0.0859375
0.0859375
0.0859375
0.0859375
0.0859375
0.0859375
0.0859375
0.0859375
0.0859375
0.0859375
0.0859375
0.0859375
0.0859375
0.0859375
0.0859375
0.0859375
0.0859375
0.0859375
0.0859375
0.0859375
0.0859375
0.0859375
0.0859375
0.0859375
0.0859375
0.0859375
0.0859375
0.0859375
0.0859375
0.0859375
0.0859375
0.0859375
0.0859375
0.0859375
0.0859375
0.0859375
0.0859375
0.0859375
0.0859375
0.0859375
0.0859375
0.0859375
0.0859375
0.0859375
0.0859375
0.0885416666666667
0.0885416666666667
0.0885416666666667
0.0885416666666667
0.0885416666666667
0.0885416666666667
0.0885416666666667
0.0885416666666667
0.0885416666666667
0.0885416666666667
0.0885416666666667
0.0885416666666667
0.0885416666666667
0.0885416666666667
0.0885416666666667
0.0885416666666667
0.0859375
0.0859375
0.0859375
0.0859375
0.0859375
0.0859375
0.0859375
0.0859375
0.0859375
0.0859375
0.0859375
0.0859375
0.0859375
0.0859375
0.0859375
0.0859375
0.0859375
0.0859375
0.0859375
0.0859375
0.0859375
0.0859375
0.0859375
0.0859375
0.0859375