9.65773004712972e-05
9.65773004712972e-05
9.65773004712972e-05
9.65773004712972e-05
9.65773004712972e-05
9.65773004712972e-05
9.65773004712972e-05
9.65773004712972e-05
9.65773004712972e-05
9.65773004712972e-05
9.65773004712972e-05
9.65773004712972e-05
9.65773004712972e-05
9.65773004712972e-05
9.65773004712972e-05
9.65773004712972e-05
9.65773004712972e-05
9.65773004712972e-05
9.65773004712972e-05
9.65773004712972e-05
9.65773004712972e-05
9.65773004712972e-05
9.65773004712972e-05
9.65773004712972e-05
9.65773004712972e-05
9.65773004712972e-05
9.65773004712972e-05
9.65773004712972e-05
9.65773004712972e-05
9.65773004712972e-05
9.65773004712972e-05
9.65773004712972e-05
9.65773004712972e-05
9.65773004712972e-05
9.65773004712972e-05
9.65773004712972e-05
9.65773004712972e-05
9.65773004712972e-05
9.65773004712972e-05
9.65773004712972e-05
9.65773004712972e-05
9.65773004712972e-05
9.65773004712972e-05
9.65773004712972e-05
9.65773004712972e-05
9.65773004712972e-05
9.65773004712972e-05
9.65773004712972e-05
9.65773004712972e-05
9.65773004712972e-05
9.65773004712972e-05
9.65773004712972e-05
9.65773004712972e-05
9.65773004712972e-05
9.65773004712972e-05
9.65773004712972e-05
9.65773004712972e-05
9.65773004712972e-05
9.65773004712972e-05
9.65773004712972e-05
9.65773004712972e-05
9.65773004712972e-05
9.65773004712972e-05
9.65773004712972e-05
9.65773004712972e-05
9.65773004712972e-05
9.65773004712972e-05
9.65773004712972e-05
9.65773004712972e-05
9.65773004712972e-05
9.65773004712972e-05
9.65773004712972e-05
9.65773004712972e-05
9.65773004712972e-05
9.65773004712972e-05
9.65773004712972e-05
9.65773004712972e-05
9.65773004712972e-05
9.65773004712972e-05
9.65773004712972e-05
9.65773004712972e-05
9.65773004712972e-05
9.65773004712972e-05
9.65773004712972e-05
9.65773004712972e-05
9.65773004712972e-05
9.65773004712972e-05
9.65773004712972e-05
9.65773004712972e-05
9.65773004712972e-05
9.65773004712972e-05
9.65773004712972e-05
9.65773004712972e-05
9.65773004712972e-05
9.65773004712972e-05
9.65773004712972e-05
