0.170832188862006
0.170832188862006
0.170832188862006
0.170832188862006
0.170832188862006
0.170832188862006
0.170832188862006
0.170832188862006
0.170832188862006
0.170832188862006
0.170832188862006
0.170832188862006
0.170832188862006
0.170832188862006
0.170832188862006
0.170832188862006
0.170832188862006
0.170832188862006
0.170832188862006
0.170832188862006
0.170832188862006
0.170832188862006
0.170832188862006
0.170832188862006
0.170832188862006
0.170832188862006
0.170832188862006
0.170832188862006
0.170832188862006
0.170832188862006
0.170832188862006
0.170832188862006
0.170832188862006
0.170832188862006
0.170832188862006
0.170832188862006
0.170832188862006
0.170832188862006
0.170832188862006
0.170832188862006
0.170832188862006
0.170832188862006
0.170832188862006
0.170832188862006
0.170832188862006
0.170832188862006
0.170832188862006
0.170832188862006
0.170832188862006
0.171381606393576
0.171381606393576
0.170832188862006
0.170832188862006
0.170832188862006
0.170832188862006
0.170832188862006
0.170832188862006
0.170832188862006
0.170832188862006
0.170832188862006
0.170832188862006
0.170832188862006
0.170832188862006
0.170832188862006
0.170832188862006
0.170832188862006
0.170832188862006
0.170832188862006
0.170832188862006
0.170832188862006
0.170832188862006
0.170832188862006
0.170832188862006
0.170832188862006
0.170832188862006
0.170832188862006
0.170832188862006
0.170832188862006
0.170832188862006
0.170832188862006
0.170832188862006
0.170832188862006
0.170832188862006
0.170832188862006
0.170832188862006
0.170832188862006
0.170832188862006
0.170832188862006
0.170832188862006
0.170832188862006
0.170832188862006
0.170832188862006
0.170832188862006
0.170832188862006
0.170832188862006
0.170832188862006
