7.86304211197235e-05
7.86304211197235e-05
7.86304211197235e-05
7.86304211197235e-05
7.86296721087256e-05
7.86292976085778e-05
7.86292976085778e-05
7.86292976085778e-05
7.86292976085778e-05
7.86292976085778e-05
7.86292976085778e-05
7.86292976085778e-05
7.86292976085778e-05
7.86292976085778e-05
7.86292976085778e-05
7.86292976085778e-05
7.86292976085778e-05
7.86292976085778e-05
7.86292976085778e-05
7.86292976085778e-05
7.86294848582058e-05
7.86294848582058e-05
7.86294848582058e-05
7.86294848582058e-05
7.86294848582058e-05
7.86294848582058e-05
7.86294848582058e-05
7.86294848582058e-05
7.86294848582058e-05
7.86294848582058e-05
7.86294848582058e-05
7.86294848582058e-05
7.86304211197235e-05
7.86304211197235e-05
7.86304211197235e-05
7.86304211197235e-05
7.86304211197235e-05
7.86304211197235e-05
7.86304211197235e-05
7.86304211197235e-05
7.86304211197235e-05
7.86304211197235e-05
7.86304211197235e-05
7.86304211197235e-05
7.86304211197235e-05
7.86304211197235e-05
7.86304211197235e-05
7.86304211197235e-05
7.86304211197235e-05
7.86301861454669e-05
7.86301861454669e-05
7.86301861454669e-05
7.86301861454669e-05
7.86301861454669e-05
7.86301861454669e-05
7.86301861454669e-05
7.86301861454669e-05
7.86301861454669e-05
7.86301861454669e-05
7.86301861454669e-05
7.86301861454669e-05
7.86301861454669e-05
7.86301861454669e-05
7.86301861454669e-05
7.86301861454669e-05
7.86301861454669e-05
7.86301861454669e-05
7.86727026461208e-05
7.83325706408896e-05
7.83325706408896e-05
7.83325706408896e-05
7.83325706408896e-05
7.83317018579427e-05
7.8331078310808e-05
7.8331078310808e-05
7.8331078310808e-05
7.83308917735459e-05
7.83308917735459e-05
7.83308917735459e-05
7.83308917735459e-05
7.8330800673078e-05
7.83306141371381e-05
7.83306141371381e-05
7.83306141371381e-05
7.83306141371381e-05
7.83306141371381e-05
7.83306141371381e-05
7.83306141371381e-05
7.83306141371381e-05
7.83306141371381e-05
7.83306141371381e-05
7.83306141371381e-05
7.83306141371381e-05
7.83306141371381e-05
7.83306141371381e-05
7.83306141371381e-05
7.83335510973724e-05
7.83335510973724e-05
7.83335510973724e-05
7.83335510973724e-05
7.83335510973724e-05
7.83335510973724e-05
7.83335510973724e-05
7.83335510973724e-05
7.83335510973724e-05
7.83335510973724e-05
7.83335510973724e-05
7.83335510973724e-05
7.83352300787145e-05
7.83352300787145e-05
7.83352300787145e-05
7.83352300787145e-05
7.83777477941458e-05
7.83777477941458e-05
7.83352300787145e-05
7.83352300787145e-05
7.83352300787145e-05
7.83350195172971e-05
7.83439787020658e-05
7.83439787020658e-05
7.83439787020658e-05
7.83439787020658e-05
7.83439787020658e-05
7.83439787020658e-05
7.83439655354887e-05
7.83439655354887e-05
7.83439655354887e-05
7.83439655354887e-05
7.83439655354887e-05
7.83439655354887e-05
7.83439655354887e-05
7.83439655354887e-05
7.83561864543815e-05
7.83561864543815e-05
7.83561864543815e-05
7.83561864543815e-05
7.83561864543815e-05
7.83561864543815e-05
7.83561864543815e-05
7.83561864543815e-05
7.83561864543815e-05
7.83561864543815e-05
7.83561864543815e-05
7.83561864543815e-05
7.83561864543815e-05
7.83561864543815e-05
7.83561864543815e-05
7.83561864543815e-05
7.83561864543815e-05
7.83561864543815e-05
7.83561864543815e-05
7.83561864543815e-05
7.83561864543815e-05
7.83561864543815e-05
7.83561864543815e-05
7.83561864543815e-05
7.83138454734279e-05
7.83138454734279e-05
7.83138454734279e-05
7.83138454734279e-05
7.83138454734279e-05
7.83138454734279e-05
7.83138454734279e-05
7.83138454734279e-05
7.83138454734279e-05
7.83138454734279e-05
7.83138454734279e-05
7.83138454734279e-05
7.83138454734279e-05
7.83138454734279e-05
7.83138454734279e-05
7.83138454734279e-05
7.83138454734279e-05
7.83138454734279e-05
7.83138454734279e-05
7.83138454734279e-05
7.83138454734279e-05
7.83138454734279e-05
7.83138454734279e-05
7.83138454734279e-05
7.83138454734279e-05
7.83138454734279e-05
7.83138454734279e-05
7.83138454734279e-05
7.83138454734279e-05
7.83138454734279e-05
7.83138454734279e-05
7.83138454734279e-05
7.83138454734279e-05
7.83138454734279e-05
7.83138454734279e-05
7.83138454734279e-05
7.83167724082243e-05
7.83167724082243e-05
7.83167724082243e-05
7.83167724082243e-05
7.83167724082243e-05
7.83167724082243e-05
7.83167724082243e-05
7.83167724082243e-05
7.83167724082243e-05
7.83167724082243e-05
7.83167724082243e-05
7.83167724082243e-05
7.83167724082243e-05
7.83167724082243e-05
7.83167724082243e-05
7.83167724082243e-05
7.83167724082243e-05
7.83167724082243e-05
7.83167724082243e-05
7.83167724082243e-05
7.83167724082243e-05
7.83167724082243e-05
7.83167724082243e-05
7.83167724082243e-05
7.83167724082243e-05
7.83167724082243e-05
7.83167724082243e-05
7.83167724082243e-05
7.83167724082243e-05
7.83167724082243e-05
7.83167724082243e-05
7.83167724082243e-05
7.83167724082243e-05
7.83167724082243e-05
7.83167724082243e-05
7.83167724082243e-05
7.83167724082243e-05
7.83167724082243e-05
7.83167724082243e-05
7.83167724082243e-05
7.83167724082243e-05
7.83167724082243e-05
7.83167724082243e-05
7.83167724082243e-05
7.83167724082243e-05
7.83167724082243e-05
7.83167724082243e-05
7.83167724082243e-05
7.83182650035789e-05
7.83182650035789e-05
7.83182650035789e-05
7.83182650035789e-05
7.83182650035789e-05
7.83182650035789e-05
7.83182650035789e-05
7.83182650035789e-05
7.83182650035789e-05
7.83182650035789e-05
7.83182650035789e-05
7.83182650035789e-05
7.83182650035789e-05
0.000128582103378208
7.83182650035789e-05
7.83182650035789e-05
7.83182650035789e-05
7.83182650035789e-05
7.83182650035789e-05
7.83182650035789e-05
7.83182650035789e-05
7.83182650035789e-05
7.83182650035789e-05
8.57564824633472e-05
7.83152798697607e-05
7.83152798697607e-05
7.83152798697607e-05
7.83152798697607e-05
7.83152798697607e-05
7.83152798697607e-05
7.83152798697607e-05
7.83152798697607e-05
7.83152798697607e-05
7.83152798697607e-05
7.83152798697607e-05
7.83152798697607e-05
7.83152798697607e-05
7.83152798697607e-05
7.83152798697607e-05
7.83152798697607e-05
7.83152798697607e-05
7.83152798697607e-05
7.83152798697607e-05
7.83152798697607e-05
8.57564824633472e-05
8.57564824633472e-05
7.83152798697607e-05
7.83148589936143e-05
7.69442603543933e-05
7.69442603543933e-05
7.69442603543933e-05
7.69442603543933e-05
7.69442603543933e-05
7.69442603543933e-05
7.69442603543933e-05
7.69442603543933e-05
7.69442603543933e-05
7.69442603543933e-05
7.69442603543933e-05
7.69442603543933e-05
7.69442603543933e-05
7.69442603543933e-05
7.69442603543933e-05
7.69442603543933e-05
7.69442603543933e-05
7.69442603543933e-05
7.69442603543933e-05
7.69442603543933e-05
7.69442603543933e-05
7.69442603543933e-05
7.69442603543933e-05
7.69442603543933e-05
7.69442603543933e-05
7.69442603543933e-05
7.69442603543933e-05
7.69442603543933e-05
7.69442603543933e-05
7.69442603543933e-05
7.69442603543933e-05
7.69442603543933e-05
7.69442603543933e-05
7.69442603543933e-05
7.69442603543933e-05
7.69442603543933e-05
7.69442603543933e-05
7.69442603543933e-05
7.69442603543933e-05
7.69442603543933e-05
7.69442603543933e-05
7.69442603543933e-05
7.69442603543933e-05
7.69442603543933e-05
7.69442603543933e-05
7.69442603543933e-05
7.69442603543933e-05
7.69442603543933e-05
7.69442603543933e-05
7.69442603543933e-05
7.69442603543933e-05
7.69442603543933e-05
7.69442603543933e-05
7.69442603543933e-05
7.69442603543933e-05
7.69442603543933e-05
7.69442603543933e-05
7.69442603543933e-05
7.69442603543933e-05
7.69442603543933e-05
7.69442603543933e-05
7.69442603543933e-05
7.69442603543933e-05
7.69442603543933e-05
7.69442603543933e-05
7.69442603543933e-05
7.69442603543933e-05
7.69442603543933e-05
7.69442603543933e-05
7.69442603543933e-05
7.69442603543933e-05
7.69442603543933e-05
7.69442603543933e-05
7.69442603543933e-05
7.69442603543933e-05
7.69442603543933e-05
7.69442603543933e-05
7.69442603543933e-05
7.69442603543933e-05
7.69442603543933e-05
7.69442603543933e-05
7.69442603543933e-05
7.69442603543933e-05
7.69442603543933e-05
7.69442603543933e-05
7.69442603543933e-05
7.69442603543933e-05
7.69442603543933e-05
7.69442603543933e-05
7.69442603543933e-05
7.69442603543933e-05
7.69442603543933e-05
7.69442603543933e-05
7.69442603543933e-05
7.69442603543933e-05
7.69442603543933e-05
7.69442603543933e-05
7.69442603543933e-05
7.69442603543933e-05
7.69442603543933e-05
7.69442603543933e-05
7.69442603543933e-05
7.69501265512701e-05
7.69501265512701e-05
7.69501265512701e-05
7.69501265512701e-05
7.69501265512701e-05
7.69501265512701e-05
7.69501265512701e-05
7.69500796273975e-05
7.69500796273975e-05
7.69500796273975e-05
7.69500796273975e-05
7.69500796273975e-05
7.69500796273975e-05
7.69500796273975e-05
7.69500796273975e-05
7.69500796273975e-05
7.69500796273975e-05
7.69500796273975e-05
7.69500796273975e-05
7.69500796273975e-05
7.69500796273975e-05
7.6866502316221e-05
7.69081078886868e-05
7.69081078886868e-05
7.69079246571295e-05
7.69915127773837e-05
7.69079246571295e-05
7.69079246571295e-05
7.69079246571295e-05
7.69079246571295e-05
7.69079246571295e-05
7.69079246571295e-05
7.69079246571295e-05
7.69079246571295e-05
7.69079246571295e-05
7.69079246571295e-05
7.69079246571295e-05
7.69079246571295e-05
7.69079246571295e-05
7.69079246571295e-05
7.6866136051311e-05
7.68659529201649e-05
7.68659529201649e-05
7.68659529201649e-05
7.68659529201649e-05
7.68659529201649e-05
7.68659529201649e-05
7.68659529201649e-05
7.68659529201649e-05
7.68659529201649e-05
7.68659529201649e-05
7.68659529201649e-05
7.68659529201649e-05
7.68659529201649e-05
7.68659529201649e-05
7.68659529201649e-05
7.68659529201649e-05
7.68659529201649e-05
7.68659529201649e-05
7.6203156038932e-05
7.6203156038932e-05
7.6203156038932e-05
7.62447587001204e-05
7.81998650655525e-05
7.81580451622431e-05
7.81580451622431e-05
7.81580451622431e-05
7.81580451622431e-05
7.81580451622431e-05
7.81580451622431e-05
7.81580451622431e-05
7.81580451622431e-05
7.81580451622431e-05
7.81580451622431e-05
7.81580451622431e-05
7.81580451622431e-05
7.81580451622431e-05
7.81580451622431e-05
7.81580451622431e-05
7.81580451622431e-05
7.81580451622431e-05
7.81580451622431e-05
7.81580451622431e-05
7.81580451622431e-05
7.81580451622431e-05
7.81580451622431e-05
7.81580451622431e-05
7.81580451622431e-05
7.81580451622431e-05
7.81580451622431e-05
7.95812223921416e-05
7.95812223921416e-05
7.95812223921416e-05
7.95812223921416e-05
7.9539619806074e-05
7.9539619806074e-05
7.9539619806074e-05
7.9539619806074e-05
7.9539619806074e-05
7.9539619806074e-05
7.9539619806074e-05
7.9539619806074e-05
7.96647992056269e-05
7.96647992056269e-05
7.96230107988842e-05
7.96230107988842e-05
7.96230107988842e-05
7.96230107988842e-05
7.96230107988842e-05
7.96230107988842e-05
7.96230107988842e-05
7.96230107988842e-05
7.96230107988842e-05
7.96230107988842e-05
7.96230107988842e-05
7.96230107988842e-05
7.96230107988842e-05
7.96230107988842e-05
7.96230107988842e-05
7.96230107988842e-05
7.96230107988842e-05
7.96230107988842e-05
7.96230107988842e-05
7.96230107988842e-05
7.96230107988842e-05
7.96230107988842e-05
7.96230107988842e-05
7.96230107988842e-05
7.96230107988842e-05
7.96230107988842e-05
7.96230107988842e-05
7.96230107988842e-05
7.96230107988842e-05
7.96230107988842e-05
7.96230107988842e-05
7.96230107988842e-05
7.96230107988842e-05
7.96230107988842e-05
7.96230107988842e-05
7.96230107988842e-05
7.96230107988842e-05
7.96230107988842e-05
7.96230107988842e-05
7.96230107988842e-05
7.96230107988842e-05
7.96230107988842e-05
7.96230107988842e-05
7.96230107988842e-05
7.96230107988842e-05
7.96230107988842e-05
7.96230107988842e-05
7.96230107988842e-05
7.96230107988842e-05
7.96230107988842e-05
7.96230107988842e-05
7.96230107988842e-05
7.9625170129388e-05
7.96250603497433e-05
7.96250603497433e-05
7.96250603497433e-05
7.96250603497433e-05
7.96250603497433e-05
8.36267682409766e-05
8.09441448625084e-05
8.22810745366652e-05
8.22810745366652e-05
8.09441448625084e-05
7.96131371957489e-05
7.96131371957489e-05
7.96131371957489e-05
7.96131371957489e-05
7.96131371957489e-05
7.96131371957489e-05
7.96131371957489e-05
7.96131371957489e-05
7.96131371957489e-05
7.96131371957489e-05
7.96131371957489e-05
7.96131371957489e-05
7.96131371957489e-05
7.96131371957489e-05
7.96131371957489e-05
7.96131371957489e-05
7.96131371957489e-05
7.96131371957489e-05
7.96131371957489e-05
7.95835387793642e-05
7.95835387793642e-05
7.95835387793642e-05
7.95835387793642e-05
7.95835387793642e-05
7.95835387793642e-05
7.95835387793642e-05
7.95835387793642e-05
7.95835387793642e-05
7.95835387793642e-05
7.95831661239872e-05
7.95831661239872e-05
7.95831661239872e-05
7.95831661239872e-05
7.95831661239872e-05
7.95831661239872e-05
7.95831661239872e-05
7.95831661239872e-05
7.95831661239872e-05
7.95831661239872e-05
7.95831661239872e-05
7.95831661239872e-05
7.95831661239872e-05
7.95831661239872e-05
7.95831661239872e-05
7.95831661239872e-05
7.95831661239872e-05
7.95831661239872e-05
7.95831661239872e-05
7.95831661239872e-05
7.95831661239872e-05
7.95831661239872e-05
7.95831661239872e-05
7.95831661239872e-05
7.95831661239872e-05
7.95831661239872e-05
7.95831661239872e-05
7.95831661239872e-05
7.95833524512318e-05
7.95833524512318e-05
7.95833524512318e-05
7.95833524512318e-05
7.95833524512318e-05
7.95833524512318e-05
7.95833524512318e-05
7.95833524512318e-05
7.95835387793642e-05
7.95835387793642e-05
7.95835387793642e-05
7.95850294363875e-05
7.95850294363875e-05
7.95850294363875e-05
7.95850294363875e-05
7.95850294363875e-05
7.95850294363875e-05
7.95850294363875e-05
7.95850294363875e-05
7.95850294363875e-05
7.96268198339738e-05
7.95850294363875e-05
7.95850294363875e-05
7.95850294363875e-05
7.95850294363875e-05
7.95850294363875e-05
7.95850294363875e-05
7.96268127673371e-05
7.95850294363875e-05
7.95850294363875e-05
7.95850294363875e-05
7.95850294363875e-05
7.95850294363875e-05
7.95850294363875e-05
7.95850294363875e-05
7.95850294363875e-05
7.9626633697833e-05
7.9626633697833e-05
7.9626633697833e-05
7.9626633697833e-05
7.9626633697833e-05
7.9626633697833e-05
7.9626633697833e-05
7.9626633697833e-05
7.9626633697833e-05
7.9626633697833e-05
7.9626633697833e-05
7.96257201206214e-05
7.96258126962618e-05
7.96250669816584e-05
7.96250669816584e-05
7.96250669816584e-05
7.96250669816584e-05
7.96250669816584e-05
7.96250669816584e-05
7.96250669816584e-05
7.96250669816584e-05
7.96250669816584e-05
7.96685955865097e-05
7.96685955865097e-05
7.96685955865097e-05
7.96685955865097e-05
7.96685955865097e-05
7.96685955865097e-05
7.96685955865097e-05
7.96685955865097e-05
7.96693413345284e-05
7.96693413345284e-05
7.96693413345284e-05
7.96693413345284e-05
7.96693413345284e-05
7.96693413345284e-05
7.96693413345284e-05
7.96693413345284e-05
7.96693413345284e-05
7.96693413345284e-05
7.96693413345284e-05
7.96693413345284e-05
7.96693413345284e-05
7.96693413345284e-05
7.96693413345284e-05
7.96693413345284e-05
7.96693413345284e-05
7.96693413345284e-05
7.96693413345284e-05
7.96693413345284e-05
7.96693413345284e-05
7.96693413345284e-05
7.96693413345284e-05
7.96693413345284e-05
7.96693413345284e-05
7.96693413345284e-05
7.96693413345284e-05
7.96693413345284e-05
7.96693413345284e-05
7.96693413345284e-05
7.96693413345284e-05
7.96693413345284e-05
7.96693413345284e-05
7.96693413345284e-05
7.85822533790573e-05
7.89167275410433e-05
7.96692944055117e-05
7.96692944055117e-05
7.96692944055117e-05
7.96692944055117e-05
7.96692944055117e-05
7.96692944055117e-05
7.96692944055117e-05
7.96692944055117e-05
7.96692944055117e-05
7.96692944055117e-05
7.96692944055117e-05
7.96692944055117e-05
7.96692944055117e-05
7.96692944055117e-05
7.96692944055117e-05
7.96692944055117e-05
7.96692944055117e-05
7.96692944055117e-05
7.96692944055117e-05
7.96274963438293e-05
7.95855262762924e-05
7.95855262762924e-05
7.95855262762924e-05
7.95855262762924e-05
7.95855262762924e-05
7.95855262762924e-05
7.95854338954154e-05
7.95853400381648e-05
7.96116083763302e-05
7.96116083763302e-05
7.96116083763302e-05
8.02793589532603e-05
7.96092110075531e-05
7.96092110075531e-05
7.96092110075531e-05
7.96092110075531e-05
7.96092110075531e-05
7.96092110075531e-05
7.96092110075531e-05
7.96092110075531e-05
7.9606229498026e-05
7.9606229498026e-05
7.9606229498026e-05
7.9606229498026e-05
7.9606229498026e-05
7.9606229498026e-05
7.9606229498026e-05
7.9606229498026e-05
7.9606229498026e-05
7.9606229498026e-05
7.9606229498026e-05
7.9606229498026e-05
8.10338949435536e-05
8.10338949435536e-05
8.10338949435536e-05
7.9606229498026e-05
7.9606229498026e-05
7.9606229498026e-05
7.9606229498026e-05
7.9606229498026e-05
7.9606229498026e-05
7.9606229498026e-05
7.9606229498026e-05
7.9606229498026e-05
7.9606229498026e-05
7.9606229498026e-05
7.9606229498026e-05
7.9606229498026e-05
7.9606229498026e-05
7.9606229498026e-05
7.9606229498026e-05
7.9606229498026e-05
7.9606229498026e-05
7.9606229498026e-05
7.9606229498026e-05
7.9606229498026e-05
7.9606229498026e-05
7.9606229498026e-05
7.9606229498026e-05
7.9606229498026e-05
7.9606229498026e-05
7.9606229498026e-05
7.9606229498026e-05
7.9606229498026e-05
7.9606229498026e-05
7.9606229498026e-05
7.9606229498026e-05
7.9606229498026e-05
7.9606229498026e-05
7.9606229498026e-05
7.9606229498026e-05
7.9606229498026e-05
7.9606229498026e-05
7.9606229498026e-05
7.9606229498026e-05
7.9606229498026e-05
7.9606229498026e-05
7.9606229498026e-05
7.9606229498026e-05
7.9606229498026e-05
7.9606229498026e-05
7.9606229498026e-05
7.9606229498026e-05
7.9606229498026e-05
7.9606229498026e-05
7.9606229498026e-05
7.9606229498026e-05
7.9606229498026e-05
7.9606229498026e-05
7.9606229498026e-05
7.9606229498026e-05
7.9606229498026e-05
7.9606229498026e-05
7.9606229498026e-05
7.9606229498026e-05
7.9606229498026e-05
7.9606229498026e-05
7.9606229498026e-05
7.9606229498026e-05
7.9606229498026e-05
7.9606229498026e-05
7.9606229498026e-05
7.9606229498026e-05
7.9606229498026e-05
7.9606229498026e-05
7.9606229498026e-05
7.9606229498026e-05
7.9606229498026e-05
7.9606229498026e-05
7.9606229498026e-05
7.9606229498026e-05
7.9606229498026e-05
7.9606229498026e-05
7.9606229498026e-05
7.9606229498026e-05
7.9606229498026e-05
7.9606229498026e-05
7.9606229498026e-05
7.9606229498026e-05
7.9606229498026e-05
7.9606229498026e-05
7.9606229498026e-05
7.9606229498026e-05
7.9606229498026e-05
7.9606229498026e-05
7.9606229498026e-05
7.9606229498026e-05
7.9606229498026e-05
7.96953186419359e-05
7.96953186419359e-05
7.96953186419359e-05
7.96953186419359e-05
7.96953186419359e-05
7.96953186419359e-05
7.96953186419359e-05
7.96953186419359e-05
7.96953186419359e-05
7.96953186419359e-05
7.96953186419359e-05
7.96953186419359e-05
7.96953186419359e-05
7.96953186419359e-05
7.96953186419359e-05
7.96953186419359e-05
7.96953186419359e-05
7.96953186419359e-05
7.96953186419359e-05
7.96953186419359e-05
7.96953186419359e-05
7.96953186419359e-05
7.96953186419359e-05
7.96953186419359e-05
7.96953186419359e-05
7.96953186419359e-05
7.96953186419359e-05
7.96953186419359e-05
7.96953186419359e-05
7.96953186419359e-05
7.96953186419359e-05
7.96953186419359e-05
7.96953186419359e-05
7.96953186419359e-05
7.96953186419359e-05
7.96953186419359e-05
7.96953186419359e-05
7.96953186419359e-05
7.96953186419359e-05
7.96953186419359e-05
7.96953186419359e-05
7.96953186419359e-05
7.96953186419359e-05
7.96953186419359e-05
7.96953186419359e-05
7.96953186419359e-05
7.96953186419359e-05
7.96953186419359e-05
7.96953186419359e-05
7.96953186419359e-05
7.96953186419359e-05
7.96953186419359e-05
7.96953186419359e-05
7.96953186419359e-05
7.96953186419359e-05
7.96953186419359e-05
7.96953186419359e-05
7.96953186419359e-05
7.96953186419359e-05
7.96953186419359e-05
7.96953186419359e-05
7.96953186419359e-05
7.96953186419359e-05
7.96953186419359e-05
7.96953186419359e-05
7.96953186419359e-05
7.96953186419359e-05
7.96953186419359e-05
7.96953186419359e-05
7.96953186419359e-05
7.96953186419359e-05
7.96953186419359e-05
7.96953186419359e-05
7.96953186419359e-05
7.96953186419359e-05
7.96953186419359e-05
7.96953186419359e-05
7.96953186419359e-05
7.96953186419359e-05
7.96953186419359e-05
7.96953186419359e-05
7.96953186419359e-05
7.96953186419359e-05
7.96953186419359e-05
7.96953186419359e-05
7.96953186419359e-05
7.96953186419359e-05
7.96953186419359e-05
7.96953186419359e-05
7.96953186419359e-05
7.96953186419359e-05
7.96953186419359e-05
7.96953186419359e-05
7.96953186419359e-05
7.96953186419359e-05
7.96953186419359e-05
7.96953186419359e-05
7.96953186419359e-05
7.96953186419359e-05
7.96953186419359e-05
7.96953186419359e-05
7.96953186419359e-05
7.96953186419359e-05
7.96953186419359e-05
7.96953186419359e-05
7.96953186419359e-05
7.96953186419359e-05
7.96953186419359e-05
7.96953186419359e-05
7.96953186419359e-05
7.96953186419359e-05
7.96953186419359e-05
7.96953186419359e-05
7.96953186419359e-05
7.96953186419359e-05
7.96953186419359e-05
7.96953186419359e-05
7.96953186419359e-05
7.96953186419359e-05
7.96953186419359e-05
7.96953186419359e-05
7.96953186419359e-05
7.96953186419359e-05
7.96953186419359e-05
7.96953186419359e-05
7.96953186419359e-05
8.03611872499864e-05
7.96923353605906e-05
7.96923353605906e-05
7.96923353605906e-05
7.96923353605906e-05
7.96923353605906e-05
7.96923353605906e-05
7.96923353605906e-05
7.96923353605906e-05
7.96923353605906e-05
7.96923353605906e-05
7.96923353605906e-05
7.96923353605906e-05
7.96923353605906e-05
7.96923353605906e-05
7.96923353605906e-05
7.96923353605906e-05
7.96923353605906e-05
7.96923353605906e-05
7.96923353605906e-05
7.96923353605906e-05
7.96923353605906e-05
7.96923353605906e-05
7.96923353605906e-05
7.96923353605906e-05
7.96923353605906e-05
7.96923353605906e-05
7.97339520565402e-05
7.97339520565402e-05
7.97339520565402e-05
7.97339520565402e-05
7.97339520565402e-05
7.97339520565402e-05
7.97339520565402e-05
7.97339520565402e-05
7.97339520565402e-05
7.97339520565402e-05
7.96921489130609e-05
7.96917599840255e-05
7.96917599840255e-05
7.96917599840255e-05
7.96917599840255e-05
7.96917599840255e-05
7.96917599840255e-05
7.96917599840255e-05
7.96917599840255e-05
7.96917599840255e-05
7.96917599840255e-05
7.96917599840255e-05
7.96917599840255e-05
7.96917599840255e-05
7.96917599840255e-05
7.96917599840255e-05
7.96917599840255e-05
7.96917599840255e-05
7.96917599840255e-05
7.96917599840255e-05
7.96917599840255e-05
7.96917599840255e-05
7.96917599840255e-05
7.96917599840255e-05
7.96917599840255e-05
7.96917599840255e-05
7.96917599840255e-05
7.96917599840255e-05
7.96917599840255e-05
7.9606229498026e-05
7.9606229498026e-05
7.9606229498026e-05
7.9606229498026e-05
7.9606229498026e-05
7.9606229498026e-05
7.9606229498026e-05
7.9606229498026e-05
7.9606229498026e-05
7.9606229498026e-05
7.9606229498026e-05
7.9606229498026e-05
7.9606229498026e-05
7.9606229498026e-05
7.9606229498026e-05
7.9606229498026e-05
7.9606229498026e-05
7.9606229498026e-05
7.9606229498026e-05
7.9606229498026e-05
7.9606229498026e-05
7.9606229498026e-05
7.9606229498026e-05
7.9606229498026e-05
7.9606229498026e-05
7.9606229498026e-05
7.9606229498026e-05
7.9606229498026e-05
7.9606229498026e-05
7.9606229498026e-05
7.9606229498026e-05
7.9606229498026e-05
7.9606229498026e-05
7.9606229498026e-05
7.9606229498026e-05
7.9606229498026e-05
7.9606229498026e-05
7.9606229498026e-05
7.9606229498026e-05
7.9606229498026e-05
7.9606229498026e-05
7.9606229498026e-05
7.9606229498026e-05
7.9606229498026e-05
7.9606229498026e-05
7.9606229498026e-05
7.9606229498026e-05
7.9606229498026e-05
7.9606229498026e-05
7.9606229498026e-05
7.9606229498026e-05
7.9606229498026e-05
7.9606229498026e-05
7.9606229498026e-05
7.9606229498026e-05
7.9606229498026e-05
7.9606229498026e-05
7.9606229498026e-05
7.9606229498026e-05
7.9606229498026e-05
7.9606229498026e-05
7.9606229498026e-05
7.9606229498026e-05
7.9606229498026e-05
7.9606229498026e-05
7.9606229498026e-05
7.9606229498026e-05
7.9606229498026e-05
7.9606229498026e-05
7.9606229498026e-05
7.9606229498026e-05
7.9606229498026e-05
7.9606229498026e-05
7.9606229498026e-05
7.9606229498026e-05
7.9606229498026e-05
7.9606229498026e-05
7.9606229498026e-05
7.9606229498026e-05
7.9606229498026e-05
7.9606229498026e-05
7.9606229498026e-05
7.9606229498026e-05
7.9606229498026e-05
7.9606229498026e-05
7.9606229498026e-05
7.9606229498026e-05
7.9606229498026e-05
7.9606229498026e-05
7.9606229498026e-05
7.9606229498026e-05
7.9606229498026e-05
7.9606229498026e-05
7.9606229498026e-05
7.9606229498026e-05
7.9606229498026e-05
7.96958884675642e-05
7.96958884675642e-05
7.96958884675642e-05
7.96958884675642e-05
7.96958884675642e-05
7.96958884675642e-05
7.96958884675642e-05
7.96958884675642e-05
7.96958884675642e-05
7.96958884675642e-05
7.96958884675642e-05
7.96958884675642e-05
7.96958884675642e-05
7.96958884675642e-05
7.96958884675642e-05
7.96958884675642e-05
7.96958884675642e-05
7.96958884675642e-05
7.96958884675642e-05
7.96958884675642e-05
7.97197632534041e-05
7.97197632534041e-05
7.97197632534041e-05
7.97197632534041e-05
7.97197632534041e-05
7.97197632534041e-05
7.97197632534041e-05
7.97197632534041e-05
7.97197632534041e-05
7.97197632534041e-05
7.97197632534041e-05
7.97197632534041e-05
7.97197632534041e-05
7.97197632534041e-05
7.97197632534041e-05
7.97197632534041e-05
7.97197632534041e-05
7.98871096587691e-05
7.97199498325342e-05
7.97199498325342e-05
7.97199498325342e-05
7.97199498325342e-05
7.97199498325342e-05
7.97199498325342e-05
7.97199498325342e-05
7.97199498325342e-05
7.97199498325342e-05
7.97199498325342e-05
7.97199498325342e-05
7.97199498325342e-05
7.97199498325342e-05
7.97199498325342e-05
7.97199498325342e-05
7.97199498325342e-05
7.97199498325342e-05
7.97199498325342e-05
7.97199498325342e-05
7.97199498325342e-05
7.97199498325342e-05
7.97199498325342e-05
7.97199498325342e-05
7.97199498325342e-05
7.97199498325342e-05
7.97199498325342e-05
7.97199498325342e-05
7.97199498325342e-05
7.97199498325342e-05
7.97199498325342e-05
7.97199498325342e-05
7.97199498325342e-05
7.97199498325342e-05
7.97199498325342e-05
7.97199498325342e-05
7.97143464385841e-05
7.97141598861643e-05
7.97138042375291e-05
7.97138042375291e-05
7.97138042375291e-05
7.97138042375291e-05
7.97138042375291e-05
7.97138042375291e-05
7.97138042375291e-05
7.97138042375291e-05
7.97138042375291e-05
7.97138042375291e-05
7.97138042375291e-05
7.97138042375291e-05
7.97138042375291e-05
7.97138042375291e-05
7.97138042375291e-05
7.97138042375291e-05
7.97138042375291e-05
7.97138042375291e-05
7.97138042375291e-05
7.97138042375291e-05
7.97138042375291e-05
7.97182612962918e-05
7.97182612962918e-05
7.97182612962918e-05
7.97182612962918e-05
7.97182612962918e-05
7.97182612962918e-05
7.97182452481035e-05
7.97182452481035e-05
7.97182452481035e-05
7.97182452481035e-05
7.97182452481035e-05
7.97182452481035e-05
7.97182452481035e-05
7.97182452481035e-05
7.97182452481035e-05
7.97182452481035e-05
7.97182452481035e-05
7.97182452481035e-05
7.97182452481035e-05
7.97182452481035e-05
7.97182452481035e-05
7.97182452481035e-05
7.97182452481035e-05
7.97182452481035e-05
7.97182452481035e-05
7.97182452481035e-05
7.97182452481035e-05
7.97182452481035e-05
7.97182452481035e-05
7.97182452481035e-05
7.97182452481035e-05
7.97182452481035e-05
7.97182452481035e-05
7.97182452481035e-05
7.97182452481035e-05
7.97182452481035e-05
7.97182452481035e-05
7.97182452481035e-05
7.97182452481035e-05
7.97182452481035e-05
7.97182452481035e-05
7.97182452481035e-05
7.97182452481035e-05
7.97182452481035e-05
7.97182452481035e-05
7.97182452481035e-05
7.97182452481035e-05
7.97182452481035e-05
7.97182452481035e-05
7.97182452481035e-05
7.97182452481035e-05
7.97182452481035e-05
7.97182452481035e-05
7.97182452481035e-05
7.97182452481035e-05
7.97182452481035e-05
7.97182452481035e-05
7.97182452481035e-05
7.97182452481035e-05
7.97182452481035e-05
8.00087865893029e-05
8.01758442064862e-05
7.97179995447306e-05
7.97179995447306e-05
7.97179995447306e-05
7.97596306581071e-05
7.97596306581071e-05
7.97596306581071e-05
7.97596306581071e-05
7.97596306581071e-05
7.97596306581071e-05
7.97596306581071e-05
7.97596306581071e-05
7.97596306581071e-05
7.97596306581071e-05
7.97596306581071e-05
7.97596306581071e-05
7.97596306581071e-05
7.97596306581071e-05
7.97596306581071e-05
7.97596306581071e-05
7.97596306581071e-05
7.97596306581071e-05
7.97596306581071e-05
7.97596306581071e-05
7.97596306581071e-05
7.97596306581071e-05
7.97596306581071e-05
7.97596306581071e-05
7.97596306581071e-05
7.97596306581071e-05
7.97596306581071e-05
7.97596306581071e-05
7.97596306581071e-05
7.97596306581071e-05
7.97596306581071e-05
7.97600792865836e-05
7.97600792865836e-05
7.97600792865836e-05
7.97600792865836e-05
7.97600792865836e-05
7.97600792865836e-05
7.97600792865836e-05
7.9760002734465e-05
7.9760002734465e-05
7.9760002734465e-05
7.9760002734465e-05
7.9760002734465e-05
7.97599261827113e-05
7.97599261827113e-05
7.97599261827113e-05
7.97599261827113e-05
7.97599261827113e-05
7.97599261827113e-05
7.97599261827113e-05
7.97599261827113e-05
7.97599261827113e-05
7.97599261827113e-05
7.97599261827113e-05
7.97599261827113e-05
7.97599261827113e-05
7.97599261827113e-05
7.97599261827113e-05
7.97599261827113e-05
7.97599261827113e-05
7.97599261827113e-05
7.97599261827113e-05
7.97599261827113e-05
7.97599261827113e-05
7.97599261827113e-05
7.97599261827113e-05
7.97599261827113e-05
7.97599261827113e-05
7.97599261827113e-05
7.97599261827113e-05
7.97599261827113e-05
7.97599261827113e-05
7.97599261827113e-05
8.13506306620072e-05
0.000113294161706313
0.000113294161706313
0.000113294161706313
0.000113294161706313
0.000108187936790146
7.94669076629193e-05
7.94661637524956e-05
7.94661637524956e-05
7.94661637524956e-05
7.94661637524956e-05
7.94661637524956e-05
7.94661637524956e-05
7.94661637524956e-05
7.94661637524956e-05
7.94661637524956e-05
7.94661637524956e-05
7.94661637524956e-05
7.94661637524956e-05
7.94661637524956e-05
7.94661637524956e-05
7.94661637524956e-05
7.94661637524956e-05
7.94661637524956e-05
7.94661637524956e-05
7.94661637524956e-05
7.94661637524956e-05
7.94661637524956e-05
7.94661637524956e-05
7.94661637524956e-05
7.94661637524956e-05
7.94661637524956e-05
7.94661637524956e-05
7.94661637524956e-05
7.94661637524956e-05
7.94661637524956e-05
7.94661637524956e-05
7.94661637524956e-05
7.94661637524956e-05
7.94661637524956e-05
7.94661637524956e-05
7.94661637524956e-05
7.94661637524956e-05
7.94661637524956e-05
7.94661637524956e-05
7.94661637524956e-05
7.94661637524956e-05
7.94661637524956e-05
7.94661637524956e-05
7.94661637524956e-05
7.94661637524956e-05
7.94661637524956e-05
7.94661637524956e-05
7.94661637524956e-05