0.000483143562032334
0.000483143562032334
0.000483143562032334
0.000483143562032334
0.000483143038610482
0.000483142817177496
0.000483142817177496
0.000483142817177496
0.000483142817177496
0.000483142817177496
0.000483142817177496
0.000483142817177496
0.000483142817177496
0.000483142817177496
0.000483142817177496
0.000483142817177496
0.000483142817177496
0.000483142817177496
0.000483142817177496
0.000483142817177496
0.000483142927893725
0.000483142927893725
0.000483142927893725
0.000483142927893725
0.000483142927893725
0.000483142927893725
0.000483142927893725
0.000483142927893725
0.000483142927893725
0.000483142927893725
0.000483142927893725
0.000483142927893725
0.000483143481482788
0.000483143481482788
0.000483143481482788
0.000483143481482788
0.000483143481482788
0.000483143481482788
0.000483143481482788
0.000483143481482788
0.000483143481482788
0.000483143481482788
0.000483143461345641
0.000483143461345641
0.000483143461345641
0.000483143461345641
0.000483143461345641
0.000483143461345641
0.000483143461345641
0.000483143350626869
0.000483143350626869
0.000483143350626869
0.000483143350626869
0.000483143350626869
0.000483143350626869
0.000483143350626869
0.000483143350626869
0.000483143330489914
0.000483143330489914
0.000483143330489914
0.000483143330489914
0.000483143330489914
0.000483143330489914
0.000483143330489914
0.000483143330489914
0.000483143310353055
0.000483185866065291
0.000483142968041115
0.000483142968041115
0.000483142968041115
0.000483142968041115
0.000483142968041115
0.000483141853701422
0.000483141853701422
0.000483141853701422
0.000483141853701422
0.000483141724480089
0.000483141724480089
0.000483141724480089
0.000483141724480089
0.000483141593636662
0.00048314146279405
0.00048314146279405
0.00048314146279405
0.00048314146279405
0.00048314146279405
0.00048314146279405
0.00048314146279405
0.00048314146279405
0.000483141147123159
0.000483142384187596
0.000483141147123159
0.000483141147123159
0.000483141147123159
0.000483141147123159
0.000483141147123159
0.000483148163256433
0.000483148122980701
0.000483148102842979
0.000483148102842979
0.000483148082705353
0.000483148082705353
0.000483148062567823
0.000483147901471031
0.000483147881334364
0.000483147881334364
0.000483147881334364
0.000483147881334364
0.000483148857700852
0.000483148857700852
0.000483148857700852
0.000483148857700852
0.000483148837563513
0.000483148676468256
0.000483148676468256
0.000483148676468256
0.000483148676468256
0.000483148702437459
0.000483148796592425
0.000483148796592425
0.000483148796592425
0.000483148796592425
0.000483148796592425
0.000483148796592425
0.000483148686679963
0.000483148686679963
0.000483148686679963
0.000483148686679963
0.000483148686679963
0.000483148686679963
0.000483148686679963
0.000483148686679963
0.00048316265580987
0.00048316265580987
0.00048316265580987
0.00048316265580987
0.00048316265580987
0.00048316265580987
0.00048316265580987
0.00048316265580987
0.00048316265580987
0.00048316265580987
0.00048316265580987
0.00048316265580987
0.00048316265580987
0.00048316265580987
0.00048316265580987
0.00048316265580987
0.00048316265580987
0.00048316265580987
0.00048316265580987
0.00048316265580987
0.00048316265580987
0.00048316265580987
0.00048316265580987
0.00048316265580987
0.000483162766600841
0.000483162766600841
0.000483162766600841
0.000483162766600841
0.000483162766600841
0.000483162766600841
0.000483162766600841
0.000483162766600841
0.000483162766600841
0.000483162766600841
0.000483162766600841
0.000483162766600841
0.000483162766600841
0.000483162766600841
0.000483162766600841
0.000483162766600841
0.000483162766600841
0.000483162766600841
0.000483162766600841
0.000483162766600841
0.000483162766600841
0.000483162766600841
0.000483162766600841
0.000483162766600841
0.000483162766600841
0.000483162766600841
0.000483162766600841
0.000483162766600841
0.000483162766600841
0.000483162766600841
0.000483162766600841
0.000483162766600841
0.000483162766600841
0.000483162766600841
0.000483162766600841
0.000483162766600841
0.000483306775232593
0.000483306755081441
0.000483306755081441
0.000483306734930386
0.000483306734930386
0.000483306734930386
0.000483306734930386
0.000483306734930386
0.000483306734930386
0.000483306734930386
0.000483306734930386
0.000483306734930386
0.000483306714779426
0.000483306714779426
0.000483306553575204
0.000483306553575204
0.000483306553575204
0.000483306553575204
0.000483306553575204
0.000483306553575204
0.000483306553575204
0.000483306553575204
0.000483306553575204
0.000483306553575204
0.000483306553575204
0.000483306553575204
0.000483306553575204
0.000483306553575204
0.000483306553575204
0.000483306553575204
0.000483306553575204
0.000483306553575204
0.000483306553575204
0.000483306533425108
0.000483306533425108
0.000483306513275108
0.000483306513275108
0.000483306472975396
0.000483306472975396
0.000483306472975396
0.000483306472975396
0.000483306472975396
0.000483306472975396
0.000483306472975396
0.000483306472975396
0.000483306472975396
0.000483306472975396
0.000483306472975396
0.000483307359334269
0.000483307359334269
0.000483307359334269
0.000483307359334269
0.000483307359334269
0.000483307359334269
0.000483307339183789
0.000483307339183789
0.000483307339183789
0.000483307339183789
0.000483307339183789
0.000483307339183789
0.000483307339183789
0.000483307339183789
0.000483307339183789
0.000483307339183789
0.000483307339183789
0.000483307016789164
0.000483307016789164
0.000483307016789164
0.000483307016789164
0.000483307016789164
0.000483307016789164
0.000483305270110803
0.000483305270110803
0.000483305270110803
0.000483305270110803
0.000483305270110803
0.000483305270110803
0.000483305270110803
0.000483305270110803
0.000483305270110803
0.000483305270110803
0.000483305270110803
0.000483305270110803
0.000483305270110803
0.000483305270110803
0.000483305270110803
0.000483305270110803
0.000483305270110803
0.000483305270110803
0.000483305270110803
0.000483305270110803
0.000483305270110803
0.000483305270110803
0.000483305270110803
0.000483305270110803
0.000483304988903552
0.0134643542742593
0.0134643542742593
0.0134643542346627
0.0134643540762798
0.013464354036685
0.0134643539970906
0.0134643539970906
0.0134643539970906
0.0134643539970906
0.0134643539970906
0.0134643539970906
0.0134643539970906
0.0134643539970906
0.0134643539970906
0.0134643539970906
0.0134643538387168
0.0134643538387168
0.0134643538387168
0.0134643538387168
0.013464353680349
0.013464353680349
0.013464353680349
0.013464353680349
0.013464353680349
0.013464353680349
0.013464353680349
0.0134643536605535
0.0134643536605535
0.0134643536605535
0.0134643536605535
0.0134643536605535
0.0134643536605535
0.0134643536605535
0.0134643536605535
0.0134643536605535
0.0134643536605535
0.0134643536605535
0.0134643536605535
0.0134643536605535
0.0134643536605535
0.0134643536605535
0.0134643536209627
0.0134643536019602
0.0134643536019602
0.0134643536019602
0.0134643535821649
0.0134643535821649
0.0134643535623698
0.0134643535623698
0.0134643535433674
0.0134643535433674
0.0134643535433674
0.0134643535433674
0.0134643535433674
0.0134643535433674
0.0134643535433674
0.0134643535433674
0.0134643535235723
0.0134643535235723
0.0134643535235723
0.0134643535235723
0.0134643535235723
0.0134643535235723
0.0134643535235723
0.0134643535235723
0.0134643535235723
0.0134643535235723
0.0134643535235723
0.0134643535235723
0.0134643535235723
0.0134643535235723
0.0134643535235723
0.0134643535235723
0.0134643534839824
0.0134643534641877
0.0134643534641877
0.0134643534641877
0.0134643534641877
0.0134643534641877
0.0134643534641877
0.0134643534641877
0.0134643534641877
0.0134643534641877
0.0134643534641877
0.0134643534641877
0.0134643534641877
0.0134643534641877
0.0134643534641877
0.0134643534641877
0.0134643534641877
0.0134643534641877
0.0134643534641877
0.0134643534641877
0.0134643534641877
0.0134643534641877
0.0134643534641877
0.0134643542742593
0.0134643542742593
0.0134643542742593
0.0134643542742593
0.0134643542742593
0.0134643542742593
0.0134643577578716
0.0134643577578716
0.0134643577578716
0.0134643577578716
0.0134643577578716
0.0134643577578716
0.0134643577578716
0.0134643577578716
0.0134643577380702
0.0134643577182689
0.0134643577182689
0.0134643577182689
0.0134643577182689
0.0134643577182689
0.0134643577182689
0.0134643577182689
0.0134643577182689
0.0134643577182689
0.0134643577182689
0.0134643577182689
0.0134643577182689
0.0134643576984677
0.0134643575903949
0.0134643575903949
0.0134643574815248
0.0134644828602431
0.0134643574419231
0.0134643574419231
0.0134643574419231
0.0134643574419231
0.0134643574221223
0.0134643574221223
0.0134643574221223
0.0134643574221223
0.0134643574221223
0.0134643574221223
0.0134643574221223
0.0134643574221223
0.0134643574221223
0.0134643574221223
0.0134643574221223
0.0134643573140509
0.0134643572942503
0.0134643572942503
0.0134643572942503
0.0134643572942503
0.0134643572942503
0.0134643572942503
0.0134643572942503
0.0134643572942503
0.0134643572942503
0.0134643572356444
0.0134643572356444
0.0134643572356444
0.0134643572356444
0.0134643572158442
0.0134643572158442
0.0134643572158442
0.0134643572158442
0.0134643606488448
0.0134643606488448
0.0134643606488448
0.01346436053996
0.0134643546483162
0.0134643546483162
0.0134643546483162
0.0134643546483162
0.0134643546483162
0.0134643546483162
0.0134643546483162
0.0134643546483162
0.0134643546483162
0.0134643546483162
0.0134643546483162
0.0134643546483162
0.0134643546483162
0.0134643546285207
0.0134643546285207
0.0134643546285207
0.0134643546285207
0.0134643546285207
0.0134643546285207
0.0134643546285207
0.0134643546087254
0.0134643546087254
0.0134643546087254
0.0134643546087254
0.0134643546087254
0.0134643546087254
0.0134643546087254
0.0134641366803172
0.0134641366803172
0.0134641366803172
0.0134641366803172
0.0134641367891881
0.0134641367693867
0.0134641367495854
0.0134641367495854
0.0134641367495854
0.0134641367495854
0.0134641367495854
0.0134641365911784
0.013464136463306
0.013464136463306
0.013464136463306
0.013464136463306
0.013464136463306
0.013464136463306
0.013464136463306
0.013464136463306
0.013464136463306
0.013464136463306
0.013464136463306
0.013464136463306
0.013464136463306
0.013464136463306
0.013464136463306
0.013464136463306
0.013464136463306
0.013464136463306
0.013464136463306
0.013464136463306
0.013464136463306
0.013464136463306
0.013464136463306
0.013464136463306
0.013464136463306
0.013464136463306
0.013464136463306
0.013464136463306
0.013464136463306
0.0134641364237055
0.0134641364047003
0.0134641363856951
0.0134641363856951
0.0134641363856951
0.01346413632709
0.01346413632709
0.0134641362882851
0.0134641362882851
0.0134641362296807
0.0134641362296807
0.0134641362296807
0.0134641362296807
0.0134641362098811
0.0134641362098811
0.0134641362098811
0.0134641362098811
0.0134641362098811
0.0134641362098811
0.0134641362098811
0.0134641362098811
0.0134641362098811
0.0134641361900816
0.0134641361900816
0.0134641361504828
0.0134641373298592
0.0134641373084634
0.0134641373084634
0.0134641372886633
0.0134641372886633
0.0134641372688634
0.0134641324673324
0.0134641268194009
0.0134641266610768
0.0134641266610768
0.0134641266610768
0.0134641301436755
0.0134641301436755
0.0134641301436755
0.0134641301436755
0.0134641301436755
0.0134641301436755
0.0134641301436755
0.0134641301436755
0.0134641301436755
0.0134641301436755
0.0134641301436755
0.0134641301436755
0.0134641299853334
0.0134641299853334
0.0134641299853334
0.0134641299853334
0.0134641299853334
0.013464129965541
0.013464129965541
0.013464020086534
0.013464020086534
0.013464020086534
0.0134640200667315
0.0134640200667315
0.0134640200667315
0.0134640200667315
0.0134640200667315
0.0134640200667315
0.0134640200667315
0.0134640196509617
0.0134640196509617
0.0134640196509617
0.0134640196509617
0.0134640196509617
0.0134640196509617
0.0134640196509617
0.0134640196311605
0.0134640196311605
0.0134640196311605
0.0134640196311605
0.0134640196311605
0.0134640194727543
0.0134640194727543
0.0134640194727543
0.0134640194727543
0.0134640194727543
0.0134640194727543
0.0134640194727543
0.0134640194727543
0.0134640194727543
0.0134640194727543
0.0134640194727543
0.0134640194727543
0.0134640194727543
0.0134640194727543
0.0134640194727543
0.0134640194727543
0.0134640195816285
0.0134640195816285
0.0134640195816285
0.0134640195816285
0.0134640195816285
0.013464019561828
0.013464019561828
0.013464019561828
0.0134640196707027
0.0134640196707027
0.0134640196707027
0.0134640205417187
0.0134640205417187
0.0134640205417187
0.0134640205417187
0.0134640205417187
0.0134640205417187
0.0134640205417187
0.0134640205417187
0.0134640205417187
0.0134640205219174
0.0134640205219174
0.0134640204823153
0.0134640204823153
0.0134640622657458
0.0134640204823153
0.0134640204823153
0.0134640623097309
0.0134640204625144
0.0134640204625144
0.0134640201457125
0.0134640201457125
0.0134640201457125
0.0134640201457125
0.0134640201457125
0.0134640201457125
0.0134640200368355
0.0134640200368355
0.0134640200368355
0.0134640200368355
0.0134640200368355
0.0134640200368355
0.0134640200368355
0.0134640200368355
0.0134640200368355
0.0134640200368355
0.0134640200368355
0.0134640193455721
0.0134640194544457
0.013464018822558
0.013464018822558
0.013464018879576
0.013464018879576
0.013464018879576
0.013464018879576
0.0134640187211977
0.0134640187211977
0.0134640187211977
0.0134640954289678
0.0134640954289678
0.0134640953893615
0.0134640953893615
0.0134640953893615
0.0134640953893615
0.0134640953893615
0.0134640953893615
0.0134640957456762
0.0134640957456762
0.0134640957456762
0.0134640957456762
0.0134640957456762
0.0134640957456762
0.0134640957456762
0.0134640957456762
0.0134640957456762
0.0134640957258732
0.0134640957258732
0.0134640957258732
0.0134640957258732
0.0134640957258732
0.0134640957258732
0.0134640957258732
0.0134640957258732
0.0134640957258732
0.0134640957258732
0.0134640957258732
0.0134640957258732
0.0134640957258732
0.0134640957258732
0.0134640957258732
0.0134640957258732
0.0134640957258732
0.0134640957258732
0.0134640957258732
0.0134640957258732
0.0134640957258732
0.0134640957258732
0.0134640957258732
0.0134640957258732
0.0134640957258732
0.0134640957258732
0.0134640957258732
0.0134640957258732
0.0134640957258732
0.0134640957258732
0.0134640957258732
0.0134640957258732
0.0134640957258732
0.0134640957258732
0.0134640957060703
0.0134640957060703
0.0134640957060703
0.0134640957060703
0.0134640957060703
0.0134640957060703
0.0134640957060703
0.0134640957060703
0.0134640957060703
0.0134640957060703
0.0134640957060703
0.0134640957060703
0.0134641375319367
0.0134640955979862
0.0134640955979862
0.0134640955979862
0.0134640955979862
0.0134640955979862
0.0134640955781835
0.0134640954700999
0.013464095469302
0.0134641108267196
0.0134641108267196
0.0134641108267196
0.0134641092951062
0.0134641089781004
0.0134641089781004
0.0134641089781004
0.0134641089384712
0.0134641089384712
0.0134641089384712
0.0134641089384712
0.0134641089384712
0.013464107220957
0.0134641072011465
0.0134641072011465
0.0134641072011465
0.0134641072011465
0.0134641072011465
0.0134641072011465
0.0134641072011465
0.0134641072011465
0.0134641072011465
0.0134641072011465
0.0134641072011465
0.0137083994073073
0.0137083994073073
0.0137083994073073
0.013464020086534
0.013464020086534
0.013464020086534
0.013464020086534
0.013464020086534
0.013464020086534
0.013464020086534
0.013464020086534
0.013464020086534
0.013464020086534
0.013464020086534
0.013464020086534
0.013464020086534
0.013464020086534
0.013464020086534
0.013464020086534
0.013464020086534
0.013464020086534
0.013464020086534
0.013464020086534
0.013464020086534
0.013464020086534
0.013464020086534
0.013464020086534
0.013464020086534
0.013464020086534
0.013464020086534
0.013464020086534
0.013464020086534
0.013464020086534
0.013464020086534
0.013464020086534
0.013464020086534
0.013464020086534
0.013464020086534
0.013464020086534
0.013464020086534
0.013464020086534
0.013464020086534
0.013464020086534
0.013464020086534
0.013464020086534
0.013464020086534
0.013464020086534
0.013464020086534
0.013464020086534
0.013464020086534
0.013464020086534
0.013464020086534
0.013464020086534
0.013464020086534
0.013464020086534
0.013464020086534
0.013464020086534
0.013464020086534
0.013464020086534
0.013464020086534
0.013464020086534
0.013464020086534
0.013464020086534
0.013464020086534
0.013464020086534
0.013464020086534
0.013464020086534
0.013464020086534
0.013464020086534
0.013464020086534
0.013464020086534
0.013464020086534
0.013464020086534
0.013464020086534
0.013464020086534
0.013464020086534
0.013464020086534
0.013464020086534
0.013464020086534
0.013464020086534
0.013464020086534
0.013464020086534
0.013464020086534
0.013464020086534
0.013464020086534
0.013464020086534
0.013464020086534
0.013464020086534
0.013464020086534
0.013464020086534
0.013464020086534
0.013464020086534
0.013464020086534
0.013464020086534
0.013464020086534
0.013464020086534
0.0134679721886477
0.0134679721886477
0.0134679720301177
0.0134679718715936
0.0134679718715936
0.0134679718715936
0.0134679718715936
0.0134679718715936
0.0134679718715936
0.0134679718715936
0.0134679717130757
0.0134679717130757
0.0134679717130757
0.0134679717130757
0.0134679717130757
0.0134679716932613
0.0134679716734471
0.0134679716734471
0.0134679716734471
0.0134679716734471
0.0134679716734471
0.0134679716734471
0.0134679716734471
0.0134679716734471
0.013467971653633
0.013467971653633
0.013467971653633
0.013467971653633
0.013467971653633
0.013467971653633
0.013467971653633
0.013467971653633
0.013467971653633
0.013467971653633
0.013467971653633
0.013467971653633
0.013467971653633
0.013467971653633
0.013467971653633
0.013467971653633
0.013467971653633
0.013467971653633
0.013467971653633
0.013467971653633
0.013467971653633
0.013467971653633
0.013467971653633
0.013467971653633
0.013467971653633
0.013467971653633
0.013467971653633
0.013467971653633
0.013467971653633
0.013467971653633
0.013467971653633
0.013467971653633
0.013467971614005
0.013467971614005
0.013467971614005
0.013467971614005
0.013467971614005
0.013467971614005
0.0134679715941911
0.0134679715941911
0.0134679715941911
0.0134679715941911
0.0134679715743774
0.0134679715743774
0.0134679715743774
0.0134679715743774
0.0134679715743774
0.0134679715743774
0.0134679715743774
0.0134679715743774
0.0134679715743774
0.0134679715743774
0.0134679715743774
0.0134679715743774
0.0134679715743774
0.0134679715743774
0.0134679715743774
0.0134679715743774
0.0134679715743774
0.0134679715743774
0.0134679715743774
0.0134679715743774
0.0134679715743774
0.0134679714158707
0.0134679714158707
0.0134679714158707
0.0134679713960578
0.0134679713960578
0.0134679713960578
0.0134679713960578
0.0134679713572251
0.0134679713572251
0.0134679721886477
0.0134679721886477
0.0134679721886477
0.0134679721886477
0.0134679721688311
0.0134679721688311
0.0134679721688311
0.0134679721688311
0.0134679721680329
0.0134679721680329
0.0134679721680329
0.0134679721680329
0.0134679721680329
0.0134679721680329
0.0134679715339519
0.0134679713754468
0.0134679713754468
0.013467971355634
0.013467971355634
0.013467971355634
0.013467971355634
0.013467971355634
0.013467971355634
0.0134679713358214
0.0134679711773238
0.0134679711384921
0.0134679711384921
0.0134679711384921
0.0134679711384921
0.0134679711384921
0.0134679694209089
0.0134679684701273
0.0134679684114977
0.0134679684114977
0.0134679684114977
0.0134679684114977
0.0134679683916922
0.0134679683916922
0.0134679683726739
0.0134679683726739
0.0134679683330633
0.0134679683330633
0.0134679682744348
0.0134679682744348
0.0134679682744348
0.0134679682744348
0.0134679682744348
0.0134679682744348
0.0134679682744348
0.0134679682744348
0.0134679682744348
0.0134679682744348
0.0134679682744348
0.0134679682744348
0.0134679682744348
0.0134679682744348
0.0134679682744348
0.0134679681670957
0.0134679681670957
0.0134679681670957
0.0134679681670957
0.0134679681670957
0.0134679681670957
0.0134679681670957
0.0134679681670957
0.0134679681472908
0.0134679681472908
0.013467968127486
0.0134680119317077
0.0134680119317077
0.0134679678724144
0.0134679678724144
0.0134679678724144
0.0134679678724144
0.0134679678724144
0.0134679678724144
0.0134679678724144
0.0134679678724144
0.0134679678724144
0.0134679678724144
0.0134679678724144
0.0134679678724144
0.0134679678724144
0.0134679678724144
0.0134679678724144
0.0134679678724144
0.0134679678724144
0.0134679678724144
0.0134679678724144
0.0134679678724144
0.0134679678724144
0.0134679678526101
0.0134679678526101
0.0134679678526101
0.0134679678526101
0.013467967832806
0.013464020086534
0.013464020086534
0.013464020086534
0.013464020086534
0.013464020086534
0.013464020086534
0.013464020086534
0.013464020086534
0.013464020086534
0.013464020086534
0.013464020086534
0.013464020086534
0.013464020086534
0.013464020086534
0.013464020086534
0.013464020086534
0.013464020086534
0.013464020086534
0.013464020086534
0.013464020086534
0.013464020086534
0.013464020086534
0.013464020086534
0.013464020086534
0.013464020086534
0.013464020086534
0.013464020086534
0.013464020086534
0.013464020086534
0.013464020086534
0.013464020086534
0.013464020086534
0.013464020086534
0.013464020086534
0.013464020086534
0.013464020086534
0.013464020086534
0.013464020086534
0.013464020086534
0.013464020086534
0.013464020086534
0.013464020086534
0.013464020086534
0.013464020086534
0.013464020086534
0.013464020086534
0.013464020086534
0.013464020086534
0.013464020086534
0.013464020086534
0.013464020086534
0.013464020086534
0.013464020086534
0.013464020086534
0.013464020086534
0.013464020086534
0.013464020086534
0.013464020086534
0.013464020086534
0.013464020086534
0.013464020086534
0.013464020086534
0.013464020086534
0.013464020086534
0.013464020086534
0.013464020086534
0.013464020086534
0.013464020086534
0.013464020086534
0.013464020086534
0.013464020086534
0.013464020086534
0.013464020086534
0.013464020086534
0.013464020086534
0.013464020086534
0.013464020086534
0.013464020086534
0.013464020086534
0.013464020086534
0.013464020086534
0.013464020086534
0.013464020086534
0.013464020086534
0.013464020086534
0.013464020086534
0.013464020086534
0.013464020086534
0.013464020086534
0.013464020086534
0.013464020086534
0.013464020086534
0.013464020086534
0.013464020086534
0.013464020086534
0.013464020086534
0.0134679848543889
0.0134679848543889
0.0134679848543889
0.0134679848543889
0.0134679848543889
0.0134679848543889
0.0134679848543889
0.0134679848543889
0.0134679848543889
0.0134679846958565
0.0134679846958565
0.0134679846958565
0.0134679846958565
0.0134679846958565
0.0134679846958565
0.0134679846958565
0.0134679846958565
0.0134596670792658
0.0134596670792658
0.0134596670792658
0.0134679969019135
0.0134679969019135
0.00190641903378388
0.00190641903378388
0.00190641903378388
0.00190641903378388
0.00190641903378388
0.00190641903378388
0.00190641903378388
0.00190641903378388
0.00190641903378388
0.00190641903378388
0.00190641903378388
0.00190641903378388
0.00190641903378388
0.00190641903378388
0.00190641903378388
0.00190662820127934
0.00190638103608638
0.00190638103608638
0.00190638103608638
0.00190638103608638
0.00190638103608638
0.00190638103608638
0.00190638103608638
0.00190638103608638
0.00190638103608638
0.00190638103608638
0.00190638103608638
0.00190638103608638
0.00190638103608638
0.00190638103608638
0.00190638103608638
0.00190638103608638
0.00190638101626639
0.00190638101626639
0.00190638101626639
0.00190638101626639
0.00190638101626639
0.00190638101626639
0.00190638101626639
0.00190638101626639
0.00190638101626639
0.00190638101626639
0.00190638101626639
0.00190638101626639
0.00190638101626639
0.00190638101626639
0.00190633915666884
0.00190633915666884
0.00190633915666884
0.00190633915666884
0.00190633915666884
0.00190633915666884
0.0019063390477547
0.00190633722670994
0.00190633722670994
0.00190633722670994
0.00190633722670994
0.00190633722670994
0.00190633722670994
0.00190633722670994
0.00190633722670994
0.00190633722670994
0.00190633722670994
0.00190633722670994
0.00190633722670994
0.00190633722670994
0.00190633722670994
0.00190633722670994
0.00190633722670994
0.00190633722670994
0.00190633722670994
0.00190633722670994
0.00190633722670994
0.00190633722670994
0.0019002713313797
0.0019002713313797
0.0019002713313797
0.0019002713313797
0.00190027129251873
0.00190027129251873
0.00190027127348691
0.00190027127348691
0.00190027125445519
0.00190027125445519
0.00190027125445519
0.00190027125445519
0.00190027125445519
0.00190027125445519
0.00190027125445519
0.00190027125445519
0.00190027125445519
0.00190027125445519
0.00190027125445519
0.00190027125445519
0.00190027125445519
0.00190027125445519
0.00190027125445519
0.00190027125445519
0.00190027125445519
0.00190027125445519
0.00190027125445519
0.00190027125445519
0.00190027125445519
0.00190027125445519
0.00190027125445519
0.00190027125445519
0.00190027125445519
0.00190027125445519
0.00190027125445519
0.00190027125445519
0.00190027125445519
0.00190027125445519
0.00190027125445519
0.00190027125445519
0.00190027125445519
0.00190027125445519
0.00190027125445519
0.00190027125445519
0.00190027125445519
0.00190027125445519
0.00190027125445519
0.00190027125445519
0.00190027125445519
0.00190027125445519
0.00190027125445519
0.00190027125445519
0.00190027125445519
0.00190027125445519
0.00190027125445519
0.00190027125445519
0.00190027125445519
0.00190027125445519
0.00190027125445519
0.00190027125445519
0.00190043855208829
0.00190022952707377
0.00190022952707377
0.00190022952707377
0.00190022952707377
0.00190026773886075
0.00190026773886075
0.00190026773886075
0.00190026773886075
0.00190026773886075
0.00190026773955989
0.00190026773955989
0.00190026771903198
0.00190026771903198
0.00190026771903198
0.00190026771903198
0.00190026771903198
0.00190026771903198
0.00190026771903198
0.00190026771903198
0.00190026771903198
0.00190026771903198
0.00190026771903198
0.00190026771903198
0.00190026771903198
0.00190026771903198
0.00190026771903198
0.00190026771903198
0.00190026771903198
0.00190026771903198
0.00190026771903198
0.00190026771903198
0.00190026771903198
0.00190026771903198
0.00190026771903198
0.00190026771903198
0.0019002713313797
0.0019002713313797
0.0019002713313797
0.0019002713313797
0.0019002713313797
0.0019002713313797
0.0019002713313797
0.0019002713313797
0.0019002713313797
0.0019002713313797
0.0019002713313797
0.0019002713313797
0.0019002713313797
0.0019002713313797
0.0019002713313797
0.0019002713313797
0.0019002713313797
0.0019002713313797
0.0019002713313797
0.0019002713313797
0.0019002713313797
0.0019002713313797
0.0019002713313797
0.0019002713313797
0.0019002713313797
0.0019002713313797
0.0019002713313797
0.0019002713313797
0.0019002713313797
0.0019002713313797
0.0019002713313797
0.0019002713313797
0.0019002713313797
0.0019002713313797
0.0019002713313797
0.0019002713313797
0.0019002713313797
0.0019002713313797
0.0019002713313797
0.0019002713313797
0.0019002713313797
0.0019002713313797
0.00190430159159463
0.00187433090830151
0.00187433090830151
0.00187433090830151
0.00187462352472795
0.00187131291675402
0.00189999209377312
0.00189997803683892
0.00255075076675277
0.00189997803683892
0.00189997803683892
0.00189997803683892
0.000475491276717213
0.000475491276717213
0.000475491276717213
0.000475491276717213
0.000475491276717213
0.000475491276717213
0.000475491276717213
0.000475491276717213
0.000475491276717213
0.000475491276717213
0.000475491276717213
0.000475491118159953
0.000475491118159953
0.000475491118159953
0.000475491118159953
0.000475491118159953
0.000475491118159953
0.000475491118159953
0.000475491118159953
0.000475491118159953
0.000475491118159953
0.000475491118159953
0.000475491118159953
0.000475491118159953
0.000475491118159953
0.000475491118159953
0.000475491118159953
0.000475491118159953
0.000475491118159953
0.000475491118159953
0.000475491118159953
0.000475491118159953
0.000475491118159953
0.000475491118159953
0.000475491118159953
0.000475491118159953
0.000475491118159953
0.000475491118159953
0.000475491118159953
0.000475491118159953
0.000475491118159953
0.000475491118159953