0.00608374784655771
0.00608374784655771
0.00608379605624284
0.00608379605624284
0.00608374784655771
0.00608374784655771
0.00608374784655771
0.00608374784655771
0.00608374784655771
0.00608374784655771
0.00608374784655771
0.00608804806326943
0.00608392863287695
0.00608384426592797
0.00608379605624284
0.00608374784655771
0.00608374784655771
0.00608374784655771
0.00608374784655771
0.00608374784655771
0.00608374784655771
0.00608374784655771
0.00608374784655771
0.00608374784655771
0.00608374784655771
0.00608374784655771
0.00608374784655771
0.00608374784655771
0.00608374784655771
0.00608809123976661
0.00608379605624284
0.00608379605624284
0.00608375989249803
0.00608374784655771
0.00608374784655771
0.00608374784655771
0.00608374784655771
0.00608374784655771
0.00611361642481338
0.00611361642481338
0.00611361642481338
0.00608374784655771
0.00608374784655771
0.00608374784655771
0.00611361642481338
0.00611361642481338
0.00611361642481338
0.00611361642481338
0.00611734999709534
0.00611734999709534
0.00611734999709534
0.00611734999709534
0.00611734999709534
0.00611734999709534
0.00611734999709534
0.00611734999709534
0.00611734999709534
0.00611734999709534
0.00611734999709534
0.00611734999709534
0.00611734999709534
0.00611734999709534
0.00611734999709534
0.00611734999709534
0.00611734999709534
0.006117392173006
0.00611734999709534
0.00611734999709534
0.00611734999709534
0.00611734999709534
0.00611734999709534
0.00611734999709534
0.00611734999709534
0.00611734999709534
0.00611734999709534
0.00611734999709534
0.00611734999709534
0.00611734999709534
0.00611734999709534
0.00612855071394122
0.00611734999709534
0.00611734999709534
0.00611734999709534
0.00611734999709534
0.00611734999709534
0.00611734999709534
0.00611734999709534
0.00612855071394122
0.00612855071394122
0.00612855071394122
0.00611734999709534
0.00611734999709534
0.00611734999709534
0.00611734999709534
0.00611734999709534
0.00611734999709534