0.00384591795945999
0.00384591795945999
0.00384591795945999
0.00384591795945999
0.00384591795945999
0.00384591795945999
0.00384591795945999
0.00384591795945999
0.00384591795945999
0.00384591795945999
0.00384591795945999
0.0038486771115416
0.00384600634388273
0.00384596616914512
0.00384591795945999
0.00384591795945999
0.00384591795945999
0.00384591795945999
0.00384591795945999
0.00384591795945999
0.00384591795945999
0.00384591795945999
0.00384591795945999
0.00384591795945999
0.00384591795945999
0.00384591795945999
0.00384591795945999
0.00384591795945999
0.00384591795945999
0.0038486771115416
0.00384591795945999
0.00384591795945999
0.00384591795945999
0.00384591795945999
0.00384591795945999
0.00384591795945999
0.00384591795945999
0.00384591795945999
0.00384591795945999
0.00384591795945999
0.00384591795945999
0.00384591795945999
0.00384591795945999
0.00384591795945999
0.00384591795945999
0.00384591795945999
0.00384591795945999
0.00384591795945999
0.00384591795945999
0.00384591795945999
0.00384591795945999
0.00384591795945999
0.00384591795945999
0.00384591795945999
0.00384591795945999
0.00384591795945999
0.00384591795945999
0.00384591795945999
0.00384591795945999
0.00384591795945999
0.00384591795945999
0.00384591795945999
0.00384591795945999
0.00384591795945999
0.00384591795945999
0.00384594808511046
0.00384591795945999
0.00384591795945999
0.00384591795945999
0.00384591795945999
0.00384591795945999
0.00384591795945999
0.00384591795945999
0.00384591795945999
0.00384591795945999
0.00384591795945999
0.00384591795945999
0.00384591795945999
0.00384591795945999
0.00384591795945999
0.00384591795945999
0.00384591795945999
0.00384591795945999
0.00384591795945999
0.00384591795945999
0.00384591795945999
0.00384591795945999
0.00384591795945999
0.00384591795945999
0.00384591795945999
0.00384591795945999
0.00384591795945999
0.00384591795945999
0.00384591795945999
0.00384591795945999
0.00384591795945999