0.00388736504605109
0.00388736504605109
0.00388736504605109
0.00388736504605109
0.00388736504605109
0.00388736504605109
0.00388736504605109
0.00388736504605109
0.00388736504605109
0.00388736504605109
0.00388736504605109
0.00389015386637537
0.00388744539552632
0.00388738915089366
0.00388736504605109
0.00388736504605109
0.00388736504605109
0.00388736504605109
0.00388736504605109
0.00388736504605109
0.00388736504605109
0.00388736504605109
0.00388736504605109
0.00388736504605109
0.00388736504605109
0.00388736504605109
0.00388736504605109
0.00388736504605109
0.00388736504605109
0.00339878041346341
0.00393216791343461
0.00393216791343461
0.00393216791343461
0.00393216791343461
0.00393216791343461
0.00393216791343461
0.00393216791343461
0.00388736504605109
0.00388736504605109
0.00388736504605109
0.00388736504605109
0.00388736504605109
0.00388736504605109
0.00388736504605109
0.00388736504605109
0.00388736504605109
0.00388736504605109
0.00388736504605109
0.00388736504605109
0.00388736504605109
0.00388736504605109
0.00388736504605109
0.00388736504605109
0.00388736504605109
0.00388736504605109
0.00388736504605109
0.00388736504605109
0.00388736504605109
0.00388736504605109
0.00388736504605109
0.00388736504605109
0.00388736504605109
0.00388736504605109
0.00388736504605109
0.00388736504605109
0.00379127526711392
0.00388736504605109
0.00388736504605109
0.00388736504605109
0.00388736504605109
0.00388736504605109
0.00388736504605109
0.00388736504605109
0.00388736504605109
0.00388736504605109
0.00388736504605109
0.00388736504605109
0.00388736504605109
0.00388736504605109
0.00388736504605109
0.00388736504605109
0.00388736504605109
0.00388736504605109
0.00388736504605109
0.00388736504605109
0.00388736504605109
0.00388736504605109
0.00388736504605109
0.00388736504605109
0.00388736504605109
0.00387616432920522
0.00387616432920522
0.00387616432920522
0.00387616432920522
0.00387616432920522
0.00387616432920522