0.0429816793574949
0.0429816793574949
0.0429817858205496
0.0429817858205496
0.0431608908270289
0.0431608908270289
0.0431608908270289
0.0431608908270289
0.0431160879596454
0.0431160879596454
0.0431160879596454
0.0431180633061617
0.043116616257445
0.0432956971590818
0.0432955344513945
0.0432954279883398
0.0432954279883398
0.0432954279883398
0.0432954279883398
0.0431162165188058
0.0431162165188058
0.0431162165188058
0.0431162165188058
0.0431162165188058
0.0431610193861893
0.0431610193861893
0.0431610193861893
0.0431050158019599
0.0430154100671929
0.0430508370384517
0.0430155165302476
0.0430155165302476
0.0430154366686444
0.0431834288548286
0.0431946295716745
0.0431946295716745
0.0431946295716745
0.0435040897228204
0.0436310311804071
0.0436310311804071
0.0436310311804071
0.0431834208198811
0.0431722201030352
0.0438135579089139
0.0440926424369904
0.0440926424369904
0.0440926424369904
0.0440926424369904
0.0431498186693434
0.0431498186693434
0.0431498186693434
0.0431498186693434
0.0439591672279104
0.0439591672279104
0.0439591672279104
0.0439591672279104
0.0431498186693434
0.0435656936654728
0.0435656936654728
0.0442070314713515
0.0442070314713515
0.0437911564752222
0.0437911564752222
0.0437911564752222
0.0431498186693434
0.0431499467033579
0.0433290301388775
0.0433290301388775
0.0433290301388775
0.0433290301388775
0.0433290301388775
0.0433290301388775
0.0439703679447562
0.0437910279160618
0.0437910279160618
0.0444323657219406
0.0437910279160618
0.0437910279160618
0.0451669460684161
0.0441503842482004
0.0445256082625373
0.0445256082625373
0.0435898333261452
0.0435898333261452
0.0439329036627763
0.0439329036627763
0.0439329036627763
0.0436640864584752
0.0436640864584752
0.0436640864584752
0.0435898333261452
0.043601034042991
0.043601034042991
0.043601034042991
0.043601034042991
0.043601034042991
