0.0028673835125448
0.0028673835125448
0.0028673835125448
0.0028673835125448
0.0028673835125448
0.0028673835125448
0.0028673835125448
0.0028673835125448
0.0028673835125448
0.0028673835125448
0.0028673835125448
0.00286944045911047
0.0028673835125448
0.0028673835125448
0.0028673835125448
0.0028673835125448
0.0028673835125448
0.0028673835125448
0.0028673835125448
0.0028673835125448
0.0028673835125448
0.0028673835125448
0.0028673835125448
0.0028673835125448
0.0028673835125448
0.0028673835125448
0.0028673835125448
0.0028673835125448
0.0028673835125448
0.00286944045911047
0.0028673835125448
0.0028673835125448
0.0028673835125448
0.0028673835125448
0.0028673835125448
0.0028673835125448
0.0028673835125448
0.0028673835125448
0.0028673835125448
0.0028673835125448
0.0028673835125448
0.0028673835125448
0.0028673835125448
0.0028673835125448
0.0028673835125448
0.0028673835125448
0.0028673835125448
0.0028673835125448
0.0028673835125448
0.0028673835125448
0.0028673835125448
0.0028673835125448
0.0028673835125448
0.0028673835125448
0.0028673835125448
0.0028673835125448
0.0028673835125448
0.0028673835125448
0.0028673835125448
0.0028673835125448
0.0028673835125448
0.0028673835125448
0.0028673835125448
0.0028673835125448
0.0028673835125448
0.0028673835125448
0.0028673835125448
0.0028673835125448
0.0028673835125448
0.0028673835125448
0.0028673835125448
0.0028673835125448
0.0028673835125448
0.0028673835125448
0.0028673835125448
0.0028673835125448
0.0028673835125448
0.0028673835125448
0.0028673835125448
0.0028673835125448
0.0028673835125448
0.0028673835125448
0.0028673835125448
0.0028673835125448
0.0028673835125448
0.0028673835125448
0.0028673835125448
0.0028673835125448
0.0028673835125448
0.0028673835125448
0.0028673835125448
0.0028673835125448
0.0028673835125448
0.0028673835125448
0.0028673835125448
0.0028673835125448
