7.28046594982079e-05
7.28046594982079e-05
7.28046594982079e-05
7.28046594982079e-05
7.28046594982079e-05
7.28046594982079e-05
7.28046594982079e-05
7.28046594982079e-05
7.28046594982079e-05
7.28046594982079e-05
7.28046594982079e-05
7.28568866571019e-05
7.28046594982079e-05
7.28046594982079e-05
7.28046594982079e-05
7.28046594982079e-05
7.28046594982079e-05
7.28046594982079e-05
7.28046594982079e-05
7.28046594982079e-05
7.28046594982079e-05
7.28046594982079e-05
7.28046594982079e-05
7.28046594982079e-05
7.28046594982079e-05
7.28046594982079e-05
7.28046594982079e-05
7.28046594982079e-05
7.28046594982079e-05
7.28568866571019e-05
7.28046594982079e-05
7.28046594982079e-05
7.28046594982079e-05
7.28046594982079e-05
7.28046594982079e-05
7.28046594982079e-05
7.28046594982079e-05
7.28046594982079e-05
7.28046594982079e-05
7.28046594982079e-05
7.28046594982079e-05
7.28046594982079e-05
7.28046594982079e-05
7.28046594982079e-05
7.28046594982079e-05
7.28046594982079e-05
7.28046594982079e-05
7.28046594982079e-05
7.28046594982079e-05
7.28046594982079e-05
7.28046594982079e-05
7.28046594982079e-05
7.28046594982079e-05
7.28046594982079e-05
7.28046594982079e-05
7.28046594982079e-05
7.28046594982079e-05
7.28046594982079e-05
7.28046594982079e-05
7.28046594982079e-05
7.28046594982079e-05
7.28046594982079e-05
7.28046594982079e-05
7.28046594982079e-05
7.28046594982079e-05
7.28106846283025e-05
7.28046594982079e-05
7.28046594982079e-05
7.28046594982079e-05
7.28046594982079e-05
7.28046594982079e-05
7.28046594982079e-05
7.28046594982079e-05
7.28046594982079e-05
7.28046594982079e-05
7.28046594982079e-05
7.28046594982079e-05
7.28046594982079e-05
7.28046594982079e-05
8.4005376344086e-05
7.28046594982079e-05
7.28046594982079e-05
7.28046594982079e-05
7.28046594982079e-05
7.28046594982079e-05
7.28046594982079e-05
7.28046594982079e-05
8.4005376344086e-05
8.4005376344086e-05
8.4005376344086e-05
7.28046594982079e-05
7.28046594982079e-05
7.28046594982079e-05
7.28046594982079e-05
7.28046594982079e-05
7.28046594982079e-05