0.000492831541218638
0.000492831541218638
0.000492831541218638
0.000492831541218638
0.000492831541218638
0.000492831541218638
0.000492831541218638
0.000492831541218638
0.000492831541218638
0.000492831541218638
0.000492831541218638
0.000493185078909613
0.000492831541218638
0.000492831541218638
0.000492831541218638
0.000492831541218638
0.000492831541218638
0.000492831541218638
0.000492831541218638
0.000492831541218638
0.000492831541218638
0.000492831541218638
0.000492831541218638
0.000492831541218638
0.000492831541218638
0.000492831541218638
0.000492831541218638
0.000492831541218638
0.000492831541218638
0.000493185078909613
0.000492831541218638
0.000492831541218638
0.000492831541218638
0.000492831541218638
0.000492831541218638
0.000492831541218638
0.000492831541218638
0.000492831541218638
0.000492831541218638
0.000492831541218638
0.000492831541218638
0.000492831541218638
0.000492831541218638
0.000492831541218638
0.000492831541218638
0.000492831541218638
0.000492831541218638
0.000492831541218638
0.000492831541218638
0.000492831541218638
0.000492831541218638
0.000492831541218638
0.000492831541218638
0.000492831541218638
0.000492831541218638
0.000492831541218638
0.000492831541218638
0.000492831541218638
0.000492831541218638
0.000492831541218638
0.000492831541218638
0.000492831541218638
0.000492831541218638
0.000492831541218638
0.000492831541218638
0.000492831541218638
0.000492831541218638
0.000492831541218638
0.000492831541218638
0.000492831541218638
0.000492831541218638
0.000492831541218638
0.000492831541218638
0.000492831541218638
0.000492831541218638
0.000492831541218638
0.000492831541218638
0.000492831541218638
0.000492831541218638
0.000492831541218638
0.000492831541218638
0.000492831541218638
0.000492831541218638
0.000492831541218638
0.000492831541218638
0.000492831541218638
0.000492831541218638
0.000492831541218638
0.000492831541218638
0.000492831541218638
0.000492831541218638
0.000492831541218638
0.000492831541218638
0.000492831541218638
0.000492831541218638
0.000492831541218638
