0.25544922913344
0.25544922913344
0.25544922913344
0.25544922913344
0.25544922913344
0.25544922913344
0.25544922913344
0.25544922913344
0.25544922913344
0.25544922913344
0.25544922913344
0.25544922913344
0.25544922913344
0.25544922913344
0.25544922913344
0.25544922913344
0.25544922913344
0.25544922913344
0.25544922913344
0.25544922913344
0.25544922913344
0.25544922913344
0.25544922913344
0.25544922913344
0.25544922913344
0.25544922913344
0.25544922913344
0.25544922913344
0.25544922913344
0.25544922913344
0.25544922913344
0.25544922913344
0.25544922913344
0.25544922913344
0.25544922913344
0.25544922913344
0.25544922913344
0.25544922913344
0.25544922913344
0.25544922913344
0.25544922913344
0.25544922913344
0.25544922913344
0.25544922913344
0.25544922913344
0.25544922913344
0.25544922913344
0.25544922913344
0.25544922913344
0.25544922913344
0.25544922913344
0.25544922913344
0.25544922913344
0.25544922913344
0.25544922913344
0.25544922913344
0.25544922913344
0.25544922913344
0.25544922913344
0.25544922913344
0.25544922913344
0.25544922913344
0.25544922913344
0.25544922913344
0.25544922913344
0.25544922913344
0.25544922913344
0.25544922913344
0.25544922913344
0.25544922913344
0.25544922913344
0.25544922913344
0.25544922913344
0.25544922913344
0.25544922913344
0.25544922913344
0.25544922913344
0.25544922913344
0.25544922913344
0.25544922913344
0.25544922913344
0.25544922913344
0.25544922913344
0.25544922913344
0.25544922913344
0.220361509835194
0.220361509835194
0.220361509835194
0.220361509835194
0.220361509835194
0.220361509835194
0.220361509835194
0.220361509835194
0.219829877724615
0.220361509835194
0.220361509835194