0.227250957854406
0.227250957854406
0.227250957854406
0.227250957854406
0.227250957854406
0.227250957854406
0.227250957854406
0.227250957854406
0.228687739463602
0.227250957854406
0.223318713450292
0.223318713450292
0.223318713450292
0.22815839887074
0.22815839887074
0.22815839887074
0.229166666666667
0.227729885057471
0.228315240527884
0.228315240527884
0.228315240527884
0.226758347016968
0.226758347016968
0.226758347016968
0.226758347016968
0.226758347016968
0.227250957854406
0.227250957854406
0.224831115144182
0.227250957854406
0.227250957854406
0.227671479301
0.227671479301
0.23701055976077
0.237373737373737
0.237373737373737
0.235283873214908
0.237373737373737
0.237373737373737
0.237474211612143
0.237474211612143
0.237474211612143
0.237474211612143
0.237474211612143
0.237474211612143
0.237739463601533
0.237739463601533
0.237411056376574
0.237411056376574
0.238847837985769
0.239207033388068
0.237411056376574
0.23848864258347
0.23639160955516
0.23639160955516
0.23639160955516
0.23639160955516
0.231587601302876
0.233010232614663
0.247700160451143
0.231860807327307
0.228359210376021
0.229881714604112
0.229881714604112
0.229881714604112
0.229881714604112
0.23129328951841
0.23129328951841
0.230129314543872
0.23129328951841
0.23129328951841
0.231522180938707
0.231522180938707
0.231522180938707
0.231522180938707
0.231522180938707
0.231522180938707
0.231522180938707
0.231522180938707
0.231522180938707
0.231522180938707
0.231522180938707
0.231522180938707
0.231522180938707
0.230400790414457
0.231522180938707
0.231522180938707
0.231207998248724
0.231207998248724
0.231207998248724
0.231207998248724
0.231207998248724
0.231207998248724
0.231207998248724
0.231207998248724
0.231207998248724
