0.0622605363984674
0.0622605363984674
0.0622605363984674
0.0622605363984674
0.0622605363984674
0.0622605363984674
0.0622605363984674
0.0622605363984674
0.0622605363984674
0.0622605363984674
0.0622605363984674
0.0622605363984674
0.0622605363984674
0.0622605363984674
0.0622605363984674
0.0622605363984674
0.0622605363984674
0.0622605363984674
0.0622605363984674
0.0622605363984674
0.0622605363984674
0.0622605363984674
0.0622605363984674
0.0593869731800766
0.0593869731800766
0.0593869731800766
0.0593869731800766
0.0593869731800766
0.0581896551724138
0.0581896551724138
0.0581896551724138
0.0581896551724138
0.0581896551724138
0.0629789272030651
0.0622605363984674
0.0622605363984674
0.0622605363984674
0.0622605363984674
0.0622605363984674
0.0610290093048714
0.0610290093048714
0.0610290093048714
0.0610290093048714
0.0610290093048714
0.0610290093048714
0.0610290093048714
0.0610290093048714
0.0610290093048714
0.0610290093048714
0.0610290093048714
0.0610290093048714
0.0610290093048714
0.0610290093048714
0.0610290093048714
0.0610290093048714
0.0610290093048714
0.0610290093048714
0.0607711254262978
0.0601146937353834
0.0731713436454816
0.0601146937353834
0.0603145441330857
0.0597663830422451
0.0597663830422451
0.0597663830422451
0.0597663830422451
0.0597663830422451
0.0597663830422451
0.0597663830422451
0.0597663830422451
0.0597663830422451
0.0597663830422451
0.0597663830422451
0.0597663830422451
0.0597663830422451
0.0597663830422451
0.0597663830422451
0.0597663830422451
0.0597663830422451
0.0597663830422451
0.0597663830422451
0.0597663830422451
0.0597663830422451
0.0597663830422451
0.0597663830422451
0.0597663830422451
0.0597663830422451
0.0597663830422451
0.0597663830422451
0.0597663830422451
0.0597663830422451
0.0597663830422451
0.0597663830422451
0.0597663830422451
0.0597663830422451
0.0597663830422451
