0.0131704980842912
0.0131704980842912
0.0131704980842912
0.0131704980842912
0.0131704980842912
0.0131704980842912
0.0131704980842912
0.0131704980842912
0
0.0131704980842912
0.0113934260939706
0.0113934260939706
0.0113934260939706
0.0131704980842912
0.0131704980842912
0.0131704980842912
0
0.0131704980842912
0.0131704980842912
0.0131704980842912
0.0131704980842912
0.0131704980842912
0.0131704980842912
0.0131704980842912
0.0131704980842912
0.0131704980842912
0.0131704980842912
0.0131704980842912
0.0129058277878605
0.0131704980842912
0.0131704980842912
0.0131704980842912
0.0131704980842912
0.0131704980842912
0.0131704980842912
0.0131704980842912
0.0131704980842912
0.0131704980842912
0.0131704980842912
0.0131704980842912
0.0131704980842912
0.0131704980842912
0.0131704980842912
0.0131704980842912
0.0131704980842912
0.0131704980842912
0.0131704980842912
0.0131704980842912
0.0131704980842912
0.0131704980842912
0.0131704980842912
0.0131704980842912
0.0131704980842912
0.0131704980842912
0.0131704980842912
0.0131704980842912
0.0131704980842912
0.0119584438549956
0.0132140369209335
0.0169692615813305
0.0132140369209335
0.0104696627096288
0.0119921669377205
0.0119921669377205
0.0119921669377205
0.0119921669377205
0.0131642782504851
0.0131642782504851
0.0131642782504851
0.0131642782504851
0.0131642782504851
0.0131642782504851
0.0131642782504851
0.0131642782504851
0.0131642782504851
0.0131642782504851
0.0131642782504851
0.0131642782504851
0.0131642782504851
0.0131642782504851
0.0131642782504851
0.0131642782504851
0.0131642782504851
0.0131642782504851
0.0131642782504851
0.0131642782504851
0.0131642782504851
0.0131642782504851
0.0131642782504851
0.0131642782504851
0.0131642782504851
0.0131642782504851
0.0131642782504851
0.0131642782504851
0.0131642782504851
0.0131642782504851
