0.126676245210728
0.126676245210728
0.126676245210728
0.126676245210728
0.126676245210728
0.126676245210728
0.126676245210728
0.126676245210728
0.126676245210728
0.126676245210728
0.126676245210728
0.126676245210728
0.126676245210728
0.126676245210728
0.126676245210728
0.126676245210728
0.126676245210728
0.126676245210728
0.126676245210728
0.126676245210728
0.126676245210728
0.126676245210728
0.126676245210728
0.125239463601533
0.125239463601533
0.125239463601533
0.125239463601533
0.125239463601533
0.125239463601533
0.125239463601533
0.125239463601533
0.125239463601533
0.125239463601533
0.128831417624521
0.128831417624521
0.128831417624521
0.128831417624521
0.128831417624521
0.128831417624521
0.128831417624521
0.128831417624521
0.128831417624521
0.128831417624521
0.128831417624521
0.128831417624521
0.128831417624521
0.128831417624521
0.128831417624521
0.128831417624521
0.128831417624521
0.128831417624521
0.128831417624521
0.128831417624521
0.128831417624521
0.128831417624521
0.128831417624521
0.128831417624521
0.135278514588859
0.133378284240353
0.155522371901682
0.136983921897715
0.139558153202868
0.139372169975618
0.139372169975618
0.139372169975618
0.139372169975618
0.138414315569488
0.138414315569488
0.138414315569488
0.138414315569488
0.138414315569488
0.138414315569488
0.138414315569488
0.138414315569488
0.138414315569488
0.138414315569488
0.138414315569488
0.138414315569488
0.138414315569488
0.138414315569488
0.138414315569488
0.138414315569488
0.138414315569488
0.138414315569488
0.138414315569488
0.138414315569488
0.138414315569488
0.138414315569488
0.138414315569488
0.138414315569488
0.138414315569488
0.138414315569488
0.138414315569488
0.138414315569488
0.138414315569488
0.138414315569488
