0.0243087759557617
0.0243087759557617
0.0243087759557617
0.0243087759557617
0.0243087759557617
0.0243087759557617
0.0243087759557617
0.0243087759557617
0.0243087759557617
0.0243087759557617
0.0243087759557617
0.0243087759557617
0.0243087759557617
0.0243087759557617
0.0243087759557617
0.0243087759557617
0.0243087759557617
0.0243087759557617
0.0243087759557617
0.0243087759557617
0.0243087759557617
0.0243087759557617
0.0243087759557617
0.0243087759557617
0.0243087759557617
0.0243087759557617
0.0243087759557617
0.0243087759557617
0.0243087759557617
0.0243087759557617
0.0243087759557617
0.0243087759557617
0.0243533967586174
0.0243533967586174
0.0243406479578015
0.0243406479578015
0.0243406479578015
0.0243151503561696
0.0243151503561696
0.0243406479578015
0.0243406479578015
0.0243406479578015
0.0243406479578015
0.0243406479578015
0.0243406479578015
0.0243406479578015
0.0243406479578015
0.0243406479578015
0.0243406479578015
0.0243406479578015
0.0243406479578015
0.0243406479578015
0.0243406479578015
0.0243406479578015
0.0243406479578015
0.0243406479578015
0.0243406479578015
0.0243406479578015
0.0243533967586174
0.0243439205471698
0.0243439205471698
0.0243533967586174
0.0243406479578015
0.0243406479578015
0.0243406479578015
0.0243406479578015
0.0243406479578015
0.0243406479578015
0.0243406479578015
0.0243406479578015
0.0243406479578015
0.0243406479578015
0.0243406479578015
0.0243406479578015
0.0243406479578015
0.0243406479578015
0.0243406479578015
0.0243406479578015
0.0243406479578015
0.0243406479578015
0.0243406479578015
0.0243406479578015
0.0243406479578015
0.0243406479578015
0.0243406479578015
0.0243406479578015
0.0243406479578015
0.0243406479578015
0.0243406479578015
0.0243406479578015
0.0243406479578015
0.0243406479578015
0.0243406479578015
0.0243406479578015
0.0243406479578015
0.0243406479578015