0.393568229988367
0.393568229988367
0.393568229988367
0.393568229988367
0.393568229988367
0.393568229988367
0.393568229988367
0.393568229988367
0.393568229988367
0.393568229988367
0.393568229988367
0.393568229988367
0.393568229988367
0.393568229988367
0.393568229988367
0.393568229988367
0.393568229988367
0.393568229988367
0.393568229988367
0.393568229988367
0.393568229988367
0.393568229988367
0.393568229988367
0.393568229988367
0.393568229988367
0.393568229988367
0.393568229988367
0.393568229988367
0.393568229988367
0.393568229988367
0.393568229988367
0.393568229988367
0.393568229988367
0.393568229988367
0.393568229988367
0.393568229988367
0.393568229988367
0.393580978789183
0.393580978789183
0.393580978789183
0.393568229988367
0.393568229988367
0.393568229988367
0.393568229988367
0.393466239581839
0.393466239581839
0.393466239581839
0.393466239581839
0.393466239581839
0.393466239581839
0.393466239581839
0.393466239581839
0.393466239581839
0.393466239581839
0.393466239581839
0.393466239581839
0.393466239581839
0.393466239581839
0.393504485984287
0.393508409914258
0.393508409914258
0.393519196750088
0.393480950347641
0.393466239581839
0.393466239581839
0.393466239581839
0.393466239581839
0.393466239581839
0.393466239581839
0.393466239581839
0.393466239581839
0.393466239581839
0.393466239581839
0.393466239581839
0.393466239581839
0.393466239581839
0.393466239581839
0.393466239581839
0.393466239581839
0.393466239581839
0.393466239581839
0.393466239581839
0.393466239581839
0.393466239581839
0.393466239581839
0.393466239581839
0.393466239581839
0.393466239581839
0.393466239581839
0.393466239581839
0.393466239581839
0.393466239581839
0.393466239581839
0.393466239581839
0.393466239581839
0.393466239581839