0.381501490016095
0.381501490016095
0.381501490016095
0.381501490016095
0.381501490016095
0.381501490016095
0.381501490016095
0.381501490016095
0.381501490016095
0.381501490016095
0.381501490016095
0.381501490016095
0.381501490016095
0.381501490016095
0.381501490016095
0.381501490016095
0.381501490016095
0.381501490016095
0.381501490016095
0.381501490016095
0.381501490016095
0.381501490016095
0.381501490016095
0.381501490016095
0.381501490016095
0.381501490016095
0.381501490016095
0.381501490016095
0.381501490016095
0.381501490016095
0.381501490016095
0.381501490016095
0.381501490016095
0.381501490016095
0.381501490016095
0.381501490016095
0.381501490016095
0.381501490016095
0.381501490016095
0.381501490016095
0.381501490016095
0.381501490016095
0.381501490016095
0.381501490016095
0.381399499609568
0.381399499609568
0.381399499609568
0.381399499609568
0.381399499609568
0.381399499609568
0.381399499609568
0.381399499609568
0.381399499609568
0.381399499609568
0.381399499609568
0.381399499609568
0.381399499609568
0.381399499609568
0.3814249972112
0.381403423539539
0.381403423539539
0.381439707977001
0.381414210375369
0.381399499609568
0.381399499609568
0.381399499609568
0.381399499609568
0.381399499609568
0.381399499609568
0.381399499609568
0.381399499609568
0.381399499609568
0.381399499609568
0.381399499609568
0.381399499609568
0.381399499609568
0.381399499609568
0.381399499609568
0.381399499609568
0.381399499609568
0.381399499609568
0.381399499609568
0.381399499609568
0.381399499609568
0.381399499609568
0.381399499609568
0.381399499609568
0.381399499609568
0.381399499609568
0.381399499609568
0.381399499609568
0.381399499609568
0.381399499609568
0.381399499609568
0.381399499609568
0.381399499609568