0.208213601532567
0.208213601532567
0.208213601532567
0.208213601532567
0.208213601532567
0.208213601532567
0.208213601532567
0.208213601532567
0.208213601532567
0.204621647509579
0.204621647509579
0.204621647509579
0.208213601532567
0.208213601532567
0.208213601532567
0.208213601532567
0.208213601532567
0.208213601532567
0.208213601532567
0.208213601532567
0.208213601532567
0.208213601532567
0.208213601532567
0.208213601532567
0.208213601532567
0.208213601532567
0.208213601532567
0.208213601532567
0.208213601532567
0.208213601532567
0.208213601532567
0.208213601532567
0.208213601532567
0.208213601532567
0.208213601532567
0.204621647509579
0.208213601532567
0.208213601532567
0.208213601532567
0.208213601532567
0.208213601532567
0.208213601532567
0.208213601532567
0.208213601532567
0.208213601532567
0.208213601532567
0.208213601532567
0.208213601532567
0.208213601532567
0.208213601532567
0.208213601532567
0.208213601532567
0.208213601532567
0.208213601532567
0.204621647509579
0.204621647509579
0.204621647509579
0.21683429118774
0.208213601532567
0.208213601532567
0.208213601532567
0.208213601532567
0.208213601532567
0.208213601532567
0.204621647509579
0.208213601532567
0.208213601532567
0.207358374384236
0.207358374384236
0.207358374384236
0.207358374384236
0.207358374384236
0.207358374384236
0.207358374384236
0.207358374384236
0.207358374384236
0.207358374384236
0.207358374384236
0.207358374384236
0.207358374384236
0.207358374384236
0.215979064039409
0.207358374384236
0.207358374384236
0.207358374384236
0.204621647509579
0.207358374384236
0.207358374384236
0.207358374384236
0.207358374384236
0.207358374384236
0.207358374384236
0.207358374384236
0.207358374384236
0.207358374384236
0.207358374384236
