0.0434626436781609
0.0434626436781609
0.0434626436781609
0.0434626436781609
0.0434626436781609
0.0434626436781609
0.0434626436781609
0.0434626436781609
0.0434626436781609
0.0434626436781609
0.0433492135511192
0.0433492135511192
0.0433492135511192
0.0433492135511192
0.0433492135511192
0.0433492135511192
0.0433492135511192
0.0433492135511192
0.0433492135511192
0.0433492135511192
0.0433492135511192
0.0433492135511192
0.0433492135511192
0.0433492135511192
0.0433492135511192
0.0433492135511192
0.0433492135511192
0.0433492135511192
0.0433492135511192
0.0433492135511192
0.0433492135511192
0.0433492135511192
0.0433492135511192
0.0433492135511192
0.0433492135511192
0.0433492135511192
0.0433492135511192
0.0433492135511192
0.0433492135511192
0.0433492135511192
0.0433492135511192
0.0433492135511192
0.0433492135511192
0.0433492135511192
0.0433492135511192
0.0433492135511192
0.0433492135511192
0.0433492135511192
0.0433492135511192
0.0433492135511192
0.0433492135511192
0.0433492135511192
0.0433492135511192
0.0433492135511192
0.0433492135511192
0.0433492135511192
0.0433492135511192
0.0433492135511192
0.0433492135511192
0.0433492135511192
0.0433492135511192
0.0433492135511192
0.0433492135511192
0.0433492135511192
0.0433492135511192
0.0433492135511192
0.0433492135511192
0.0433492135511192
0.0433492135511192
0.0433492135511192
0.0433492135511192
0.0433492135511192
0.0433492135511192
0.0433492135511192
0.0433492135511192
0.0433492135511192
0.0433492135511192
0.0433492135511192
0.0433492135511192
0.0433492135511192
0.0433492135511192
0.0433492135511192
0.0433492135511192
0.0433492135511192
0.0433492135511192
0.0433492135511192
0.0433492135511192
0.0433492135511192
0.0433492135511192
0.0433492135511192
0.0433492135511192
0.0433492135511192
0.0433492135511192
0.0433492135511192
0.0433492135511192
0.0433492135511192
