0.678041187739464
0.678041187739464
0.678041187739464
0.678041187739464
0.678041187739464
0.678041187739464
0.678041187739464
0.678041187739464
0.678041187739464
0.681633141762452
0.682313722524703
0.682313722524703
0.678721768501714
0.678721768501714
0.678721768501714
0.678721768501714
0.678721768501714
0.678721768501714
0.678721768501714
0.678721768501714
0.678721768501714
0.678721768501714
0.678721768501714
0.678721768501714
0.678721768501714
0.678721768501714
0.678721768501714
0.678721768501714
0.678721768501714
0.678721768501714
0.678721768501714
0.678721768501714
0.678721768501714
0.678721768501714
0.678721768501714
0.682313722524703
0.678721768501714
0.678721768501714
0.678721768501714
0.678721768501714
0.678721768501714
0.678721768501714
0.678721768501714
0.678721768501714
0.678721768501714
0.678721768501714
0.678721768501714
0.678721768501714
0.678721768501714
0.678721768501714
0.678721768501714
0.678721768501714
0.678721768501714
0.678721768501714
0.682313722524703
0.682313722524703
0.682313722524703
0.678721768501714
0.678721768501714
0.678721768501714
0.678721768501714
0.678721768501714
0.678721768501714
0.678721768501714
0.682313722524703
0.678721768501714
0.678721768501714
0.679576995650045
0.679576995650045
0.679576995650045
0.679576995650045
0.679576995650045
0.679576995650045
0.679576995650045
0.679576995650045
0.679576995650045
0.679576995650045
0.679576995650045
0.679576995650045
0.679576995650045
0.679576995650045
0.679576995650045
0.679576995650045
0.679576995650045
0.679576995650045
0.682313722524703
0.679576995650045
0.679576995650045
0.679576995650045
0.679576995650045
0.679576995650045
0.679576995650045
0.679576995650045
0.679576995650045
0.679576995650045
0.679576995650045
