0.280884478440182
0.27914131495312
0.341192477863915
0.293985778005418
0.293955483289892
0.293955483289892
0.293955483289892
0.293959027177395
0.293959027177395
0.293959027177395
0.293959027177395
0.293901635074548
0.293901635074548
0.293901635074548
0.293901635074548
0.293972461475545
0.29403967338408
0.294241291102512
0.294857535108993
0.294857535108993
0.272821927042229
0.284297793782007
0.286300326641758
0.283761926396296
0.281397880419353
0.281517733712354
0.281663226172015
0.281657085617569
0.281670935935922
0.281670935935922
0.281670935935922
0.287825932843986
0.288073322701719
0.287541204476586
0.287825932843986
0.286304358494103
0.287888214828979
0.287346000405882
0.290097039593635
0.290096731465722
0.290096731465722
0.282759525653248
0.281829592410433
0.281829592410433
0.281829592410433
0.281648958712568
0.277713163768118
0.277627115121951
0.277627115121951
0.277627115121951
0.278808618445637
0.283938724071622
0.283568966627066
0.283518636808511
0.283526393201937
0.283526393201937
0.283771868224867
0.283769757324711
0.28418213464918
0.284179819621674
0.284181998360288
0.284025822494555
0.283544621951747
0.283544621951747
0.283527510739202
0.283527510739202
0.283527510739202
0.283527510739202
0.283527510739202
0.283872736008998
0.283872736008998
0.283872736008998
0.283872736008998
0.283872736008998
0.283872736008998
0.283872736008998
0.283872736008998
0.283872736008998
0.283872736008998
0.283872736008998
0.283872736008998
0.283872736008998
0.283872736008998
0.283872736008998
0.283872736008998
0.283887007947067
0.277366987445577
0.277366987445577
0.277366987445577
0.29230784398599
0.27816736195724
0.274185974765567
0.274366788213908
0.274278351614154
0.274436363067392
0.274567582651734