0.08343445439182
0.0829457276898807
0.0833129478357338
0.0833693970750242
0.083360740324604
0.083360740324604
0.083360740324604
0.083360740324604
0.083360740324604
0.083360740324604
0.083360740324604
0.083360740324604
0.083360740324604
0.083360740324604
0.083360740324604
0.0832749151507001
0.0833032662507227
0.0833179870141961
0.0833174418007341
0.0832613301148843
0.0749139179029272
0.0722630054085957
0.072716427247637
0.0722882027428589
0.0722918958106001
0.0722710609460044
0.0723339179200594
0.0723496248780035
0.0723354814066299
0.0722369644812265
0.0722369644812265
0.0725196170996418
0.0682802426115848
0.0689551379525861
0.0682802426115848
0.0682587179248175
0.0679163257696786
0.0680129139071499
0.0680000179072227
0.0680029852737914
0.0680029852737914
0.0679999367801599
0.0679999367801599
0.0679999367801599
0.0679999367801599
0.0679976596583506
0.0679976596583506
0.0679976596583506
0.0679976596583506
0.0679976596583506
0.0680035494260914
0.0681673752013537
0.0680826698106687
0.0680762665500267
0.0680774056869055
0.0680774056869055
0.0680496651245042
0.0680496651245042
0.0680697740107238
0.0680711164171295
0.0680737323081366
0.0680737323081366
0.0680584310204777
0.0680597346676902
0.0680503937332034
0.0680503937332034
0.0680489317831224
0.0680489317831224
0.0680489317831224
0.0680356123605666
0.0680356123605666
0.0680356123605666
0.0680356123605666
0.0680356123605666
0.0680351692922171
0.0680351692922171
0.0680351692922171
0.0680351692922171
0.0680351692922171
0.0680351692922171
0.0680351692922171
0.0680351692922171
0.0680351692922171
0.0680351692922171
0.0680351692922171
0.0680346237024023
0.0680562270852252
0.0680562270852252
0.0680562270852252
0.0751034690339636
0.0682175587920496
0.0682175587920496
0.0682361044000653
0.0679888991827522
0.0679864581083767
0.0680415676228933