0.0332923886217397
0.0381943748234154
0.0382545817771717
0.038284474893676
0.0382882564068901
0.0382967170901858
0.0382967170901858
0.0382967170901858
0.0382967170901858
0.0382967170901858
0.0382967170901858
0.0382967170901858
0.0382967170901858
0.0382967170901858
0.0382967170901858
0.0382967170901858
0.0382967170901858
0.0382956387599156
0.0382882564068901
0.0382882564068901
0.040187701817221
0.0382618338229456
0.0282134247223991
0.0382773721736694
0.0382781760927803
0.0382792544230506
0.0382871674078546
0.038278309027467
0.038278309027467
0.038278309027467
0.038278309027467
0.038278309027467
0.0382699943019831
0.0382351537049948
0.038278309027467
0.0382866221821708
0.0382866221821708
0.0382705279805912
0.038269989791873
0.0382697203920312
0.0382697203920312
0.0382697203920312
0.0382697203920312
0.0382697203920312
0.0382697203920312
0.0382675170430667
0.0382675170430667
0.0382675170430667
0.0382675170430667
0.0382675170430667
0.0382593405007722
0.0382667161193551
0.0382667161193551
0.0382677934728762
0.0382665778727351
0.0382665778727351
0.0382758319520231
0.0382758319520231
0.0382483398691592
0.0382499486052396
0.0382496787171892
0.0382496787171892
0.0382579934426732
0.0382611014029432
0.0382692779452376
0.0382692779452376
0.0382695469177519
0.0382695469177519
0.0382695469177519
0.0382695469177519
0.0382695469177519
0.0382695469177519
0.0382695469177519
0.0382695469177519
0.038269273257889
0.038269273257889
0.038269273257889
0.038269273257889
0.038269273257889
0.038269273257889
0.038269273257889
0.038269273257889
0.038269273257889
0.038269273257889
0.038269273257889
0.0382736677674599
0.0382760950884084
0.0382760950884084
0.0382758187854161
0.0382760950884084
0.0382733943573436
0.038266562001137
0.0382453766832695
0.0382566341170509
0.0382583854588425
0.0382807699759265