0.00182451213243282
0.00182451420754215
0.00182451580406409
0.00182451580406409
0.00182452444771526
0.00182451580406409
0.00182451580406409
0.00182451580406409
0.00182451580406409
0.00182451580406409
0.00182451580406409
0.00163091377736501
0.00163091377736501
0.00182423634661224
0.00182423426898343
0.00182423267027016
0.00182423267027016
0.00182423267027016
0.00182423267027016
0.00182423267027016
0.00182423267027016
0.00182423267027016
0.00182402366889676
0.00182401952504508
0.00182388122979495
0.00182388122979495
0.00182388122979495
0.00182388122979495
0.00182388122979495
0.00182387292842617
0.00182373355010866
0.00182373355010866
0.00182070705227001
0.00182233870490338
0.00181725848524864
0.00182456375900458
0.00182456369888899
0.00182453316127069
0.00182397824424683
0.00182316042953598
0.00182316042953598
0.00182316042953598
0.0018231350029387
0.0018231350029387
0.0018231350029387
0.00182300488382881
0.00182300488382881
0.00182300488382881
0.00182300285512373
0.00182300486927411
0.00182300641922777
0.00182300802675193
0.00182300802675193
0.00182300802675193
0.00182300802675193
0.00182300802675193
0.00182300802675193
0.00182300802675193
0.00182300641922777
0.00183417378075249
0.00183417378075249
0.00183417378075249
0.00183789623459406
0.00182300641922777
0.00182300641922777
0.00183231053968132
0.00182300285512373
0.00182300285512373
0.00189001727222786
0.00189001727222786
0.00188256470780044
0.00188255538105277
0.00188254918646918
0.00188254918646918
0.00188242046860832
0.00188242046860832
0.00168512913931827
0.00168761077521265
0.00188117965066113
0.00189172660321225
0.00189172660321225
0.00189172660321225
0.00188242046860832
0.00188242046860832
0.00188243987321124
0.00188243987321124
0.00188243987321124
0.00188245541806999
0.00188245541806999
0.00188245541806999
0.00188249046302278
0.00188249046302278
0.00188249046302278
0.00188249046302278
0.00188249046302278
0.00186666995451347
