0.0280715700161397
0.02929557460679
0.0294877660192373
0.0293988015371631
0.0293800388426259
0.0281693470260006
0.0282602004388659
0.02825368478982
0.02825368478982
0.02825368478982
0.02825368478982
0.02825368478982
0.02825368478982
0.0282514397437622
0.0282540715959237
0.0282558061998257
0.0282558061998257
0.0282558061998257
0.0282558061998257
0.0283032851888408
0.0283032851888408
0.0283032851888408
0.0283445439899583
0.0284897123583497
0.0283035542687834
0.0283035542687834
0.0283035542687834
0.0283035542687834
0.0283035542687834
0.0281117978801222
0.0281096174277944
0.0281096174277944
0.0270942062134539
0.0274322867549567
0.0277376743821636
0.0280722834806776
0.0280815847338954
0.0280898533472266
0.0280752619026692
0.0280623310428071
0.0280623310428071
0.0280623310428071
0.0283943388514488
0.0284386138687819
0.028447899662108
0.0280601506505929
0.0280601506505929
0.0280638731044344
0.02805999212276
0.0280601494803954
0.0280602740966693
0.0280677816977945
0.0280677816977945
0.0281233142176381
0.0280661349343229
0.0280677816977945
0.0280975359019298
0.0280696429247153
0.0280602740966693
0.0281048588093389
0.0281067200362597
0.0281066888296231
0.0280899443494026
0.0280601901452673
0.0280602213938306
0.0280609948887445
0.0280599394199213
0.0283330064938389
0.0280488904572629
0.0280488904572629
0.0280563430216903
0.0280667401545775
0.0281654049288685
0.0281728498365517
0.0280775526592652
0.0280719689785028
0.0280581863651591
0.0280490152841454
0.0280490152841454
0.0282478717018019
0.0282570427828155
0.0280591172177083
0.0280490152841454
0.0282331582359089
0.0280679355114027
0.0282575348348755
0.0282575348348755
0.0280745318320593
0.0280745318320593
0.0280745318320593
0.0280356723113074
0.0280654265154427
0.0280654265154427
0.0280356723113074
0.0280356723113074
0.0280356723113074
