0.000685050125047549
0.000685050125047549
0.000685050125047549
0.000685050125047549
0.000685050125047549
0.000685050125047549
0.000685050125047549
0.000685050125047549
0.000685050125047549
0.000685050125047549
0.000685050125047549
0.000685050125047549
0.000685050125047549
0.000685050125047549
0.000685050125047549
0.000685050125047549
0.000685050125047549
0.000685050125047549
0.000685050125047549
0.000685050125047549
0.000685050125047549
0.000685050125047549
0.000684957897285531
0.000684956622254244
0.000684954709543526
0.000684954709543526
0.000684954709543526
0.000684954709543526
0.000684954709543526
0.000684954709543526
0.000684954709543526
0.000684954709543526
0.000684952159480953
0.000684952159480953
0.000684952159480953
0.000684952159480953
0.000684952159480953
0.000684952159480953
0.00068495343451224
0.000684952159480953
0.000684952159480953
0.000684952159480953
0.000684952159480953
0.000684952159480953
0.000684952159480953
0.000684952159480953
0.000684952159480953
0.000684952159480953
0.000684952159480953
0.000684952159480953
0.000684952159480953
0.000684952159480953
0.000684952159480953
0.000684952159480953
0.000684952159480953
0.000684952159480953
0.000684952159480953
0.000684952159480953
0.000684952159480953
0.000684952159480953
0.000684952159480953
0.000684952159480953
0.000684952159480953
0.000684952159480953
0.000684952159480953
0.000684952159480953
0.000684952159480953
0.000684952159480953
0.000684952159480953
0.000684952159480953
0.000684952159480953
0.000684952159480953
0.000684952159480953
0.000684952159480953
0.000684952159480953
0.000684952159480953
0.000684952159480953
0.000684952159480953
0.000684952159480953
0.000684952159480953
0.000684952159480953
0.000684952159480953
0.000684952159480953
0.000684952159480953
0.000684952159480953
0.000684952159480953
0.000684952159480953
0.000684952159480953
0.000684952159480953
0.000684952159480953
0.000684952159480953
0.000684952159480953
0.000684952159480953
0.000684952159480953
0.000684952159480953
0.000684952159480953
