0.000526831702666155
0.000526832819616188
0.000526833138920577
0.000526833138920577
0.000526833803816821
0.000526833138920577
0.000526833138920577
0.000526833138920577
0.000526833138920577
0.000526833138920577
0.000526833138920577
0.000526833138920577
0.000526833138920577
0.000526797137994682
0.000526796020059465
0.00052679570031681
0.00052679570031681
0.00052679570031681
0.00052679570031681
0.00052679570031681
0.00052679570031681
0.00052679570031681
0.000526718523771873
0.000526718205014051
0.000526704029397738
0.000526704029397738
0.000526704029397738
0.000526704029397738
0.000526704029397738
0.000526699561651742
0.000526690282379682
0.000526690282379682
0.000526687731006247
0.000529103307924978
0.000527884844416336
0.000526688528378644
0.000526688528378644
0.000526688528378644
0.000526744485132559
0.000526691719234646
0.000526691719234646
0.000526691719234646
0.000526666292637367
0.000526666292637367
0.000526666292637367
0.000526666292637367
0.000526666292637367
0.000526666292637367
0.000526665494718334
0.000526666292637367
0.000526666292637367
0.000526674330258145
0.000526674330258145
0.000526674330258145
0.000526468484824188
0.000526674330258145
0.000526674330258145
0.000526674330258145
0.000526666292637367
0.000526666292637367
0.000526666292637367
0.000526666292637367
0.000526659704782526
0.000526659704782526
0.000526659704782526
0.000526658906863493
0.000526658906863493
0.000526658906863493
0.000526658906863493
0.000526658906863493
0.000526658906863493
0.000526655716554127
0.000526655716554127
0.000526655716554127
0.000526655716554127
0.000526655716554127
0.000526655716554127
0.000526655716554127
0.000526655716554127
0.000526655716554127
0.000526655716554127
0.000526655716554127
0.000526655716554127
0.000526655716554127
0.000526659704782526
0.000526659704782526
0.000526659704782526
0.000526662897826481
0.000526662897826481
0.000526662897826481
0.000526670090186749
0.000526670090186749
0.000526670090186749
0.000526670090186749
0.000526670090186749
0.000526670090186749
