0.000650525626304232
0.000657975001570287
0.000657977556005395
0.000657977556005395
0.000657977556005395
0.000657977556005395
0.000650531373290963
0.000650531373290963
0.000650531373290963
0.000650531373290963
0.000650531373290963
0.000650531373290963
0.000650531373290963
0.000650554379857726
0.000652412729041046
0.0006505486254212
0.0006505486254212
0.0006505486254212
0.0006505486254212
0.0006505486254212
0.0006505486254212
0.0006505486254212
0.000650434431065474
0.000650431881002901
0.000650431881002901
0.000657876788686046
0.000657876788686046
0.000657876788686046
0.000657876788686046
0.000657864016945508
0.000657853797452463
0.000657853797452463
0.000628899581459131
0.000613163940366115
0.00062963052835229
0.00064429692943505
0.000644296833250103
0.000644306734552988
0.000644329020219842
0.000659137692178141
0.000659137692178141
0.000659137692178141
0.000659097009622495
0.000651652101939351
0.000651652101939351
0.000651652101939351
0.000651652101939351
0.000651652101939351
0.000651648983678275
0.000651652078651838
0.000651654558577688
0.00065166098867431
0.00065166098867431
0.000659105896357455
0.000658076669187669
0.000659105896357455
0.000659105896357455
0.000659105896357455
0.000659099466260833
0.000659099466260833
0.000659099466260833
0.000659099466260833
0.000659066526986625
0.000659066526986625
0.000659066526986625
0.000659063432013061
0.000659060952087211
0.000659060952087211
0.000659060952087211
0.000659060952087211
0.000659060952087211
0.00065904858153843
0.000659038670204676
0.000659038670204676
0.000659038670204676
0.000659038670204676
0.000659038670204676
0.000659038670204676
0.000659038670204676
0.000659038670204676
0.000659038670204676
0.000659038670204676
0.000659038670204676
0.000659038670204676
0.000659066526986625
0.00065162161930348
0.00065162161930348
0.00065164393664232
0.00065164393664232
0.00065164393664232
0.000651694254678567
0.000651694254678567
0.000651694254678567
0.000651694254678567
0.000651694254678567
0.000660591696787305
