0.00240590488377519
0.00240590488377519
0.00240590488377519
0.00240590488377519
0.00240591219763388
0.00240590488377519
0.00240590488377519
0.00240590488377519
0.00240590488377519
0.00240590488377519
0.00240590488377519
0.00240590488377519
0.00240590488377519
0.00240544563925905
0.00240544563925905
0.00240544563925905
0.00240544563925905
0.00240544563925905
0.00240544563925905
0.00240544563925905
0.00240544563925905
0.00240544563925905
0.00240512252055342
0.00240511773918609
0.00240496180740664
0.00240496180740664
0.00240496180740664
0.00240496180740664
0.00240496180740664
0.00240496180740664
0.00240487378721692
0.00240487378721692
0.00238997919048331
0.00238997919048331
0.00239688955029367
0.0024039155561952
0.00240391537584842
0.00240393394079133
0.00240397094013268
0.00240381401487537
0.00240381401487537
0.00240381401487537
0.00240373773508354
0.00240373773508354
0.00240373773508354
0.00240373773508354
0.00240373773508354
0.00240373773508354
0.00240373308522257
0.00240373769141945
0.00240374234128042
0.00240376002404613
0.00240376002404613
0.00240376002404613
0.00240376002404613
0.00240376002404613
0.00240376002404613
0.00240376002404613
0.00240374234128042
0.00240374234128042
0.00240374234128042
0.00240374234128042
0.00240374234128042
0.00240374234128042
0.00240374234128042
0.00240373773508354
0.00240373308522257
0.00240373308522257
0.00240373308522257
0.00240373308522257
0.00240373308522257
0.00240371467590765
0.00240369609215686
0.00240369609215686
0.00240369609215686
0.00240369609215686
0.00240369609215686
0.00240369609215686
0.00240369609215686
0.00240369609215686
0.00240369609215686
0.00240369609215686
0.00240369609215686
0.00240369609215686
0.00240374234128042
0.00240374234128042
0.00240374234128042
0.00240377939672481
0.00240377939672481
0.00240377939672481
0.00240386295450237
0.00240386295450237
0.00240386295450237
0.00240386295450237
0.00240386295450237
0.00240386295450237
