0.000685059694282201
0.000685060332398717
0.000685060332398717
0.000685060332398717
0.000685060332398717
0.000685060332398717
0.000685060332398717
0.000685060332398717
0.000685060332398717
0.000685060332398717
0.000685060332398717
0.000685060332398717
0.000685060332398717
0.000685062247404425
0.000685062247404425
0.000685062247404425
0.000685062247404425
0.000685062247404425
0.000685062247404425
0.000685062247404425
0.000685062247404425
0.000685062247404425
0.000684969378247361
0.000684968103216075
0.000684963000469205
0.000684963000469205
0.000684963000469205
0.000684963000469205
0.000684963000469205
0.000684960448221712
0.000684957897722335
0.000684957897722335
0.000684955347222957
0.00068495343451224
0.00068495343451224
0.00068495343451224
0.00068495343451224
0.00068495343451224
0.00068495343451224
0.00068495343451224
0.00068495343451224
0.00068495343451224
0.00068495343451224
0.00068495343451224
0.00068495343451224
0.00068495343451224
0.00068495343451224
0.00068495343451224
0.00068495343451224
0.00068495343451224
0.00068495343451224
0.00068495343451224
0.00068495343451224
0.00068495343451224
0.00068495343451224
0.00068495343451224
0.00068495343451224
0.00068495343451224
0.00068495343451224
0.00068495343451224
0.00068495343451224
0.00068495343451224
0.00068495343451224
0.00068495343451224
0.00068495343451224
0.00068495343451224
0.00068495343451224
0.00068495343451224
0.00068495343451224
0.00068495343451224
0.00068495343451224
0.00068495343451224
0.00068495343451224
0.00068495343451224
0.00068495343451224
0.00068495343451224
0.00068495343451224
0.00068495343451224
0.00068495343451224
0.00068495343451224
0.00068495343451224
0.00068495343451224
0.00068495343451224
0.00068495343451224
0.00068495343451224
0.00068495343451224
0.00068495343451224
0.00068495343451224
0.00068495343451224
0.00068495343451224
0.00068495343451224
0.00068495343451224
0.00068495343451224
0.00068495343451224
0.00068495343451224
0.00068495343451224
