0.0324928413023045
0.033898637912723
0.0336437082016715
0.0335878622292486
0.0335049775494011
0.0325246511672456
0.0322279336553148
0.0322279336553148
0.0322279336553148
0.0322279336553148
0.0322279336553148
0.0323098416651736
0.0323098416651736
0.0322245460624488
0.0322244700433196
0.0322244486205618
0.0322244486205618
0.0322244486205618
0.0322244486205618
0.0321248547309025
0.0321248547309025
0.0321248547309025
0.0321514805210107
0.032151358436765
0.032164385770194
0.0322611702075541
0.0322611702075541
0.0322611702075541
0.0322611702075541
0.0323449355762149
0.0323281231993294
0.0323281231993294
0.0323650597504071
0.0324525795850382
0.0324203790525951
0.0324186353740473
0.0324186702619225
0.03241813805348
0.0325427353555734
0.0323686578390937
0.0323686578390937
0.0324952212697072
0.0326083099000883
0.0326446050204878
0.0326446050204878
0.0324854754586003
0.0324854754586003
0.0324854754586003
0.0324853992338485
0.0324929201712505
0.0324929409406295
0.0325022470752335
0.0325022470752335
0.032395520926805
0.0324634878139353
0.0324417893190192
0.032476223212498
0.0324417893190192
0.0324324831844153
0.0324298863448894
0.0324875843794337
0.0324893790669824
0.03252579050595
0.0324324178308107
0.0324306219574945
0.0325142893511982
0.0324900869732027
0.0325737609858908
0.0324418068530824
0.0323896924993004
0.0324492517607655
0.0324599853817801
0.0323549841882421
0.0323419555997966
0.0324003168925982
0.0324059005733606
0.0326188344672284
0.0326019483713511
0.0325200543868365
0.0325099848269041
0.0325008137458905
0.0325257584608045
0.0325181931599157
0.0325386719159988
0.0324751219924376
0.0324864219229698
0.0324864219229698
0.0324067710000059
0.0324067710000059
0.0324142159076891
0.0324150882679886
0.0324523157580242
0.0324523157580242
0.032291318433932
0.032291318433932
0.0322993838214198
