7.07390548998729e-05
7.07390548998729e-05
7.07390548998729e-05
7.07390548998729e-05
7.07390548998729e-05
7.07390548998729e-05
7.07390548998729e-05
7.07390548998729e-05
7.07390548998729e-05
7.07390548998729e-05
7.07390548998729e-05
7.07390548998729e-05
7.07390548998729e-05
7.07390548998729e-05
7.07390548998729e-05
7.07390548998729e-05
7.07390548998729e-05
7.07390548998729e-05
7.07390548998729e-05
7.07390548998729e-05
7.07390548998729e-05
7.07390548998729e-05
7.07275793452337e-05
7.07275793452337e-05
7.07275793452337e-05
7.07275793452337e-05
7.07275793452337e-05
7.07275793452337e-05
7.07275793452337e-05
7.07275793452337e-05
7.07186663379168e-05
7.07186663379168e-05
7.06781914561977e-05
7.06781914561977e-05
7.06781914561977e-05
7.06781914561977e-05
7.06781914561977e-05
7.06781914561977e-05
7.06781914561977e-05
7.06781914561977e-05
7.06781914561977e-05
7.06781914561977e-05
7.06781914561977e-05
7.06781914561977e-05
7.06781914561977e-05
7.06381548069994e-05
7.06381548069994e-05
7.06381548069994e-05
7.06381548069994e-05
7.06381548069994e-05
7.06381548069994e-05
7.06381548069994e-05
7.06381548069994e-05
7.06381548069994e-05
7.06381548069994e-05
7.06381548069994e-05
7.06381548069994e-05
7.06381548069994e-05
7.06381548069994e-05
7.06381548069994e-05
7.06381548069994e-05
7.06381548069994e-05
7.06381548069994e-05
7.06381548069994e-05
7.06381548069994e-05
7.06381548069994e-05
7.06381548069994e-05
7.06381548069994e-05
7.06381548069994e-05
7.06381548069994e-05
7.06381548069994e-05
7.06381548069994e-05
7.06381548069994e-05
7.06381548069994e-05
7.05985493113512e-05
7.05985493113512e-05
7.05985493113512e-05
7.05985493113512e-05
7.05985493113512e-05
7.05985493113512e-05
7.05985493113512e-05
7.05985493113512e-05
7.05985493113512e-05
7.05985493113512e-05
7.05985493113512e-05
7.05985493113512e-05
7.05985493113512e-05
7.05985493113512e-05
7.05985493113512e-05
7.05985493113512e-05
7.05985493113512e-05
7.05985493113512e-05
7.05985493113512e-05
7.05985493113512e-05
7.05985493113512e-05
7.05985493113512e-05
