0.00715939418424404
0.00715941325708178
0.00715942507134415
0.00715942507134415
0.00696363900044602
0.00715197888862972
0.00715570197998693
0.00715942507134415
0.00715942507134415
0.00715942507134415
0.00715942507134415
0.00715942507134415
0.00715942507134415
0.00715783698368362
0.00715781788965307
0.00715780605917485
0.00715780605917485
0.00715780605917485
0.00715780605917485
0.00715780605917485
0.00715780605917485
0.00715780605917485
0.00715682625924872
0.00715681319017804
0.00715597154518648
0.00715597154518648
0.00715597154518648
0.00715597154518648
0.00715597154518648
0.00715589524821592
0.0071550155156254
0.0071550155156254
0.00715933248244296
0.00714897758971954
0.00716209251490219
0.00716105922384086
0.00716105877898548
0.00716110457251132
0.00720031063967945
0.00717569882974328
0.00717569882974328
0.00717569882974328
0.00717551067292341
0.00717551067292341
0.00717551067292341
0.00717469611592041
0.00717469611592041
0.00717469611592041
0.00717467738520015
0.00717469600821567
0.00717470747787272
0.00717470747787272
0.00717470747787272
0.00717470747787272
0.00717470747787272
0.00717470747787272
0.00717470747787272
0.00717470747787272
0.00717470747787272
0.00717465726037461
0.00717465726037461
0.00717464471653051
0.0071746949171757
0.0071746949171757
0.00717470747787272
0.00717468885485721
0.00717467738520015
0.00717467738520015
0.0071747276701949
0.0071747276701949
0.0071747276701949
0.00717465322873621
0.0071746073888176
0.0071746073888176
0.00717380103485525
0.00717380103485525
0.00717380103485525
0.00717380103485525
0.00717380103485525
0.00717380103485525
0.00717380103485525
0.00717380103485525
0.00717380103485525
0.00717380103485525
0.00717395140890512
0.00717395140890512
0.00717395140890512
0.00717407186903461
0.00717407186903461
0.00717407186903461
0.0071743434286977
0.0071743434286977
0.0071743434286977
0.0071743434286977
0.0071743434286977
0.0071743434286977
