0.000817723873727085
0.000817726906503449
0.000817729141634169
0.000817729141634169
0.000817729141634169
0.000817729141634169
0.000817729141634169
0.000817729141634169
0.000817729141634169
0.000817729141634169
0.000817729141634169
0.000817729141634169
0.000817729141634169
0.000817750229964996
0.00081774719357385
0.000817744955375267
0.000817744955375267
0.000817744955375267
0.000817744955375267
0.000817744955375267
0.000817744955375267
0.000817744955375267
0.000817623363969416
0.000817622407695951
0.000817571589213472
0.000817571589213472
0.000817571589213472
0.000817571589213472
0.000817571589213472
0.000817559456847692
0.000817469922819064
0.000817469922819064
0.000803106991193016
0.000802472621897972
0.000809678775924363
0.000816928196109419
0.00081692811194759
0.000816936775587614
0.000816957232802913
0.000903174730928277
0.000824402140486057
0.000824402140486057
0.000824366543249867
0.000824366543249867
0.000824366543249867
0.000824287678596459
0.000824287678596459
0.000824287678596459
0.000824284710742307
0.000824287658219886
0.000824289828155004
0.00082429465072747
0.00082429465072747
0.00082429465072747
0.00082429465072747
0.00082429465072747
0.00082429465072747
0.00082429465072747
0.000824289828155004
0.000824280029618788
0.000824280029618788
0.000824277582039451
0.000824287377287292
0.000824287377287292
0.000824289828155004
0.000824286880677425
0.000824284710742307
0.000824284710742307
0.000824294522448599
0.000824294522448599
0.000824294522448599
0.000824282741125606
0.000824274068708572
0.000824274068708572
0.00082419594234136
0.00082419594234136
0.00082419594234136
0.00082419594234136
0.00082419594234136
0.00082419594234136
0.00082419594234136
0.00082419594234136
0.00082419594234136
0.00082419594234136
0.000824221513494084
0.000824221513494084
0.000824221513494084
0.000824241999078757
0.000824241999078757
0.000831687305175062
0.000836386558466824
0.000836386558466824
0.000832663785894723
0.000824288185068553
0.000824288185068553
0.000828010957640654
