0.00510546025182365
0.00510548355710592
0.00514645576238543
0.00514645576238543
0.00534716595763376
0.0051148094858491
0.00515017885374265
0.00514645576238543
0.00514645576238543
0.00514645576238543
0.00514645576238543
0.00514459421670683
0.00514459421670683
0.00514604188041299
0.00514601854664927
0.00514600032131795
0.00514600032131795
0.00514600032131795
0.00514600032131795
0.00514600032131795
0.00514600032131795
0.00514600032131795
0.00514714319476763
0.00514713554457991
0.00514685037511337
0.00516174019047966
0.00516174019047966
0.00516174019047966
0.00516174019047966
0.00510394892406741
0.00510359403827671
0.00510359403827671
0.00495244476509017
0.00489787678874738
0.0049792317345307
0.00506232704153601
0.00506046512929747
0.00506053567608053
0.00506069669505607
0.00508464921480232
0.00508464921480232
0.00508464921480232
0.00514220486040193
0.00514220486040193
0.00514220486040193
0.005141928834115
0.00514937374179814
0.00514937374179814
0.00514935096564465
0.00514937357587462
0.0051493912453463
0.00514942982592603
0.00514942982592603
0.00514477317044775
0.00514942982592603
0.00514942982592603
0.00514942982592603
0.00514942982592603
0.0051493912453463
0.00514935695046954
0.00514935695046954
0.00514934838394186
0.0051493826673093
0.0051493826673093
0.0051493912453463
0.00515954806416229
0.00514935096564465
0.00514935096564465
0.00517172002966611
0.00517172002966611
0.00517172002966611
0.00516418474860634
0.00516411413035335
0.00516411413035335
0.00516384068806811
0.00516384068806811
0.00516197946114732
0.00516197946114732
0.00516384068806811
0.0051703215787645
0.00517598650281162
0.00517598650281162
0.00516567490427084
0.00516384068806811
0.00516404195939937
0.00516404195939937
0.00516404195939937
0.00516420320556938
0.00516420320556938
0.00518095935060332
0.00520117598841882
0.00520117598841882
0.00520117598841882
0.00510686872168545
0.00510686872168545
0.00511245240244781
