0.000160100265225319
0.000160095479788143
0.000160095479788143
0.000160095479788143
0.000160095479788143
0.000160095479788143
0.000160100584283577
0.000160100584283577
0.000160100584283577
0.000160100584283577
0.000160100584283577
0.000160100584283577
0.000160100584283577
0.000160101861063456
0.000160101541786431
0.000160101541786431
0.000160101541786431
0.000160101541786431
0.000160101541786431
0.000160101541786431
0.000160101541786431
0.000160101541786431
0.000160076994456377
0.000160076994456377
0.000160076994456377
0.000160076994456377
0.000160076994456377
0.000160076994456377
0.000160076994456377
0.000160075718332631
0.000160075718332631
0.000160075718332631
0.000160075718332631
0.000160075718332631
0.00016007603728159
0.00016007603728159
0.00016007603728159
0.00016007603728159
0.00016007731362399
0.00016007731362399
0.00016007731362399
0.00016007731362399
0.00016007731362399
0.00016007731362399
0.00016007731362399
0.00016007731362399
0.00016007731362399
0.00016007731362399
0.000160076994456377
0.00016007731362399
0.00016007731362399
0.00016007731362399
0.00016007731362399
0.00016007731362399
0.00016007731362399
0.00016007731362399
0.00016007731362399
0.00016007731362399
0.00016007731362399
0.00016007731362399
0.00016007731362399
0.00016007731362399
0.00016007731362399
0.00016007731362399
0.00016007731362399
0.000160076994456377
0.000160076994456377
0.000160076994456377
0.000237009796834012
0.000237009796834012
0.000244462361261431
0.000244461085137685
0.000244461085137685
0.000244461085137685
0.000244461085137685
0.000244461085137685
0.000244461085137685
0.000244461085137685
0.000244461085137685
0.000244461085137685
0.000244461085137685
0.000244461085137685
0.000244461085137685
0.000244461085137685
0.000244462680429044
0.000244462680429044
0.000244462680429044
0.000244463957646626
0.000244463957646626
0.000244463957646626
0.000244466834590734
0.000244466834590734
0.000244466834590734
0.000244466834590734
0.000244466834590734
0.000244466834590734
