0.000820939303328878
0.000820939303328878
0.000820939303328878
0.000820939303328878
0.000820939303328878
0.000820939303328878
0.000820939303328878
0.000820939303328878
0.000820939303328878
0.000820939303328878
0.000820939303328878
0.000820939303328878
0.000820939303328878
0.000820939303328878
0.000820939303328878
0.000820939303328878
0.000820939303328878
0.000820939303328878
0.000820939303328878
0.000820939303328878
0.000820939303328878
0.000820939303328878
0.000820830872397258
0.000820829278608149
0.000820795923267492
0.000820795923267492
0.000820795923267492
0.000820795923267492
0.000820795923267492
0.000820795923267492
0.000820732818236604
0.000820732818236604
0.000809715793487864
0.000798842647791774
0.000804896302372629
0.000811005260090876
0.000811005199975284
0.000811011388289587
0.000812937714222069
0.000820279141377306
0.000820279141377306
0.000820279141377306
0.000820253714780028
0.000820253714780028
0.000820253714780028
0.00082015437856015
0.00082015437856015
0.00082015437856015
0.000820152828606494
0.000820154364005454
0.00082015591395911
0.000856187808735762
0.000856187808735762
0.000856187808735762
0.000856187808735762
0.000856187808735762
0.000856187808735762
0.000856187808735762
0.00082015591395911
0.000820149789873975
0.000820149789873975
0.00082014826013689
0.00082015438216679
0.00082015438216679
0.00082015591395911
0.00082015437856015
0.000820152828606494
0.000820152828606494
0.000820158960922926
0.000820158960922926
0.000820158960922926
0.00082015282448462
0.000820146629901025
0.000820146629901025
0.000820048294051957
0.000820048294051957
0.000820048294051957
0.000820048294051957
0.000820048294051957
0.000820048294051957
0.000820048294051957
0.000820048294051957
0.000820048294051957
0.000820048294051957
0.000820063710426476
0.000820063710426476
0.000820063710426476
0.000820076062241273
0.000820076062241273
0.000820076062241273
0.000820103914833794
0.000820103914833794
0.000820103914833794
0.000820103914833794
0.000820103914833794
0.000820103914833794
