0.000614308480561025
0.000614308480561025
0.000614308480561025
0.000614308480561025
0.000614308480561025
0.000614308480561025
0.000614308480561025
0.000614308480561025
0.000614308480561025
0.000614308480561025
0.000614308480561025
0.000614308480561025
0.000614308480561025
0.000614308480561025
0.000614308480561025
0.000614308480561025
0.000614308480561025
0.000614308480561025
0.000614308480561025
0.000614308480561025
0.000614308480561025
0.000614308480561025
0.000614223305322807
0.00061422203029152
0.000614195346018994
0.000614195346018994
0.000614195346018994
0.000614195346018994
0.000614195346018994
0.000614195346018994
0.000614155050032887
0.000614155050032887
0.000606665329379363
0.000599219146664931
0.000606526460571075
0.000613859661112455
0.000613859613019981
0.000613864563671424
0.00061387443016245
0.000613832583427168
0.000613832583427168
0.000613832583427168
0.000613812242149345
0.000613812242149345
0.000613812242149345
0.000613772809822641
0.000613772809822641
0.000613772809822641
0.000613771569859716
0.000613772798178885
0.00061377403814181
0.00061377403814181
0.00061377403814181
0.00061377403814181
0.00061377403814181
0.00061377403814181
0.00061377403814181
0.00061377403814181
0.00061377403814181
0.000613769138873702
0.000613769138873702
0.000613767915084033
0.000613772812707953
0.000613772812707953
0.00061377403814181
0.000613772809822641
0.000613771569859716
0.000613771569859716
0.000613776475712862
0.000613776475712862
0.000613776475712862
0.000613771566562218
0.000613766610895341
0.000613766610895341
0.000613727547711735
0.000613727547711735
0.000613727547711735
0.000613727547711735
0.000613727547711735
0.000613727547711735
0.000613727547711735
0.000613727547711735
0.000613727547711735
0.000613727547711735
0.00061373988081135
0.00061373988081135
0.00061373988081135
0.000613749762263188
0.000613749762263188
0.000613749762263188
0.000613772044337204
0.000613772044337204
0.000613772044337204
0.000613772044337204
0.000613772044337204
0.000613772044337204
