0.0876543800098803
0.0876543800098803
0.0876543800098803
0.0876543800098803
0.0876543800098803
0.0876543800098803
0.0876543800098803
0.0876543800098803
0.0876543800098803
0.0876543800098803
0.0876543800098803
0.0876543800098803
0.0876543800098803
0.0876543800098803
0.0876543800098803
0.0876543800098803
0.0876543800098803
0.0876543800098803
0.0876543800098803
0.0876543800098803
0.0876543800098803
0.0876543800098803
0.0876543800098803
0.0876543800098803
0.0876543800098803
0.0876543800098803
0.0876543800098803
0.0876543800098803
0.0876543800098803
0.0876543800098803
0.0876543800098803
0.0876543800098803
0.0876543800098803
0.0876543800098803
0.0876543800098803
0.0876543800098803
0.0876553474701952
0.0876553474701952
0.0876553474701952
0.0876543800098803
0.0876543800098803
0.0876543800098803
0.0876498857016304
0.0876498857016304
0.0878359332189147
0.0904145681287563
0.0878666609402671
0.0878666609402671
0.0878643883789908
0.0878643883789908
0.0876957275202424
0.0876957275202424
0.0876957275202424
0.0876957275202424
0.0876957275202424
0.0876957275202424
0.0876957275202424
0.0876957275202424
0.0876957275202424
0.0876957275202424
0.0876957275202424
0.0876957275202424
0.0876957275202424
0.0876957275202424
0.0876957275202424
0.0876957275202424
0.0878998351870367
0.0878998351870367
0.0878998351870367
0.0878998351870367
0.0878998351870367
0.0878998351870367
0.0878998351870367
0.0878998351870367
0.0878998351870367
0.0878998351870367
0.0878998351870367
0.0878998351870367
0.0878998351870367
0.0878998351870367
0.0878998351870367
0.0878998351870367
0.0878998351870367
0.0878998351870367
0.0878998351870367
0.0878998351870367
0.0878998351870367
0.0878998351870367
0.0878998351870367
0.0878998351870367
0.0878998351870367
0.0878998351870367
0.0878998351870367
0.0878998351870367
0.0878998351870367
0.0878998351870367