0.00363340823253813
0.00363340823253813
0.00363340823253813
0.00363340823253813
0.00363340823253813
0.00363340823253813
0.00363340823253813
0.00363340823253813
0.00363340823253813
0.00363340823253813
0.00363340823253813
0.00363340823253813
0.00365897621192954
0.00365897621192954
0.00365897621192954
0.00365897621192954
0.00365897621192954
0.00365897621192954
0.00365897621192954
0.00365897621192954
0.00365897621192954
0.00365897621192954
0.00365897621192954
0.00365897621192954
0.00365897621192954
0.00365897621192954
0.00365897621192954
0.00365897621192954
0.00340733662273117
0.00340733662273117
0.00340733662273117
0.00360864829408986
0.00360864829408986
0.00380995996544856
0.00380995996544856
0.00382270876626448
0.00396197990597149
0.00400022630841926
0.00400022630841926
0.00401193892223128
0.00401193892223128
0.00401193892223128
0.00399864087730398
0.00399864087730398
0.00379732920594528
0.00384110761619768
0.00495459042267775
0.00495459042267775
0.00495459042267775
0.00475575855987174
0.00493619768257768
0.00493619768257768
0.004634600317005
0.004634600317005
0.004634600317005
0.004634600317005
0.004634600317005
0.004634600317005
0.004634600317005
0.004634600317005
0.004634600317005
0.004634600317005
0.00419965560156066
0.00419965560156066
0.00419965560156066
0.00419965560156066
0.0040052212839036
0.0040052212839036
0.0038593955456608
0.0038593955456608
0.0038593955456608
0.0038593955456608
0.0038593955456608
0.0038593955456608
0.0038593955456608
0.0038593955456608
0.0038593955456608
0.0038593955456608
0.00390070326954493
0.00426639942086543
0.00426639942086543
0.00426639942086543
0.00426639942086543
0.00426639942086543
0.00426639942086543
0.00426639942086543
0.00426639942086543
0.00426639942086543
0.00426639942086543
0.00426639942086543
0.00426639942086543
0.00426639942086543
0.00428994129597578
0.00428994129597578
0.00428994129597578
0.00422329482600589