0.033882062968452
0.033882062968452
0.033882062968452
0.033882062968452
0.033882062968452
0.0340860437815068
0.0340860437815068
0.0340860437815068
0.0340860437815068
0.0340860437815068
0.0340860437815068
0.0340860437815068
0.0340805386767586
0.0340805386767586
0.0340805386767586
0.0340805386767586
0.0340805386767586
0.0340805386767586
0.0340805386767586
0.0340805386767586
0.0340805386767586
0.0340805386767586
0.0340805386767586
0.0340805386767586
0.0340805386767586
0.0340805386767586
0.0340805386767586
0.0340805386767586
0.0340805386767586
0.0340805386767586
0.0340805386767586
0.0340805386767586
0.0340805386767586
0.0342818503481173
0.0342818503481173
0.0342859961273478
0.0342881132189942
0.0342878437106661
0.0342873557203093
0.0342833094685922
0.034282336721609
0.034282336721609
0.0342807490565782
0.0342807490565782
0.0340794373852195
0.0351095798871819
0.0341209692455428
0.0340996687770729
0.0340932294492755
0.034027356354268
0.034027356354268
0.034027356354268
0.034027356354268
0.034027356354268
0.034027356354268
0.034027356354268
0.034027356354268
0.034027356354268
0.034027356354268
0.034027356354268
0.034027356354268
0.034027356354268
0.034027356354268
0.034027356354268
0.034027356354268
0.0336574112082035
0.0340267487651791
0.0340267487651791
0.0340267487651791
0.0340267487651791
0.0340267487651791
0.0340267487651791
0.0340267487651791
0.0340267487651791
0.0340267487651791
0.0340267487651791
0.0340267487651791
0.0340267487651791
0.0340267487651791
0.0340267487651791
0.0340267487651791
0.0340267487651791
0.0340267487651791
0.0340267487651791
0.0340267487651791
0.0340267487651791
0.0340267487651791
0.0340267487651791
0.0340267487651791
0.0340267487651791
0.0340267487651791
0.0340267487651791
0.0340267487651791
0.0340267487651791
0.0340267487651791
0.0340267487651791