0.0683303851731447
0.0683303851731447
0.0683303851731447
0.0683303851731447
0.0683303851731447
0.0683303851731447
0.0683303851731447
0.0683303851731447
0.0683303851731447
0.0683303851731447
0.0683303851731447
0.0683303851731447
0.0683303851731447
0.0683303851731447
0.0683303851731447
0.0683303851731447
0.0683303851731447
0.0683303851731447
0.0683303851731447
0.0683303851731447
0.0683303851731447
0.0683303851731447
0.0683303851731447
0.0683303851731447
0.0683303851731447
0.0683303851731447
0.0683303851731447
0.0690825644212841
0.0683303851731447
0.0683303851731447
0.0683303851731447
0.0683303851731447
0.0683303851731447
0.0683303851731447
0.0683303851731447
0.0683708642671343
0.0683632937580037
0.0683610610664619
0.0683610610664619
0.0683686315755924
0.0683686315755924
0.0683686315755924
0.0683668859183505
0.0683668859183505
0.0683796347191665
0.0721902177714813
0.0672764062556088
0.0674163284110031
0.0674871863019049
0.0674871863019049
0.0674871863019049
0.0674871863019049
0.0674871863019049
0.0674871863019049
0.0674871863019049
0.0674871863019049
0.0674871863019049
0.0674871863019049
0.0674871863019049
0.0674871863019049
0.0674871863019049
0.0674871863019049
0.0674871863019049
0.0674871863019049
0.0674871863019049
0.0674871863019049
0.0674871863019049
0.0674871863019049
0.0674871863019049
0.0674871863019049
0.0674871863019049
0.0674871863019049
0.0674871863019049
0.0674871863019049
0.0674871863019049
0.0674871863019049
0.0674871863019049
0.0674871863019049
0.0674871863019049
0.0674871863019049
0.0674871863019049
0.0674871863019049
0.0674871863019049
0.0674871863019049
0.0674871863019049
0.0674871863019049
0.0674871863019049
0.0674871863019049
0.0674871863019049
0.0674871863019049
0.0674871863019049
0.0674871863019049
0.0674871863019049
0.0674871863019049
0.0674871863019049
0.0674871863019049