2.20567962503446e-05
2.20567962503446e-05
2.20567962503446e-05
2.20567962503446e-05
2.20567962503446e-05
2.20567962503446e-05
2.20567962503446e-05
2.20567962503446e-05
2.20567962503446e-05
2.20567962503446e-05
2.20567962503446e-05
2.20567962503446e-05
2.20567962503446e-05
2.20567962503446e-05
2.20567962503446e-05
2.20567962503446e-05
2.20567962503446e-05
2.20567962503446e-05
2.20567962503446e-05
2.20567962503446e-05
2.20567962503446e-05
2.20567962503446e-05
2.20567962503446e-05
2.20567962503446e-05
2.20567962503446e-05
2.20567962503446e-05
2.20567962503446e-05
2.20567962503446e-05
2.20567962503446e-05
2.20567962503446e-05
2.20567962503446e-05
2.20567962503446e-05
2.20567962503446e-05
2.20567962503446e-05
2.20567962503446e-05
2.20567962503446e-05
2.20567962503446e-05
2.20567962503446e-05
2.20567962503446e-05
2.20567962503446e-05
2.20567962503446e-05
2.20567962503446e-05
2.20567962503446e-05
2.20567962503446e-05
2.20567962503446e-05
2.20567962503446e-05
2.20567962503446e-05
2.20567962503446e-05
2.20567962503446e-05
2.20567962503446e-05
2.20567962503446e-05
2.20567962503446e-05
2.20567962503446e-05
2.20567962503446e-05
2.20567962503446e-05
2.20567962503446e-05
2.20567962503446e-05
2.20567962503446e-05
2.20567962503446e-05
2.20567962503446e-05
2.20567962503446e-05
2.20567962503446e-05
2.20567962503446e-05
2.20567962503446e-05
2.20567962503446e-05
2.20567962503446e-05
2.20567962503446e-05
2.20567962503446e-05
2.20567962503446e-05
2.20567962503446e-05
2.20567962503446e-05
2.20567962503446e-05
2.20567962503446e-05
2.20567962503446e-05
2.20567962503446e-05
2.20567962503446e-05
2.20567962503446e-05
2.20567962503446e-05
2.20567962503446e-05
2.20567962503446e-05
2.20567962503446e-05
2.20567962503446e-05
2.20567962503446e-05
2.20567962503446e-05
2.20567962503446e-05
2.20567962503446e-05
2.20567962503446e-05
2.20567962503446e-05
2.20567962503446e-05
2.20567962503446e-05
2.20567962503446e-05
2.20567962503446e-05
2.20567962503446e-05
1.10283981251723e-05
1.10283981251723e-05
1.10283981251723e-05
