0.00386418886523621
0.00386418886523621
0.00386418886523621
0.00386418886523621
0.00386418886523621
0.00386418886523621
0.00386418886523621
0.00386418886523621
0.00386418886523621
0.00386418886523621
0.00386418886523621
0.00386418886523621
0.00386418886523621
0.00386418886523621
0.00386418886523621
0.00386418886523621
0.00386418886523621
0.00386418886523621
0.00386418886523621
0.00386418886523621
0.00386418886523621
0.00386418886523621
0.00386418886523621
0.00386418886523621
0.00386418886523621
0.00386418886523621
0.00386418886523621
0.00386418886523621
0.00386418886523621
0.00386418886523621
0.00386418886523621
0.00386418886523621
0.00386418886523621
0.00386418886523621
0.00386418886523621
0.00386418886523621
0.00386418886523621
0.00386418886523621
0.00386418886523621
0.00386418886523621
0.00386418886523621
0.00386418886523621
0.00386418886523621
0.00386418886523621
0.00386418886523621
0.00386418886523621
0.00386418886523621
0.00386418886523621
0.00386418886523621
0.00386418886523621
0.00386418886523621
0.00386418886523621
0.00386418886523621
0.00386418886523621
0.00386418886523621
0.00386418886523621
0.00386418886523621
0.00386418886523621
0.00386418886523621
0.00386418886523621
0.00386418886523621
0.00386418886523621
0.00386418886523621
0.00386418886523621
0.00386418886523621
0.00386418886523621
0.00386418886523621
0.00386418886523621
0.00386418886523621
0.00386434743314599
0.00386418886523621
0.00386418886523621
0.00386418886523621
0.00386418886523621
0.00386418886523621
0.00386418886523621
0.00386418886523621
0.00386418886523621
0.00386418886523621
0.00386418886523621
0.00386418886523621
0.00386418886523621
0.00386418886523621
0.00386418886523621
0.00386418886523621
0.00386418886523621
0.00386418886523621
0.00386418886523621
0.00386418886523621
0.00386418886523621
0.00386418886523621
0.00386418886523621
0.00386418886523621
0.00382007527273552
0.00382007527273552
0.00382007527273552