0.0121303744254257
0.0121303744254257
0.0121303744254257
0.0121303744254257
0.0121303744254257
0.0121303744254257
0.0121303744254257
0.0121303744254257
0.0121303744254257
0.0121303744254257
0.0121303744254257
0.0121303744254257
0.0121303744254257
0.0121303744254257
0.0121303744254257
0.0121303744254257
0.0121303744254257
0.0121303744254257
0.0121303744254257
0.0121303744254257
0.0121303744254257
0.0121303744254257
0.0121303744254257
0.0121303744254257
0.0121303744254257
0.0121303744254257
0.0121303744254257
0.0121303744254257
0.0121303744254257
0.0121303744254257
0.0109282790297819
0.0109282790297819
0.0109282790297819
0.0109282790297819
0.0109282790297819
0.0119098064629223
0.0119098064629223
0.0119098064629223
0.0119098064629223
0.011953920055423
0.011953920055423
0.011953920055423
0.011953920055423
0.011953920055423
0.0119098064629223
0.0119098064629223
0.0119098064629223
0.0152441179067038
0.0152441179067038
0.0152441179067038
0.0152441179067038
0.0152441179067038
0.0149654755471366
0.0149654755471366
0.0149654755471366
0.0121791638287736
0.0121791638287736
0.0121791638287736
0.0121791638287736
0.0121791638287736
0.0121791638287736
0.0121791638287736
0.0121791638287736
0.0121791638287736
0.0121791638287736
0.0123041523408589
0.0122453342175246
0.0123041523408589
0.0122453342175246
0.012179560248548
0.0121791638287736
0.0121791638287736
0.0121791638287736
0.0121791638287736
0.0121791638287736
0.012267391013775
0.0121791638287736
0.0147532230283222
0.0146649958433209
0.0146649958433209
0.014336900999097
0.0122379819521078
0.0136435349427919
0.0136435349427919
0.0136435349427919
0.0132387738156619
0.012239820018462
0.0122508484165872
0.0122839336109627
0.0122839336109627
0.0122839336109627
0.0122839336109627
0.0122839336109627
0.0122729052128375
0.0122729052128375
0.0122729052128375