0.00238004700560389
0.00238004700560389
0.00238004700560389
0.00238004700560389
0.00238004700560389
0.00238004700560389
0.00238004700560389
0.00238004700560389
0.00238004700560389
0.00238004700560389
0.00238004700560389
0.00238004700560389
0.00238004700560389
0.00238004700560389
0.00238004700560389
0.00238004700560389
0.00238004700560389
0.00238004700560389
0.00238004700560389
0.00238004700560389
0.00238004700560389
0.00238004700560389
0.00238004700560389
0.00238004700560389
0.00238004700560389
0.00238004700560389
0.00238004700560389
0.00238004700560389
0.00238004700560389
0.00238004700560389
0.00241037510044811
0.00241037510044811
0.00241037510044811
0.00241037510044811
0.00241037510044811
0.00238004700560389
0.00238004700560389
0.00238004700560389
0.00238004700560389
0.00238004700560389
0.00238004700560389
0.00238004700560389
0.00238004700560389
0.00238004700560389
0.00238004700560389
0.00238004700560389
0.00238004700560389
0.00265575695873319
0.00268332795404613
0.00268332795404613
0.00268332795404613
0.00268332795404613
0.00268332795404613
0.00268332795404613
0.00268332795404613
0.00240761800091682
0.00238004700560389
0.00238004700560389
0.00238004700560389
0.00238004700560389
0.00238004700560389
0.00238004700560389
0.00238004700560389
0.00238004700560389
0.00238004700560389
0.00238004700560389
0.00238004700560389
0.00238004700560389
0.00238004700560389
0.0023801104327678
0.00238004700560389
0.00238004700560389
0.00238004700560389
0.00238004700560389
0.00238004700560389
0.00238004700560389
0.00238004700560389
0.00238004700560389
0.00238004700560389
0.00238004700560389
0.00238004700560389
0.00238004700560389
0.00238004700560389
0.00238004700560389
0.00238004700560389
0.00238004700560389
0.00238004700560389
0.00238004700560389
0.00238004700560389
0.00238004700560389
0.00238004700560389
0.00238004700560389
0.00238004700560389
0.00238004700560389
0.00238004700560389
0.00238004700560389
