0.000606561896884478
0.000606561896884478
0.000606561896884478
0.000606561896884478
0.000606561896884478
0.000606561896884478
0.000606561896884478
0.000606561896884478
0.000606561896884478
0.000606561896884478
0.000606561896884478
0.000606561896884478
0.000606561896884478
0.000606561896884478
0.000606561896884478
0.000606561896884478
0.000606561896884478
0.000606561896884478
0.000606561896884478
0.000606561896884478
0.000606561896884478
0.000606561896884478
0.000606561896884478
0.000606561896884478
0.000606561896884478
0.000606561896884478
0.000606561896884478
0.000606561896884478
0.000606561896884478
0.000606561896884478
0.000606561896884478
0.000606561896884478
0.000606561896884478
0.000606561896884478
0.000606561896884478
0.000606561896884478
0.000606561896884478
0.000606561896884478
0.000606561896884478
0.000606561896884478
0.000606561896884478
0.000606561896884478
0.000606561896884478
0.000606561896884478
0.000606561896884478
0.000606561896884478
0.000606561896884478
0.000606561896884478
0.000606561896884478
0.000606561896884478
0.000606561896884478
0.000606561896884478
0.000606561896884478
0.000606561896884478
0.000606561896884478
0.000606561896884478
0.000606561896884478
0.000606561896884478
0.000606561896884478
0.000606561896884478
0.000606561896884478
0.000606561896884478
0.000606561896884478
0.000606561896884478
0.000606561896884478
0.000606561896884478
0.000606561896884478
0.000606561896884478
0.000606561896884478
0.000606561896884478
0.000606561896884478
0.000606561896884478
0.000606561896884478
0.000606561896884478
0.000606561896884478
0.000606561896884478
0.000606561896884478
0.000606561896884478
0.000606561896884478
0.000606561896884478
0.000606561896884478
0.000606561896884478
0.000606561896884478
0.000606561896884478
0.000606561896884478
0.000606561896884478
0.000606561896884478
0.000606561896884478
0.000606561896884478
0.000606561896884478
0.000606561896884478
0.000606561896884478
0.000606561896884478
0.000595533498759305
0.000595533498759305
0.000595533498759305