0.140646833446022
0.140646833446022
0.140646833446022
0.140646833446022
0.140646833446022
0.140646833446022
0.140646833446022
0.140646833446022
0.140646833446022
0.140646833446022
0.140646833446022
0.140646833446022
0.140646833446022
0.140646833446022
0.140646833446022
0.140646833446022
0.140646833446022
0.140646833446022
0.140646833446022
0.140646833446022
0.140646833446022
0.140646833446022
0.140646833446022
0.140646833446022
0.140646833446022
0.140646833446022
0.140646833446022
0.140646833446022
0.140646833446022
0.140646833446022
0.140646833446022
0.140646833446022
0.140646833446022
0.140646833446022
0.140646833446022
0.140646833446022
0.140646833446022
0.140646833446022
0.140646833446022
0.140646833446022
0.140646833446022
0.140646833446022
0.140646833446022
0.140646833446022
0.140646833446022
0.140646833446022
0.140646833446022
0.140646833446022
0.140646833446022
0.140646833446022
0.140646833446022
0.140646833446022
0.140646833446022
0.140646833446022
0.140646833446022
0.140646833446022
0.140646833446022
0.140646833446022
0.140646833446022
0.140646833446022
0.140646833446022
0.140646833446022
0.140646833446022
0.140646833446022
0.140646833446022
0.140646833446022
0.140646833446022
0.140646833446022
0.140646833446022
0.140646833446022
0.140646833446022
0.140646833446022
0.140646833446022
0.140646833446022
0.140646833446022
0.140646833446022
0.140646833446022
0.140646833446022
0.140646833446022
0.140646833446022
0.140646833446022
0.140646833446022
0.140646833446022
0.140646833446022
0.140646833446022
0.140646833446022
0.140646833446022
0.140646833446022
0.140646833446022
0.140646833446022
0.140646833446022
0.140646833446022
0.140646833446022
0.140646833446022
0.140646833446022
0.140646833446022
