0.0537525354969574
0.0537525354969574
0.0537525354969574
0.0537525354969574
0.0537525354969574
0.0537525354969574
0.0537525354969574
0.0537525354969574
0.0537525354969574
0.0537525354969574
0.0537525354969574
0.0537525354969574
0.0537525354969574
0.0537525354969574
0.0537525354969574
0.0537525354969574
0.0537525354969574
0.0537525354969574
0.0537525354969574
0.0537525354969574
0.0537525354969574
0.0537525354969574
0.0537525354969574
0.0537525354969574
0.0537525354969574
0.0537525354969574
0.0537525354969574
0.0537525354969574
0.0537525354969574
0.0537525354969574
0.0537525354969574
0.0537525354969574
0.0537525354969574
0.0537525354969574
0.0537525354969574
0.0537525354969574
0.0537525354969574
0.0537525354969574
0.0537525354969574
0.0537525354969574
0.0537525354969574
0.0537525354969574
0.0537525354969574
0.0537525354969574
0.0537525354969574
0.0537525354969574
0.0537525354969574
0.0537525354969574
0.0537525354969574
0.0537525354969574
0.0537525354969574
0.0537525354969574
0.0537525354969574
0.0537525354969574
0.0537525354969574
0.0537525354969574
0.0537525354969574
0.0537525354969574
0.0537525354969574
0.0537525354969574
0.0537525354969574
0.0537525354969574
0.0537525354969574
0.0537525354969574
0.0537525354969574
0.0537525354969574
0.0537525354969574
0.0537525354969574
0.0537525354969574
0.055104800540906
0.0538787469010593
0.0548533637592968
0.0538787469010593
0.0538787469010593
0.0538787469010593
0.0538787469010593
0.0538787469010593
0.0538287865655149
0.0538287865655149
0.0538287865655149
0.0538287865655149
0.0538287865655149
0.0538287865655149
0.0538287865655149
0.0538287865655149
0.0538287865655149
0.0538287865655149
0.0538287865655149
0.0538287865655149
0.0538287865655149
0.0538287865655149
0.0538287865655149
0.0538287865655149
0.0538963998177123
0.0538963998177123
0.0538287865655149
