0.00165078025403404
0.0016507767248987
0.00165077647782687
0.00165077632874949
0.00165078213588209
0.00165078183702786
0.00165078161344167
0.0016507814132388
0.00165078126418798
0.00165078081701844
0.0016507772879852
0.0016507769664266
0.00165077175243917
0.00165077115546628
0.00165076310322223
0.00165075970069209
0.00165075249400401
0.00165075241950466
0.00165075182262877
0.00165075130026361
0.00165074946556044
0.00165074701282391
0.00165074326058312
0.00165073776247848
0.00165073607776065
0.00165073355068121
0.00165072979854212
0.00165072803936619
0.00165072781590035
0.00165072205273051
0.00165072138252337
0.00165072123361087
0.00165072086127891
0.00165072063792862
0.0016507204145158
0.00165072026562412
0.00165072011673622
0.00165071981889508
0.00165071959550119
0.00165071944662655
0.00165071914888861
0.00165071914888861
0.00165071885116582
0.0016507186277956
0.00165071847894366
0.00165071442905819
0.00165071428021761
0.00165071030500798
0.00165071015618064
0.00165070993284827
0.001650706255698
0.00165070457110685
0.00165070049826009
0.00165070042386013
0.00165080107618259
0.00165079754801579
0.00165080382627567
0.00165080014939357
0.00165080000062297
0.00165079294529446
0.00165079264760112
0.00165086709280144
0.00165085945606663
0.00165086422166111
0.00165086176968529
0.00165085794427474
0.00165085124789659
0.00165084749709052
0.00165084697598985
0.0016508469016381
0.00165084307643337
0.00165084300208634
0.00165084285339512
0.00165084263022918
0.00165083749283553
0.00165083573406256
0.00165083220662889
0.00165083213229131
0.00165082776167791
0.00165082746406845
0.00165082724093558
0.00165082701780744
0.00165082341615018
0.00165082178301755
0.00165082163436977
0.00165082148572578
0.00165082133708555
0.00165081602775094
0.00165081235190591
0.0016508063729415
0.00165080368705001
0.00165080061771506
0.00165080046911071
0.00165080032051014
0.00165079664470539
0.00165079632389856