0.0475806816931669
0.0475806816931669
0.0475806816931669
0.0475806816931669
0.0475806816931669
0.0475806816931669
0.0475806816931669
0.0475806816931669
0.0475806816931669
0.0475806816931669
0.0475806816931669
0.0475814549629295
0.0475814549629295
0.0475814549629295
0.0475814549629295
0.0475814549629295
0.0475814549629295
0.0475814549629295
0.0475814549629295
0.0475814549629295
0.0475814549629295
0.0475814549629295
0.0475814549629295
0.0475814549629295
0.0475814549629295
0.0475814549629295
0.0475814549629295
0.0475814549629295
0.0475814549629295
0.0475814549629295
0.0475814549629295
0.0475814549629295
0.0475814549629295
0.0475814549629295
0.0475814549629295
0.0475814549629295
0.0475814549629295
0.0475814549629295
0.0475814549629295
0.0475814549629295
0.0475814549629295
0.0475814549629295
0.0475814549629295
0.0475814549629295
0.0475814549629295
0.0475814549629295
0.0475814549629295
0.0475814549629295
0.0475814549629295
0.0475814549629295
0.0475814549629295
0.0475814549629295
0.0475814549629295
0.0475814549629295
0.0475814549629295
0.0475814549629295
0.0475814549629295
0.0475814549629295
0.0475814549629295
0.0475814549629295
0.0475814549629295
0.0475814549629295
0.0475814549629295
0.0475814549629295
0.0475814549629295
0.0475814549629295
0.0475814549629295
0.0475814549629295
0.0475814549629295
0.0475814549629295
0.0475814549629295
0.0475814549629295
0.0475814549629295
0.0475814549629295
0.0475814549629295
0.0475814549629295
0.0475814549629295
0.0475814549629295
0.0475814549629295
0.0475814549629295
0.0475814549629295
0.0475814549629295
0.0475814549629295
0.0475814549629295
0.0475814549629295
0.0475814549629295
0.0475814549629295
0.0475814549629295
0.0475814549629295
0.0475814549629295
0.0475814549629295
0.0475814549629295
0.0475814549629295
0.0475814549629295
0.0475814549629295
0.0475814549629295