0.0241689067292982
0.0241689067292982
0.0241689067292982
0.0241689067292982
0.0241689067292982
0.0241689067292982
0.0241689067292982
0.0241689067292982
0.0241689067292982
0.0241689067292982
0.0241689067292982
0.0241640532085542
0.0241640532085542
0.0241640532085542
0.0241640532085542
0.0241640532085542
0.0241640532085542
0.0241640532085542
0.0241640532085542
0.0241640532085542
0.0241640532085542
0.0241640532085542
0.0241640532085542
0.0241640532085542
0.0241640532085542
0.0241640532085542
0.0241640532085542
0.0241640532085542
0.0241640532085542
0.0241640532085542
0.0241640532085542
0.0241640532085542
0.0241640532085542
0.0241640532085542
0.0241640532085542
0.0241640532085542
0.0241640532085542
0.0241640532085542
0.0241640532085542
0.0241640532085542
0.0241640532085542
0.0241640532085542
0.0241640532085542
0.0241640532085542
0.0241640532085542
0.0241640532085542
0.0241640532085542
0.0241640532085542
0.0241640532085542
0.0241640532085542
0.0241640532085542
0.0241640532085542
0.0241640532085542
0.0241640532085542
0.0241640532085542
0.0241640532085542
0.0241640532085542
0.0241640532085542
0.0241640532085542
0.0241640532085542
0.0241640532085542
0.0241640532085542
0.0241640532085542
0.0241640532085542
0.0241640532085542
0.0241640532085542
0.0241640532085542
0.0241640532085542
0.0241640532085542
0.0241640532085542
0.0241640532085542
0.0241640532085542
0.0241640532085542
0.0241640532085542
0.0241640532085542
0.0241640532085542
0.0241640532085542
0.0241640532085542
0.0241640532085542
0.0241640532085542
0.0241640532085542
0.0241640532085542
0.0241640532085542
0.0241640532085542
0.0241640532085542
0.0241640532085542
0.0241640532085542
0.0241640532085542
0.0241640532085542
0.0241640532085542
0.0241640532085542
0.0241640532085542
0.0241640532085542
0.0241640532085542
0.0241640532085542
0.0241640532085542