3.23568049596511e-06
3.23568049596511e-06
3.23568049596511e-06
3.23568049596511e-06
3.23568049596511e-06
3.23568049596511e-06
3.23568049596511e-06
3.23568049596511e-06
3.23568049596511e-06
3.23568049596511e-06
3.23568049596511e-06
3.23508383719764e-06
3.23508383719764e-06
3.23508383719764e-06
3.23508383719764e-06
3.23508383719764e-06
3.23508383719764e-06
3.23508383719764e-06
3.23508383719764e-06
3.23508383719764e-06
3.23508383719764e-06
3.23508383719764e-06
3.23508383719764e-06
3.23508383719764e-06
3.23508383719764e-06
3.23508383719764e-06
3.23508383719764e-06
3.23508383719764e-06
3.23508383719764e-06
3.23508383719764e-06
3.23508383719764e-06
3.23508383719764e-06
3.23508383719764e-06
3.23508383719764e-06
3.23508383719764e-06
3.23508383719764e-06
3.23508383719764e-06
3.23508383719764e-06
3.23508383719764e-06
3.23508383719764e-06
3.23508383719764e-06
3.23508383719764e-06
3.23508383719764e-06
3.23508383719764e-06
3.23508383719764e-06
3.23508383719764e-06
3.23508383719764e-06
3.23508383719764e-06
3.23508383719764e-06
3.23508383719764e-06
1.61784024798255e-06
3.23508383719764e-06
3.23508383719764e-06
3.23508383719764e-06
3.23508383719764e-06
3.23508383719764e-06
3.23508383719764e-06
3.23508383719764e-06
3.23508383719764e-06
3.23508383719764e-06
3.23508383719764e-06
3.23508383719764e-06
3.23508383719764e-06
3.23508383719764e-06
3.23508383719764e-06
3.23508383719764e-06
3.23508383719764e-06
3.23508383719764e-06
3.23508383719764e-06
3.23508383719764e-06
3.23508383719764e-06
3.23508383719764e-06
3.23508383719764e-06
3.23508383719764e-06
3.23508383719764e-06
3.23508383719764e-06
3.23508383719764e-06
3.23508383719764e-06
3.23508383719764e-06
3.23508383719764e-06
3.23508383719764e-06
3.23508383719764e-06
3.23508383719764e-06
3.23508383719764e-06
3.23508383719764e-06
3.23508383719764e-06
3.23508383719764e-06
3.23508383719764e-06
3.23508383719764e-06
3.23508383719764e-06
3.23508383719764e-06
3.23508383719764e-06
3.23508383719764e-06
3.23508383719764e-06
3.23508383719764e-06
3.23508383719764e-06