0.108373133881047
0.108373134150127
0.108373134150127
0.108373133805795
0.108373133805795
0.108373133805795
0.108373133805795
0.108373132907037
0.108373132907037
0.108373132457666
0.108373132726763
0.108373132726763
0.108373132726763
0.108373132995856
0.108373132995856
0.108373132995856
0.108373132546503
0.108373132815598
0.108373132815598
0.108373132815598
0.108373132815598
0.108373132815598
0.108373135040995
0.108373135040995
0.108373134591745
0.108373134591745
0.108373134591745
0.108373134591745
0.108373134591745
0.108373134591745
0.108373134591745
0.108373134591745
0.108373133244028
0.108373133244028
0.108373133244028
0.108373133244028
0.108373132794801
0.108373133063894
0.108373133063894
0.108373133408236
0.108373133408236
0.108373133408236
0.108373133752573
0.108373133647707
0.108373133647707
0.108373133647707
0.108373133647707
0.108373133198514
0.108373133198514
0.108373133198514
0.108373133198514
0.108373133198514
0.108373133198514
0.108373133198514
0.108373133093672
0.108373133093672
0.108373132644496
0.108373132300145
0.108373132300145
0.108373132300145
0.108373131850968
0.108373131850968
0.108373131401798
0.108373130952634
0.108373130952634
0.108373130847849
0.108373130847849
0.108373130293941
0.108373130293941
0.108373130293941
0.108373130293941
0.108373130293941
0.108373130293941
0.108373129844811
0.108373129395686
0.108373129395686
0.108373128946567
0.108373129560105
0.108373122719639
0.108373122719639
0.108373122719639
0.108373122270634
0.108373122270634
0.108373122270634
0.108373121821635
0.108373121821635
0.108373121821635
0.108373121821635
0.108373121821635
0.108373122090875
0.108373122090875
0.108373121641887
0.108373121641887
0.108373121192906
0.108373121192906
0.108373121088428