3.13762505644471e-05
3.13762505644471e-05
3.13797231260385e-05
3.13762505644471e-05
3.13762505644471e-05
3.13717492491653e-05
3.70759304510814e-05
3.70759304510814e-05
3.70759304510814e-05
3.70759304510814e-05
3.70759304510814e-05
3.70759304510814e-05
3.70759304510814e-05
3.3273034518007e-05
3.3273034518007e-05
3.3273034518007e-05
3.3273034518007e-05
3.3273034518007e-05
3.3273034518007e-05
3.3273034518007e-05
3.32778074664615e-05
3.32791092708222e-05
3.32792719685177e-05
3.32792719685177e-05
3.32792719685177e-05
3.3281089486031e-05
3.32763971721037e-05
3.32782140923408e-05
3.32763971721037e-05
3.32763971721037e-05
3.32763971721037e-05
3.32763971721037e-05
3.32765870038735e-05
3.32763971721037e-05
3.32791906127093e-05
3.32763971721037e-05
3.32763971721037e-05
3.32763971721037e-05
3.32763971721037e-05
3.32763971721037e-05
3.32763971721037e-05
3.32763971721037e-05
3.32763971721037e-05
3.32763971721037e-05
3.32763971721037e-05
3.32763971721037e-05
3.32763971721037e-05
3.32763971721037e-05
3.32763971721037e-05
3.32763971721037e-05
3.32763971721037e-05
3.32763971721037e-05
3.32763971721037e-05
3.32763971721037e-05
3.32763971721037e-05
3.32763971721037e-05
3.32869249273638e-05
3.32763971721037e-05
3.32763971721037e-05
3.32763971721037e-05
3.32763971721037e-05
3.32763971721037e-05
3.32763971721037e-05
3.32763971721037e-05
3.32763971721037e-05
3.32763971721037e-05
3.32763971721037e-05
3.32763971721037e-05
3.32806826095084e-05
3.32685347182103e-05
3.32685347182103e-05
3.32685347182103e-05
3.32685347182103e-05
3.32685347182103e-05
3.32685347182103e-05
3.32685347182103e-05
3.32685347182103e-05
3.32685347182103e-05
3.32685347182103e-05
3.32685347182103e-05
3.32685347182103e-05
3.32685347182103e-05
3.32685347182103e-05
3.32685347182103e-05
3.32733599133979e-05
3.32813899737853e-05
3.32733599133979e-05
3.517465534916e-05
3.517465534916e-05
3.517465534916e-05
3.51838776344677e-05
3.51838776344677e-05
3.51838776344677e-05
3.51838776344677e-05
3.70962155656066e-05
3.70975200477731e-05
