0.00473153670377943
0.00473153670377943
0.00473288534792755
0.00473154614994242
0.00473154614994242
0.00473086042183325
0.00473086042183325
0.00473086042183325
0.00473086986476237
0.00473086986476237
0.004723264723687
0.004723264723687
0.00473063467704689
0.00473063467704689
0.00473063467704689
0.00473064412320988
0.00473064412320988
0.00473064412320988
0.00473064412320988
0.00473064412320988
0.00473161055475645
0.00473179625530458
0.00473181513146781
0.00473182457439692
0.00473181513146781
0.00473245459970521
0.00473109415252262
0.00473135301123598
0.0047307959206673
0.00472824499735591
0.00472795238873101
0.00472789732800742
0.00472802973332714
0.00472790676770432
0.00472857014730317
0.00472760231592922
0.00472759287623233
0.00472759287623233
0.00472758636609654
0.00472757261071088
0.0047275817816195
0.00471996616805395
0.00471997533896257
0.00472757261071088
0.00472757261071088
0.00473041119388024
0.00473042036478886
0.00473041119388024
0.00473041119388024
0.00473041119388024
0.00473042036478886
0.00473041119388024
0.00473044897206778
0.00473044897206778
0.00473044897206778
0.0047304581429764
0.0047332419928454
0.00473047230131018
0.00473046313040156
0.00473046313040156
0.00473046313040156
0.00473046313040156
0.00472285147696014
0.00472285147696014
0.00472285147696014
0.00472281890955708
0.00472281890955708
0.00472281890955708
0.00472397791902825
0.00472168861690207
0.00472168861690207
0.00472168861690207
0.00472929245684124
0.00472929245684124
0.00472900080897612
0.00472900987557484
0.00472900987557484
0.00472900080897612
0.00472901967867989
0.00472900987557484
0.00472900080897612
0.00472900080897612
0.00472900080897612
0.00472900080897612
0.00472966995173851
0.00473201834622876
0.00472965579421217
0.0047297501976522
0.0047297501976522
0.00472965579421217
0.00473164382843579
0.00473164382843579
0.00473164382843579
0.00473165327136491
0.00473450789042554
0.0047345405080697
