0.000684611793462986
0.000684611793462986
0.000684813221357292
0.00068461309638202
0.00068461309638202
0.00068451763507645
0.00068451763507645
0.00068451763507645
0.000684518937549431
0.000684518937549431
0.000684518937549431
0.000684518937549431
0.000684513728548695
0.000684513728548695
0.000684513728548695
0.000684515031467728
0.000684515031467728
0.000684515031467728
0.000684515031467728
0.000684515031467728
0.000684660413002008
0.000684685147535509
0.000684689052725794
0.000684690355198775
0.000684689052725794
0.000684773499664229
0.000684592260820089
0.000684666260725479
0.000684592260820089
0.000684631106309505
0.000684591607966644
0.00068458770010159
0.00068461135310758
0.000684589002128748
0.000684676022528143
0.00068458770010159
0.000684586398074432
0.000684586398074432
0.000684585096047274
0.000684583142616427
0.000684583142616427
0.000684583142616427
0.000684583142616427
0.000684583142616427
0.000684583142616427
0.000684581189742803
0.000684581189742803
0.000684581189742803
0.000684581189742803
0.000684581189742803
0.000684581189742803
0.000684581189742803
0.000684585097161976
0.000684585097161976
0.000684585097161976
0.000684585097161976
0.000684979590173752
0.0006845870500356
0.0006845870500356
0.0006845870500356
0.0006845870500356
0.0006845870500356
0.0006845870500356
0.0006845870500356
0.0006845870500356
0.000684583142616427
0.000684583142616427
0.000684583142616427
0.000684744183141442
0.000684412438627647
0.000684412438627647
0.000684412438627647
0.000684412438627647
0.000684412438627647
0.000684412438627647
0.000684412438627647
0.000684412438627647
0.000684412438627647
0.000684415041345408
0.000684412438627647
0.000684412438627647
0.000684412438627647
0.000684412438627647
0.000684412438627647
0.000684505259743118
0.000684853240274987
0.000684503306980863
0.000684516328145005
0.000684516328145005
0.000684503306980863
0.000684804135988745
0.000684804135988745
0.000684804135988745
0.000684805438461726
0.000685213179195165
0.000685219702723997
