0.000661785953126143
0.000661785953126143
0.000661954821421365
0.000661787256045177
0.000661787256045177
0.000661696352114516
0.000661696352114516
0.000661696352114516
0.000661697654587497
0.000661697654587497
0.000661697654587497
0.000661697654587497
0.000661665214902603
0.000661665214902603
0.000661665214902603
0.000661666517821637
0.000661666517821637
0.000661666517821637
0.000661666517821637
0.000661666517821637
0.000661811899355916
0.000661839218883581
0.000661840520465145
0.000661841822938126
0.000661840520465145
0.000661920400714234
0.000661746992659432
0.000661776579041195
0.000661705857231112
0.000661743400693371
0.000661705204377667
0.000661701296512614
0.000661722347246208
0.000661702598539771
0.000661786340843858
0.000661660605191482
0.000661659303164324
0.000661659303164324
0.000661658001137166
0.00066165604770632
0.000661657312659233
0.00066165604770632
0.000661657312659233
0.00066165604770632
0.00066165604770632
0.000661654094832695
0.000661655359785608
0.000661654094832695
0.000661654094832695
0.000661654094832695
0.000661655359785608
0.000661654094832695
0.000661658002251868
0.000661658002251868
0.000661658002251868
0.000661659267204781
0.000662014579588991
0.000661661220078406
0.000661659955125493
0.000661659955125493
0.000661659955125493
0.000661659955125493
0.000661659955125493
0.000661659955125493
0.000661659955125493
0.00066165604770632
0.00066165604770632
0.00066165604770632
0.000661806675132545
0.000661482818209158
0.000661482818209158
0.000661482818209158
0.000661482818209158
0.000661482818209158
0.000661442590917417
0.000661443841482758
0.000661443841482758
0.000661442590917417
0.000661445193635178
0.000661443841482758
0.000661442590917417
0.000661442590917417
0.000661442590917417
0.000661442590917417
0.000661532105782344
0.000661881385222209
0.00066153015302009
0.000661541871265198
0.000661541871265198
0.00066153015302009
0.000661828188782485
0.000661828188782485
0.000661828188782485
0.000661829491255466
0.000662248694285803
0.000662255217814636
