0.00336790575014437
0.00336790575014437
0.00336878982809887
0.00336791226473954
0.00336791226473954
0.00336744114100254
0.00336744114100254
0.00336744114100254
0.00336744765336744
0.00336744765336744
0.00336744765336744
0.00336744765336744
0.00336728545494297
0.00336728545494297
0.00336728545494297
0.00336729196953814
0.00336729196953814
0.00336729196953814
0.00336729196953814
0.00336729196953814
0.00336802215011954
0.00336814572971425
0.00336815939754605
0.00336626364812169
0.00336815939754605
0.00323028510825814
0.00336576346073758
0.0032409923191316
0.00336555778359598
0.00330332319246925
0.00336365258315774
0.00336362652700589
0.00333204749194714
0.00336173110097066
0.00321915390303506
0.00336342307040024
0.00336531849643547
0.00336531849643547
0.0033672139224707
0.00336720415531647
0.00336721048008104
0.00336720415531647
0.00336721048008104
0.00336720415531647
0.00336720415531647
0.00336719439094834
0.00336720071571291
0.00336719439094834
0.00336719439094834
0.00336719439094834
0.00336720071571291
0.00336719439094834
0.00336722044487079
0.00336722044487079
0.00336722044487079
0.00336722676963535
0.0033690762435549
0.00336723653400348
0.00336723020923891
0.00336723020923891
0.00336723020923891
0.00336723020923891
0.00336723020923891
0.00336723020923891
0.00336723020923891
0.00336720415531647
0.00336720415531647
0.00336720415531647
0.00336801002022476
0.00336634385502915
0.00336634385502915
0.00336634385502915
0.00336634385502915
0.00336634385502915
0.00336614271857045
0.00336614897139716
0.00336614897139716
0.00336614271857045
0.00336615573215925
0.00336614897139716
0.00336614271857045
0.00336614271857045
0.00336614271857045
0.00336614271857045
0.0033666068868387
0.0027196004181148
0.00336659712302742
0.00336664920968997
0.00336664920968997
0.00336659712302742
0.00281214328884314
0.00281214328884314
0.00281214328884314
0.00281214914997156
0.0020751678651796
0.00206567123808211
