0.000855771255309343
0.000855771255309343
0.000856023044640042
0.000855772883958135
0.000855772883958135
0.000855653555096483
0.000855653555096483
0.000855653555096483
0.00085565518318771
0.00085565518318771
0.00085565518318771
0.00085565518318771
0.000855648671936789
0.000855648671936789
0.000855648671936789
0.000855650300585581
0.000855650300585581
0.000855650300585581
0.000855650300585581
0.000855650300585581
0.000855832031963955
0.000855862950130832
0.000855867831618688
0.000855869459709915
0.000855867831618688
0.000855973392523714
0.000855746839505722
0.000855837711853512
0.000855746839505722
0.000855793768833545
0.000855746023438915
0.000855739509400954
0.000855769075658442
0.000855741136934901
0.000855849914106842
0.000855739509400954
0.000855737881867006
0.000855737881867006
0.000855736254333059
0.000855733812544501
0.000855733812544501
0.000855733812544501
0.000855733812544501
0.000855733812544501
0.000855733812544501
0.00085573137145247
0.00085573137145247
0.00085573137145247
0.00085573137145247
0.00085573137145247
0.00085573137145247
0.00085573137145247
0.00085573788493308
0.00085573788493308
0.00085573788493308
0.00085573788493308
0.000856229378687102
0.000855740326025111
0.000855740326025111
0.000855740326025111
0.000855740326025111
0.000855740326025111
0.000855740326025111
0.000855740326025111
0.000855740326025111
0.000855733812544501
0.000855733812544501
0.000855733812544501
0.000855935116547022
0.000855522057306934
0.000855522057306934
0.000855522057306934
0.000855522057306934
0.000855522057306934
0.000855522057306934
0.000855522057306934
0.000855522057306934
0.000855522057306934
0.000855525310704135
0.000855522057306934
0.000855522057306934
0.000855522057306934
0.000855522057306934
0.000855522057306934
0.000855638085929818
0.000856071441313645
0.000855635644976999
0.000855651921432177
0.000855651921432177
0.000855635644976999
0.000856008428957358
0.000856008428957358
0.000856008428957358
0.000856010057048584
0.000856519738553947
0.000856527892964988
