0.000819625998750748
0.000819625998750748
0.000819834479619637
0.00081962762739954
0.00081962762739954
0.000819515299067778
0.000819515299067778
0.000819515299067778
0.000819516927159004
0.000819516927159004
0.000819516927159004
0.000819516927159004
0.000819476377552887
0.000819476377552887
0.000819476377552887
0.000819478006201679
0.000819478006201679
0.000819478006201679
0.000819478006201679
0.000819478006201679
0.000819659733119528
0.000819693882529109
0.000819696160408244
0.000819697788499471
0.000819696160408244
0.000819794709360897
0.000819580551564561
0.000819616233628306
0.000819529132279161
0.000819576387113774
0.000819528316212355
0.000819523431381038
0.000819549744798032
0.000819525058914986
0.000819628435881637
0.000819472567229624
0.000819470939695676
0.000819470939695676
0.000819469312161729
0.00081946687037317
0.000819468451564312
0.00081946687037317
0.000819468451564312
0.00081946687037317
0.00081946687037317
0.000819464429281139
0.000819466010472281
0.000819464429281139
0.000819464429281139
0.000819464429281139
0.000819466010472281
0.000819464429281139
0.000819469313555106
0.000819469313555106
0.000819469313555106
0.000819470894746248
0.000819909828900257
0.000819473335838279
0.000819471754647137
0.000819471754647137
0.000819471754647137
0.000819471754647137
0.000819471754647137
0.000819471754647137
0.000819471754647137
0.00081946687037317
0.00081946687037317
0.00081946687037317
0.000819655805780988
0.000819249682822278
0.000819249682822278
0.000819249682822278
0.000819249682822278
0.000819249682822278
0.000819199398707602
0.000819200961914279
0.000819200961914279
0.000819199398707602
0.000819202652104803
0.000819200961914279
0.000819199398707602
0.000819199398707602
0.000819199398707602
0.000819199398707602
0.000819309991152564
0.000819746915847785
0.000819307550199745
0.000819322198006131
0.000819322198006131
0.000819307550199745
0.00081968042029813
0.00081968042029813
0.00081968042029813
0.000819682048389357
0.000820206377684068
0.000820214532095108
