0.00622775552682094
0.00622775552682094
0.00622954897018555
0.00622776529871369
0.00622776529871369
0.00622683453382022
0.00623253969187693
0.00623397606849221
0.00623398844421671
0.00621687687679714
0.00621687687679714
0.00621687687679714
0.00621664822734937
0.00621094306929266
0.00620904178402382
0.00620906655087344
0.00620906655087344
0.00620906655087344
0.00620906655087344
0.00620906655087344
0.0062160401856774
0.00622006594333263
0.0062202130466684
0.00622023324742341
0.00622020684878413
0.00622104610907644
0.00621926738191694
0.00621974816367499
0.00621904113706119
0.00622506774432873
0.00621902614057291
0.00621139494646609
0.00622106679653286
0.00621901571142175
0.00621989365125849
0.00621877758685679
0.00621876326455806
0.00621876326455806
0.00621875968398337
0.0062187534993264
0.00621876045656743
0.0062187534993264
0.00621876045656743
0.0062187534993264
0.0062187534993264
0.00621874731595074
0.00621875427319177
0.00621874731595074
0.00621874731595074
0.00621874731595074
0.00621875427319177
0.00621874731595074
0.00621876294830421
0.00621876294830421
0.00621876294830421
0.00621876990554523
0.00622244915959368
0.00621877608892089
0.00621876913167987
0.00621876913167987
0.00621876913167987
0.00621876913167987
0.00621876913167987
0.00621876913167987
0.00621876913167987
0.0062187534993264
0.0062187534993264
0.0062187534993264
0.00622024112832438
0.00620761573789286
0.00620761573789286
0.00620761573789286
0.00620761573789286
0.00620761573789286
0.00620549352780349
0.00620550040591287
0.00620550040591287
0.00620549352780349
0.00620552150701943
0.00620550040591287
0.00620549352780349
0.00620549352780349
0.00620549352780349
0.00620549352780349
0.0062064104716717
0.00623332218437742
0.0062425287092393
0.00624080488371806
0.00624270616898691
0.00624252869907238
0.00627460338839281
0.00627460338839281
0.00627460338839281
0.00627271643032676
0.00630203026076274
0.00630206940193574
