2.85241599634891e-05
2.85241599634891e-05
2.85293689637677e-05
2.85241599634891e-05
2.85241599634891e-05
2.85192790326261e-05
2.85192790326261e-05
2.85192790326261e-05
2.85192790326261e-05
2.85192790326261e-05
2.85192790326261e-05
2.85192790326261e-05
2.85192790326261e-05
2.85192790326261e-05
2.85192790326261e-05
2.85192790326261e-05
2.85192790326261e-05
2.85192790326261e-05
2.85192790326261e-05
2.85192790326261e-05
2.8524486250069e-05
2.8524486250069e-05
2.8524486250069e-05
2.8524486250069e-05
2.8524486250069e-05
2.85293689637677e-05
2.85196052074071e-05
2.8524486250069e-05
2.85196052074071e-05
2.8522209261723e-05
2.85196052074071e-05
2.85196052074071e-05
2.85196052074071e-05
2.85196052074071e-05
2.8524486250069e-05
2.85196052074071e-05
2.85196052074071e-05
2.85196052074071e-05
2.85196052074071e-05
2.85196052074071e-05
2.85196052074071e-05
2.85196052074071e-05
2.85196052074071e-05
2.85196052074071e-05
2.85196052074071e-05
2.85196052074071e-05
2.85196052074071e-05
2.85196052074071e-05
2.85196052074071e-05
2.85196052074071e-05
2.85196052074071e-05
2.85196052074071e-05
2.85196052074071e-05
2.85196052074071e-05
2.85196052074071e-05
2.85196052074071e-05
2.85345815324659e-05
2.85196052074071e-05
2.85196052074071e-05
2.85196052074071e-05
2.85196052074071e-05
2.85196052074071e-05
2.85196052074071e-05
2.85196052074071e-05
2.85196052074071e-05
2.85196052074071e-05
2.85196052074071e-05
2.85196052074071e-05
2.85293689637677e-05
2.85143997718848e-05
2.85143997718848e-05
2.85143997718848e-05
2.85143997718848e-05
2.85143997718848e-05
2.85143997718848e-05
2.85143997718848e-05
2.85143997718848e-05
2.85143997718848e-05
2.85143997718848e-05
2.85143997718848e-05
2.85143997718848e-05
2.85143997718848e-05
2.85143997718848e-05
2.85143997718848e-05
2.85192790326261e-05
2.85323037647298e-05
2.85192790326261e-05
2.85192790326261e-05
2.85192790326261e-05
2.85192790326261e-05
3.04309816340913e-05
3.04309816340913e-05
3.04309816340913e-05
3.04309816340913e-05
3.04456523118463e-05
3.04456523118463e-05
