0.00157321189915346
0.00157321189915346
0.0015736773461054
0.00157321515645105
0.00157321515645105
0.00157299621135553
0.00157299621135553
0.00157282715366333
0.00157283562420007
0.00157283562420007
0.00157283562420007
0.00157283562420007
0.00157280694031465
0.00157280694031465
0.00157280694031465
0.00157282389545953
0.00157282389545953
0.00157282389545953
0.00157282389545953
0.0015804290365349
0.00158075944510047
0.00158080959085719
0.0015808121949115
0.00158081904448735
0.00158080795145722
0.00158101685514125
0.00158057532311691
0.00158075551603785
0.00158057532311691
0.00158066503351366
0.00158056520905284
0.00158054826797831
0.00158059521852299
0.00158055087203263
0.00158076263221214
0.00158054826797831
0.00158054566392399
0.00158054566392399
0.00158054305986968
0.00158053882752905
0.00158053882752905
0.00158053882752905
0.00158053882752905
0.00158053882752905
0.00158053882752905
0.00158053459635857
0.00158053459635857
0.00158053459635857
0.00158053459635857
0.00158053459635857
0.00158053459635857
0.00158053459635857
0.00158054501792755
0.00158054501792755
0.00158054501792755
0.00158054501792755
0.00158148270063418
0.00158054924909803
0.00158054924909803
0.00158054924909803
0.00158054924909803
0.00158054924909803
0.00158054924909803
0.00158054924909803
0.00158054924909803
0.00158053882752905
0.00158053882752905
0.00158053882752905
0.00158093376433135
0.00158017567698429
0.00158017567698429
0.00158017567698429
0.00158017567698429
0.00158017567698429
0.00158017567698429
0.00158017567698429
0.00158017567698429
0.00158017567698429
0.00157257704248065
0.00158017567698429
0.00158017567698429
0.00158017567698429
0.00158017567698429
0.00158017567698429
0.0015803899176393
0.00158120293736242
0.00158038568674724
0.00158041173978353
0.00158041173978353
0.00158038568674724
0.00158106182981216
0.00158106182981216
0.00157345539251153
0.00157345799745749
0.00157437678900079
0.00157438983605846
