0.00342388944248033
0.00342388944248033
0.00342481250808686
0.00342342748672673
0.0034238959570755
0.00342341512037431
0.00342341512037431
0.00342299247614381
0.00342301202439442
0.00342301202439442
0.00342301202439442
0.00342301202439442
0.00342294031468087
0.00342294031468087
0.00342294031468087
0.00342297944468765
0.00342297944468765
0.00342297944468765
0.00342297944468765
0.00342297944468765
0.00342370648173462
0.00342384973841267
0.00342384973841267
0.00342386604698117
0.00342383994500839
0.00342426554129136
0.00342334933789797
0.00342372271013997
0.00342334933789797
0.00342354036133305
0.00342332649633855
0.00342328739983474
0.00342339591722082
0.00342329390997053
0.0034237356310787
0.00342328739983474
0.00342328088969895
0.00342328088969895
0.00342327437956316
0.00342326461240893
0.00342326461240893
0.00342326461240893
0.00342326461240893
0.00342326461240893
0.00342326461240893
0.0034232548480408
0.0034232548480408
0.0034232548480408
0.0034232548480408
0.0034232548480408
0.0034232548480408
0.0034232548480408
0.00342328090196324
0.00342328090196324
0.00342328090196324
0.00342328090196324
0.003425182229721
0.00342329066633137
0.00342329066633137
0.00342329066633137
0.00342329066633137
0.00342329066633137
0.00342329066633137
0.00342329066633137
0.00342329066633137
0.00342326461240893
0.00342326461240893
0.00342326461240893
0.0034241026071364
0.00342241095869879
0.00342241095869879
0.00342241095869879
0.00342241095869879
0.00342241095869879
0.00342241095869879
0.00342241095869879
0.00342241095869879
0.00342241095869879
0.0034224239722876
0.00342241095869879
0.00342241095869879
0.00342241095869879
0.00342241095869879
0.00342241095869879
0.00342287842908629
0.00342467080903392
0.00338405498002981
0.00338413964302906
0.00338413964302906
0.00338405498002981
0.00338563323527895
0.00338563323527895
0.00340204416038551
0.00340205067275041
0.00340418174888089
0.0033878178109556
