0.000516188840768377
0.000516188840768377
0.000516324890425514
0.000516190469417169
0.000516190469417169
0.00051611580593598
0.00051611580593598
0.000516094673724455
0.000516096953609967
0.000516096953609967
0.000516096953609967
0.000516096953609967
0.00051609336812429
0.00051609336812429
0.00051609336812429
0.000516097930908977
0.000516097930908977
0.000516097930908977
0.000516097930908977
0.000516097930908977
0.000516184418429103
0.000516197442421678
0.000516201673118752
0.000516204443317042
0.000516200531263398
0.000516261871509701
0.000516126062245559
0.000516186403922948
0.000516126062245559
0.000523755408835683
0.000523729407943916
0.000523724848172705
0.000523738772992868
0.000523726475706653
0.000523792186808297
0.000523724848172705
0.000523723220638758
0.000523723220638758
0.000523722895131968
0.000523721755816391
0.000523721755816391
0.000523721755816391
0.000523721755816391
0.000523721755816391
0.000523721755816391
0.000523720616751518
0.000523720616751518
0.000523720616751518
0.000523720616751518
0.000523720616751518
0.000523720616751518
0.000523720616751518
0.00052372191944764
0.00051611547679071
0.00051611547679071
0.00051611547679071
0.000516385453067898
0.000516116615855583
0.000516116615855583
0.000516116615855583
0.000516116615855583
0.000516116615855583
0.000516116615855583
0.000516116615855583
0.000516116615855583
0.000516115313159461
0.000516115313159461
0.000516115313159461
0.000516229179223974
0.000516009176886702
0.000516009176886702
0.000516009176886702
0.000516009176886702
0.000516009176886702
0.000516009176886702
0.000516009176886702
0.000516009176886702
0.000516009176886702
0.000516012430283903
0.000516009176886702
0.000516009176886702
0.000516009176886702
0.000516009176886702
0.000516009176886702
0.00051608185017735
0.000516274512011384
0.00051608071125169
0.000516101877001503
0.000516101877001503
0.000523685852327057
0.000523849256798108
0.000523849256798108
0.000523849256798108
0.000523850884889335
0.000524079139444808
0.000524080770327016
