0.00714490273501258
0.00714490273501258
0.00714677919371343
0.00714491755571659
0.00714491755571659
0.00714388058571416
0.00714388058571416
0.00714301416504163
0.00714305309706035
0.00714305309706035
0.00714305309706035
0.00714305309706035
0.00714262697763496
0.00714262697763496
0.00714262697763496
0.00714270490650173
0.00714270490650173
0.00714270490650173
0.00714270490650173
0.00714270490650173
0.00696148465306468
0.00692365840423658
0.00692179389265726
0.006921825121256
0.00692177536830634
0.00692267678187473
0.00692075202579686
0.00692115331198082
0.00692035095537075
0.00692074207060673
0.00691268899312591
0.00691261503873396
0.00691282860125165
0.00691262578045801
0.00691357808461804
0.00691221829835293
0.00691220690561529
0.00691220690561529
0.00693692784425032
0.00693690936844494
0.00693692170173585
0.00693690936844494
0.00693692170173585
0.00693690936844494
0.00693690936844494
0.00693689089775199
0.00693690323104289
0.00693689089775199
0.00693689089775199
0.00693689089775199
0.00693690323104289
0.00693689089775199
0.00693694169420124
0.00693694169420124
0.00693694169420124
0.00693695402749214
0.00694095387204581
0.0069369724981851
0.00693696016489419
0.00693696016489419
0.00693696016489419
0.00693696016489419
0.00693696016489419
0.00693696016489419
0.00693696016489419
0.00693690936844494
0.00693690936844494
0.00693690936844494
0.00693862655114817
0.00715775678235265
0.00715775678235265
0.00715775678235265
0.00715775678235265
0.00715775678235265
0.0071573444526123
0.00715735727090705
0.00715735727090705
0.0071573444526123
0.00715737113046935
0.00715735727090705
0.0071573444526123
0.0071573444526123
0.0071573444526123
0.0071573444526123
0.00715836883638792
0.00716181352034817
0.00715834939052499
0.00715850080271886
0.00715850080271886
0.00715834939052499
0.00716121240744738
0.00716121240744738
0.00716121240744738
0.00716122445532246
0.00716532892423057
0.0071653957904011
