3.23273812919543e-05
3.23273812919543e-05
3.23351947923723e-05
3.23273812919543e-05
3.23273812919543e-05
3.42231348391513e-05
3.42231348391513e-05
3.42231348391513e-05
3.42231348391513e-05
3.42231348391513e-05
3.42231348391513e-05
3.23218495703095e-05
3.23218495703095e-05
3.23218495703095e-05
3.23218495703095e-05
3.23218495703095e-05
3.23218495703095e-05
3.23218495703095e-05
3.23218495703095e-05
3.42231348391513e-05
3.61322307113601e-05
3.42322472468791e-05
3.42322472468791e-05
3.42322472468791e-05
3.42322472468791e-05
3.42358286018689e-05
3.42270398065246e-05
3.42315962333001e-05
3.42270398065246e-05
3.42276907087049e-05
3.2325429142292e-05
3.2325429142292e-05
3.42270398065246e-05
3.2325429142292e-05
2.28209556161374e-05
1.9016106642326e-06
1.9016106642326e-06
1.9016106642326e-06
1.9016106642326e-06
3.2325429142292e-05
3.2325429142292e-05
3.2325429142292e-05
3.2325429142292e-05
3.2325429142292e-05
3.2325429142292e-05
3.2325429142292e-05
3.2325429142292e-05
3.2325429142292e-05
6.33870221410868e-06
3.04238184780594e-05
3.04238184780594e-05
3.2325429142292e-05
3.2325429142292e-05
3.42270398065246e-05
3.42270398065246e-05
3.42270398065246e-05
3.42452748770641e-05
3.42270398065246e-05
3.42270398065246e-05
3.42270398065246e-05
3.42270398065246e-05
3.42270398065246e-05
3.42270398065246e-05
3.42270398065246e-05
3.42270398065246e-05
3.42270398065246e-05
3.42270398065246e-05
3.42270398065246e-05
3.42345263517992e-05
3.42166293807316e-05
3.42166293807316e-05
3.42166293807316e-05
3.42166293807316e-05
3.42166293807316e-05
3.42166293807316e-05
3.42166293807316e-05
3.42166293807316e-05
3.42166293807316e-05
3.23156693959392e-05
3.42166293807316e-05
3.42166293807316e-05
3.42166293807316e-05
3.42166293807316e-05
3.42166293807316e-05
3.42224842710524e-05
3.42371348655517e-05
3.42224842710524e-05
3.42224842710524e-05
3.42224842710524e-05
3.42224842710524e-05
3.42353957693484e-05
3.61379832883743e-05
3.61379832883743e-05
3.61379832883743e-05
3.61565605283103e-05
3.42536471679556e-05
