0.000635150703626799
0.000635150703626799
0.000635314354889331
0.000635152006545832
0.000635152006545832
0.000635063709624356
0.000635063709624356
0.000635063709624356
0.000635065012097337
0.000635065012097337
0.000635065012097337
0.000635065012097337
0.000635032572412443
0.000635032572412443
0.000635032572412443
0.000635033875331477
0.000635033875331477
0.000635033875331477
0.000635033875331477
0.000635033875331477
0.000635157118386134
0.000635179230696356
0.000635181834305078
0.000635183136778059
0.000635181834305078
0.000635262354642164
0.000635092224783314
0.000635122453378405
0.000635051089354994
0.000635086027424779
0.000635051739866864
0.000635049134920844
0.000635066602545114
0.000635050436948002
0.000635132216519226
0.000635008443599713
0.000635007141572555
0.000635007141572555
0.000635005839545397
0.00063500388611455
0.000635005151067464
0.00063500388611455
0.000635005151067464
0.00063500388611455
0.00063500388611455
0.000635001933240926
0.000635003198193839
0.000635001933240926
0.000635001933240926
0.000635001933240926
0.000635003198193839
0.000635001933240926
0.000635004537741065
0.000635004537741065
0.000635004537741065
0.000635005802693978
0.000635351957630088
0.000635007755567603
0.00063500649061469
0.00063500649061469
0.00063500649061469
0.00063500649061469
0.00063500649061469
0.00063500649061469
0.00063500649061469
0.00063500388611455
0.00063500388611455
0.00063500388611455
0.000635154497495681
0.000634856688697255
0.000634856688697255
0.000634856688697255
0.000634856688697255
0.000634856688697255
0.000634816461405514
0.000634817711970856
0.000634817711970856
0.000634816461405514
0.000634819064123276
0.000634817711970856
0.000634816461405514
0.000634816461405514
0.000634816461405514
0.000634816461405514
0.000634903371603233
0.000635209009826392
0.000634901418840979
0.000634907928531403
0.000634907928531403
0.000634901418840979
0.000635150938898559
0.000635150938898559
0.000642762592339978
0.000642763894812959
0.000643119192780413
0.000643125716309245
