0.000684617004247475
0.000684617004247475
0.000684821040212173
0.000684618307166508
0.000684618307166508
0.000160988754879679
0.000160988754879679
0.000160988754879679
0.000160988754879679
0.000160988754879679
0.000160988754879679
0.000160988754879679
0.000160988754879679
0.000160988754879679
0.000160988754879679
0.000160988754879679
0.000160988754879679
0.000160988754879679
0.000160988754879679
0.000160988754879679
0.000160993889106236
0.0001609951906878
0.0001609951906878
0.0001609951906878
0.0001609951906878
0.000161002964316097
0.000160987419486428
0.0001609951906878
0.000160987419486428
0.000168594476928645
0.000168593862143358
0.000168593862143358
0.00016859545258591
0.000168593862143358
0.00016860163334473
0.000168593862143358
0.000168593862143358
0.000168593862143358
0.000168593862143358
0.000168593862143358
0.000168593862143358
0.000168593862143358
0.000168593862143358
0.000168593862143358
0.000168593862143358
0.000168593862143358
0.000168593862143358
0.000168593862143358
0.000168593862143358
0.000168593862143358
0.000168593862143358
0.000168593862143358
0.000160987419486428
0.000153380976829497
0.000153380976829497
0.000153380976829497
0.000153402960227906
0.000153380976829497
0.000153380976829497
0.000153380976829497
0.000153380976829497
0.000153380976829497
0.000153380976829497
0.000153380976829497
0.000153380976829497
0.000153380976829497
0.000153380976829497
0.000153380976829497
0.000153396521659166
0.00015337193937174
0.00015337193937174
0.00015337193937174
0.00015337193937174
0.00015337193937174
0.00015337193937174
0.00015337193937174
0.00015337193937174
0.00015337193937174
0.00015337193937174
0.00015337193937174
0.00015337193937174
0.00015337193937174
0.00015337193937174
0.00015337193937174
0.000153383613804312
0.000153390592919166
0.000153383613804312
0.000153386216967439
0.000153386216967439
0.000153383613804312
0.000153389652277267
0.000153389652277267
0.000153389652277267
0.000153389652277267
0.0001533927281441
0.0001533927281441
