0.000777454766836752
0.000777454766836752
0.000777644853619067
0.000777455744026028
0.000777455744026028
0.000777347730389827
0.000777347730389827
0.000777326598178302
0.000777330834004465
0.000777330834004465
0.000777330834004465
0.000777330834004465
0.000777327248518787
0.000777327248518787
0.000777327248518787
0.000777335727878306
0.000777335727878306
0.000777335727878306
0.000777335727878306
0.000777335727878306
0.000777503594613008
0.000777534200310125
0.000777534851212305
0.000777538602205991
0.000777532728953805
0.000777619799458152
0.000777425693049419
0.000777514361677301
0.000777425693049419
0.000777480664248618
0.000777423889660971
0.000811644409964216
0.000811670287733467
0.000811644735471005
0.000811741701154257
0.000811644409964216
0.000811644084457426
0.000811644084457426
0.000811639527362373
0.000811637411052747
0.000809735800388515
0.000809735800388515
0.000809735800388515
0.000775506808432328
0.000775506808432328
0.00077550469276353
0.00077550469276353
0.00077550469276353
0.00077550469276353
0.00077550469276353
0.00077550469276353
0.00077550469276353
0.000775505995459652
0.000775505995459652
0.000777407606123885
0.000777407606123885
0.000777823518950828
0.000777409721792682
0.000777409721792682
0.000777409721792682
0.000777409721792682
0.000777409721792682
0.000777409721792682
0.000777409721792682
0.000777409721792682
0.00077740841909656
0.00077740841909656
0.00077740841909656
0.000777588381378966
0.000777205964016283
0.000777205964016283
0.000777205964016283
0.000777205964016283
0.000777205964016283
0.000777205964016283
0.000777205964016283
0.000777205964016283
0.000777205964016283
0.000777209217413485
0.000777205964016283
0.000777205964016283
0.000777205964016283
0.000777205964016283
0.000777205964016283
0.000777312951947137
0.000777717332167444
0.000777310836361867
0.000777316046032256
0.000777316046032256
0.000777310836361867
0.000777653407769363
0.000777653407769363
0.000777653407769363
0.000777653733387609
0.000778093832370332
0.000778116664721245
