0.000959414514266484
0.000959414514266484
0.000959666416664071
0.00095941549145576
0.00095941549145576
0.000959284392283633
0.000959284392283633
0.000959284392283633
0.000959287324521225
0.000959287324521225
0.000959287324521225
0.000959287324521225
0.000959230555072661
0.000959230555072661
0.000959230555072661
0.000959236424573677
0.000959236424573677
0.000959236424573677
0.000959236424573677
0.000959236424573677
0.000959419887342427
0.000959450455927033
0.000959452082903988
0.000959455831662245
0.000959450613893345
0.000959567435787658
0.000959317711480458
0.000962212865656919
0.000959245724480898
0.000961198878740838
0.000959241321726616
0.000959235457251045
0.000959268794004819
0.000959237735798572
0.000959362469603012
0.000959164247439065
0.000959161968891539
0.000959161968891539
0.000959161968891539
0.000959160503818404
0.000959162717486003
0.000959160503818404
0.000959162717486003
0.000959160503818404
0.000959160503818404
0.000959159039163185
0.000959161252830784
0.000959159039163185
0.000959159039163185
0.000959159039163185
0.000959161252830784
0.000959159039163185
0.000959159039163185
0.000959159039163185
0.000959159039163185
0.000959161252830784
0.000959674239781428
0.000959162717486003
0.000959160503818404
0.000959160503818404
0.000959160503818404
0.000959160503818404
0.000959160503818404
0.000959160503818404
0.000959160503818404
0.000959160503818404
0.000959160503818404
0.000959160503818404
0.000959381766443443
0.000958944212887254
0.000958944212887254
0.000958944212887254
0.000958944212887254
0.000958944212887254
0.000958873815126708
0.000958876003616055
0.000958876003616055
0.000958873815126708
0.000958878369882789
0.000958876003616055
0.000958873815126708
0.000958873815126708
0.000958873815126708
0.000958873815126708
0.000959003798016301
0.000959451108499311
0.000959002333444609
0.000898165110923377
0.000898165110923377
0.000922877913336616
0.000941270986149767
0.00094888133622587
0.00094888133622587
0.000948883615553587
0.000949396736591098
0.000949396736591098
