0.020685041095257
0.020685041095257
0.0219062419974554
0.0218722984053269
0.0206091710568166
0.0206091710568166
0.0206091710568166
0.0206091710568166
0.0206091710568166
0.0206091710568166
0.0206091710568166
0.0205927096187584
0.0205927096187584
0.0205927096187584
0.0204127407130801
0.0204127407130801
0.0204127407130801
0.0204127407130801
0.0204127407130801
0.0204127407130801
0.0204122921078219
0.0204122921078219
0.0200756057758726
0.020108561648294
0.0200962543531755
0.0200955670862852
0.0200955670862852
0.0200955670862852
0.0200955670862852
0.0199736895840397
0.0199736895840397
0.0199736895840397
0.0199736895840397
0.0199736895840397
0.0197701355653815
0.0197526538758151
0.0197337096604446
0.0197337096604446
0.0197337096604446
0.0197337096604446
0.0197266412687826
0.0197266412687826
0.0197264945000536
0.0203434519743171
0.0203434519743171
0.0213564181737098
0.0213564181737098
0.0207019513586552
0.0207019513586552
0.0246887473477731
0.0223753761633751
0.0223753761633751
0.0219131070508972
0.0218909753228519
0.0211011036216803
0.0211011036216803
0.0210981355912226
0.0210981355912226
0.0210981355912226
0.0210981355912226
0.0210981355912226
0.0210981355912226
0.0210981355912226
0.0210981355912226
0.0210981355912226
0.0210981355912226
0.0210981355912226
0.0210981355912226
0.0210981355912226
0.0210981355912226
0.0210981355912226
0.0210981355912226
0.0210981355912226
0.0208976569371384
0.0208976569371384
0.0208976569371384
0.0208976569371384
0.0208976569371384
0.0208976569371384
0.0208976569371384
0.0208976569371384
0.0208686421356253
0.0207938965737372
0.0207938965737372
0.0207938965737372
0.0207938965737372
0.0207938965737372
0.0207124343593153
0.0207124343593153
0.0206915907587768
0.0206396112461564
0.0206396112461564
0.0204505581692353
0.0203154378568573
0.0202469653208807
0.020248844364752