0.264535869776216
0.264446113695552
0.264636105447524
0.26552031730275
0.266237968287833
0.266199647661832
0.266196475073
0.266196475073
0.266196475073
0.266196475073
0.266196475073
0.266832222587843
0.266832222587843
0.266841167629662
0.27024584628986
0.27024584628986
0.27024584628986
0.270244817349059
0.270244817349059
0.270244817349059
0.27102319466649
0.27102319466649
0.278047274223611
0.276696311822384
0.276483066658891
0.276534374102467
0.276534374102467
0.276534374102467
0.276499132610886
0.278705169048011
0.278705169048011
0.278705169048011
0.278705169048011
0.278701102518698
0.284581828702801
0.284999093038976
0.286183450153794
0.286194114653101
0.286190946375983
0.286162096202499
0.286328639154463
0.286328639154463
0.286327868894516
0.247882859269128
0.247882859269128
0.243658489845275
0.243482119262862
0.243410775937302
0.243318970037925
0.247322513774908
0.249756873051793
0.249756873051793
0.249577513728733
0.249577513728733
0.250075534273834
0.250009490180696
0.249998653870532
0.249998653870532
0.249998653870532
0.249998653870532
0.249976408379924
0.249976408379924
0.249976408379924
0.249976408379924
0.249976408379924
0.249976408379924
0.249976408379924
0.249976408379924
0.249976408379924
0.249976408379924
0.249976408379924
0.249976408379924
0.249976408379924
0.253423009937278
0.253448439545384
0.253448439545384
0.253448439545384
0.253448439545384
0.253439104013484
0.253439104013484
0.253439104013484
0.25394059900147
0.255727643947968
0.255727643947968
0.255727643947968
0.255718308416068
0.255718308416068
0.256937517605563
0.256937517605563
0.257598432497353
0.258753586234114
0.258753586234114
0.261770346708564
0.263759228817689
0.265006052226834
0.265030108697174
