0.147164535244621
0.147179789911994
0.147231133466374
0.147098382535744
0.146789245118276
0.146892279429462
0.146812634920401
0.146812634920401
0.146812634920401
0.146812634920401
0.146812634920401
0.146358797460815
0.146358797460815
0.146358797460815
0.144359041817527
0.144359041817527
0.144359041817527
0.144369430702067
0.144369430702067
0.144369430702067
0.144663567504906
0.144663567504906
0.145519032666286
0.145816912309828
0.145933019955538
0.145941347779471
0.145941347779471
0.145941347779471
0.145941347779471
0.145637377695175
0.145637377695175
0.145637377695175
0.145637377695175
0.145637377695175
0.144371577712066
0.14520016559446
0.145100934147981
0.145102614653264
0.145102614653264
0.145102614653264
0.145423682106381
0.145423682106381
0.145500571438384
0.154009476039112
0.154009476039112
0.149000047441937
0.148941836820337
0.148941836820337
0.148892212503253
0.146817288456794
0.130075981449383
0.130075981449383
0.132225144585158
0.131922302783168
0.137236267200547
0.137238143615082
0.13712409672713
0.13712409672713
0.13712409672713
0.13712409672713
0.137123334026242
0.137123334026242
0.137123334026242
0.137123334026242
0.137123334026242
0.137123334026242
0.137123334026242
0.137123334026242
0.137123334026242
0.137123334026242
0.137123334026242
0.137123334026242
0.137123334026242
0.135314808187789
0.135305373194937
0.135305373194937
0.135305373194937
0.135305373194937
0.135309094318318
0.135309094318318
0.135309094318318
0.134986035141327
0.134295636252312
0.134295636252312
0.134295636252312
0.134299357375693
0.134293122339779
0.133755090194387
0.133755090194387
0.133336246287381
0.132692500757473
0.132692500757473
0.13109677953991
0.129918751500936
0.129330991919153
0.129302757319504