0.0131960438615462
0.0132002516480672
0.0131393170100629
0.0130939594932589
0.0130604916183597
0.0130548102790373
0.013059514216047
0.013059514216047
0.013059514216047
0.013059514216047
0.013059514216047
0.0130076245030962
0.0130076245030962
0.0130071378305272
0.0128347914534532
0.0128347914534532
0.0128347914534532
0.0128343267503072
0.0128343267503072
0.0128343267503072
0.0126764843972859
0.0126764843972859
0.0122474802856134
0.0123168205680227
0.0122967408461796
0.0123054769410586
0.0123054769410586
0.012305568993333
0.0123055976371896
0.0121665030210702
0.0121665030210702
0.0121665030210702
0.0121665030210702
0.012166168072042
0.0120730979811754
0.0120377989726089
0.0120086278676559
0.0120086406471638
0.0120118790905554
0.0120134619515367
0.01200115653152
0.01200115653152
0.0119988670974208
0.0119896138459577
0.0119896138459577
0.0119903413980265
0.011958860202864
0.0119505548099001
0.0119314140018819
0.0118765300680437
0.0117677245546907
0.0117677245546907
0.0116549247946642
0.0116756617559325
0.0115126776628802
0.0114923873815452
0.0115050749131391
0.0115062683242115
0.011506922200557
0.011506922200557
0.0115034980462864
0.0115034980462864
0.0115034980462864
0.0115034980462864
0.0115034980462864
0.0115034980462864
0.0115034980462864
0.0115034980462864
0.0115034980462864
0.0115034980462864
0.0115034980462864
0.0115034980462864
0.0115034980462864
0.011328496774458
0.0113278225175994
0.0113267168839198
0.0113278225175994
0.0113276081967304
0.0113276152088976
0.0113276152088976
0.0113276152088976
0.0112921542583754
0.0112358619154325
0.0112358619154325
0.0112356515792677
0.0112356585914348
0.0112356585914348
0.011184114742477
0.011184114742477
0.0111523809746972
0.0111077226152866
0.0111075199222419
0.0109397019132685
0.0108439272488279
0.0107836381565961
0.0107830285096656
