0.187455358899868
0.187460997965782
0.187001482238874
0.186692671451421
0.186244821447363
0.18625323837753
0.18625323837753
0.18625323837753
0.18625323837753
0.18625323837753
0.18625323837753
0.18555554974242
0.18555554974242
0.18555554974242
0.182892062440155
0.182892062440155
0.182892062440155
0.182890247972591
0.182890247972591
0.182890247972591
0.182504233140524
0.182504233140524
0.177506419472088
0.177893164453468
0.177623382265083
0.177617969428171
0.17680635967528
0.17680635967528
0.176816127230383
0.174662986195379
0.174662986195379
0.174662986195379
0.174662986195379
0.174662986195379
0.172772297790876
0.172448248722863
0.172030073191709
0.172034974132973
0.172034974132973
0.172047874550048
0.171922921706644
0.171922921706644
0.171913783884964
0.17071666617243
0.17071666617243
0.170722550033691
0.170687925633295
0.170685259772471
0.170685259772471
0.169771698729284
0.168829912598198
0.168829912598198
0.168698133478217
0.168698133478217
0.165242769090484
0.16522941952157
0.165356117756037
0.165356117756037
0.165356117756037
0.165356117756037
0.165356117756037
0.165356117756037
0.165356117756037
0.165356117756037
0.165356117756037
0.165356117756037
0.165356117756037
0.165356117756037
0.165356117756037
0.165356117756037
0.165356117756037
0.165356117756037
0.165356117756037
0.162895205851131
0.162890978967416
0.162890978967416
0.162890978967416
0.162890978967416
0.162893370116423
0.162893370116423
0.162893370116423
0.162389093513777
0.161168407983018
0.161168407983018
0.161168407983018
0.161170799132025
0.161170799132025
0.160448543000876
0.160448543000876
0.160034112143667
0.159358688785372
0.159358688785372
0.157492121736323
0.156219496157732
0.155504316929394
0.155502712182602
