0.0672270845965255
0.0672270845965255
0.0672270845965255
0.0672270845965255
0.0672270845965255
0.0672270845965255
0.0672270845965255
0.0672270845965255
0.0672270845965255
0.0672270845965255
0.0672270845965255
0.0672264632276189
0.0672264632276189
0.0672264632276189
0.0672264632276189
0.0672264632276189
0.0672264632276189
0.0672264632276189
0.0672264632276189
0.0672264632276189
0.0672264632276189
0.0672264632276189
0.0672264632276189
0.0672264632276189
0.0672264632276189
0.0672264632276189
0.0672264632276189
0.0672264632276189
0.0672264632276189
0.0672264632276189
0.0672264632276189
0.0672264632276189
0.0672264632276189
0.0672264632276189
0.0672264632276189
0.0672264632276189
0.0672264632276189
0.0672264632276189
0.0672264632276189
0.0672264632276189
0.0672264632276189
0.0672264632276189
0.0672264632276189
0.0672264632276189
0.0672264632276189
0.0672264632276189
0.0672264632276189
0.0672264632276189
0.0672264632276189
0.0672264632276189
0.0672264632276189
0.0672264632276189
0.0672264632276189
0.0672264632276189
0.0672264632276189
0.0672264632276189
0.0672264632276189
0.0672264632276189
0.0672264632276189
0.0672264632276189
0.0672264632276189
0.0672264632276189
0.0672264632276189
0.0672264632276189
0.0672264632276189
0.0672264632276189
0.0672264632276189
0.0672264632276189
0.0672264632276189
0.0672264632276189
0.0672264632276189
0.0672264632276189
0.0672264632276189
0.0672264632276189
0.0672264632276189
0.0672264632276189
0.0672264632276189
0.0672264632276189
0.0672264632276189
0.0672264632276189
0.0672264632276189
0.0672264632276189
0.0672264632276189
0.0672264632276189
0.0672264632276189
0.0672264632276189
0.0672264632276189
0.0672264632276189
0.0672264632276189
0.0672264632276189
0.0672264632276189
0.0672264632276189
0.0672264632276189
0.0672264632276189
0.0672264632276189
0.0672264632276189
