0.000869954920517755
0.000869954920517755
0.000869954920517755
0.000869954920517755
0.000869954920517755
0.000869954920517755
0.000869954920517755
0.000869954920517755
0.000869954920517755
0.000869954920517755
0.000869954920517755
0.000870115488055687
0.000870115488055687
0.000870115488055687
0.000870115488055687
0.000870115488055687
0.000870115488055687
0.000870115488055687
0.000870115488055687
0.000870115488055687
0.000870115488055687
0.000870115488055687
0.000870115488055687
0.000870115488055687
0.000870115488055687
0.000870115488055687
0.000870115488055687
0.000870115488055687
0.000870115488055687
0.000870115488055687
0.000870115488055687
0.000870115488055687
0.000870115488055687
0.000870115488055687
0.000870115488055687
0.000870115488055687
0.000870115488055687
0.000870115488055687
0.000870115488055687
0.000870115488055687
0.000870115488055687
0.000870115488055687
0.000870115488055687
0.000870115488055687
0.000870115488055687
0.000870115488055687
0.000870115488055687
0.000870115488055687
0.000870115488055687
0.000870115488055687
0.000870115488055687
0.000870115488055687
0.000870115488055687
0.000870115488055687
0.000870115488055687
0.000870115488055687
0.000870115488055687
0.000870115488055687
0.000870115488055687
0.000870115488055687
0.000870115488055687
0.000870115488055687
0.000870115488055687
0.000870115488055687
0.000870115488055687
0.000870115488055687
0.000870115488055687
0.000870115488055687
0.000870115488055687
0.000870115488055687
0.000870115488055687
0.000870115488055687
0.000870115488055687
0.000870115488055687
0.000870115488055687
0.000870115488055687
0.000870115488055687
0.000870115488055687
0.000870115488055687
0.000870115488055687
0.000870115488055687
0.000870115488055687
0.000870115488055687
0.000870115488055687
0.000870115488055687
0.000870115488055687
0.000870115488055687
0.000870115488055687
0.000870115488055687
0.000870115488055687
0.000870115488055687
0.000870115488055687
0.000870115488055687
0.000870115488055687
0.000870115488055687
0.000870115488055687
