0.772885827997052
0.772885827997052
0.772885827997052
0.772885827997052
0.772885827997052
0.772885827997052
0.772885827997052
0.772885827997052
0.772885827997052
0.772885827997052
0.772885827997052
0.772885111619259
0.772885111619259
0.772885111619259
0.772885111619259
0.772885111619259
0.772885111619259
0.772885111619259
0.772885111619259
0.772885111619259
0.772885111619259
0.772885111619259
0.772885111619259
0.772885111619259
0.772885111619259
0.772885111619259
0.772885111619259
0.772885111619259
0.772885111619259
0.772885111619259
0.772885111619259
0.772885111619259
0.772885111619259
0.772885111619259
0.772885111619259
0.772885111619259
0.772885111619259
0.772885111619259
0.772885111619259
0.772885111619259
0.772885111619259
0.772885111619259
0.772885111619259
0.772885111619259
0.772885111619259
0.772885111619259
0.772885111619259
0.772885111619259
0.772885111619259
0.772885111619259
0.772885111619259
0.772885111619259
0.772885111619259
0.772885111619259
0.772885111619259
0.772885111619259
0.772885111619259
0.772885111619259
0.772885111619259
0.772885111619259
0.772885111619259
0.772885111619259
0.772885111619259
0.772885111619259
0.772885111619259
0.772885111619259
0.772885111619259
0.772885111619259
0.772885111619259
0.772885111619259
0.772885111619259
0.772885111619259
0.772885111619259
0.772885111619259
0.772885111619259
0.772885111619259
0.772885111619259
0.772885111619259
0.772885111619259
0.772885111619259
0.772885111619259
0.772885111619259
0.772885111619259
0.772885111619259
0.772885111619259
0.772885111619259
0.772885111619259
0.772885111619259
0.772885111619259
0.772885111619259
0.772885111619259
0.772885111619259
0.772885111619259
0.772885111619259
0.772885111619259
0.772885111619259
