0.000132340777502068
0.000132340777502068
0.000132340777502068
0.000132340777502068
0.000132340777502068
0.000132340777502068
0.000132340777502068
0.000132340777502068
0.000132340777502068
0.000132340777502068
0.000132340777502068
0.000132340777502068
0.000132340777502068
0.000132340777502068
0.000132340777502068
0.000132340777502068
0.000132340777502068
0.000132340777502068
0.000132340777502068
0.000132340777502068
0.000132340777502068
0.000132435713497406
0.000132435713497406
0.000132435713497406
0.000132435713497406
0.000132435713497406
0.000132435713497406
0.000132435713497406
0.000132435713497406
0.000132435713497406
0.000132435713497406
0.000132435713497406
0.000132435713497406
0.000132435713497406
0.000132435713497406
0.000132435713497406
0.000132435713497406
0.000132530785797117
0.000132435713497406
0.000132435713497406
0.000132435713497406
0.000132435713497406
0.000132435713497406
0.000132435713497406
0.000132435713497406
0.000132435713497406
0.000132435713497406
0.000132435713497406
0.000132435713497406
0.000132435713497406
0.000132435713497406
0.000132435713497406
0.000132435713497406
0.000132435713497406
0.000132435713497406
0.000132435713497406
0.000132435713497406
0.000132435713497406
0.000132435713497406
0.000132435713497406
0.000132435713497406
0.000132340777502068
0.000132340777502068
0.000132340777502068
0.000132340777502068
0.000132340777502068
0.000132340777502068
0.000132340777502068
0.000132340777502068
0.000132340777502068
0.000132340777502068
0.000132340777502068
0.000132340777502068
0.000132340777502068
0.000132340777502068
0.000132340777502068
0.000132340777502068
0.000132340777502068
0.000132340777502068
0.000132340777502068
0.000132340777502068
0.000132340777502068
0.000132340777502068
0.000132340777502068
0.000132340777502068
0.000132340777502068
0.000132340777502068
0.000132340777502068
0.000132340777502068
0.000132340777502068
0.000132340777502068
0.000132340777502068
0.000132340777502068
0.000132340777502068
0.000132340777502068
0.000132340777502068