8.82271850013785e-05
8.82271850013785e-05
8.82271850013785e-05
8.82271850013785e-05
8.82271850013785e-05
8.82271850013785e-05
8.82271850013785e-05
8.82271850013785e-05
8.82271850013785e-05
8.82271850013785e-05
8.82271850013785e-05
8.82271850013785e-05
8.82271850013785e-05
8.82271850013785e-05
8.82271850013785e-05
8.82271850013785e-05
8.82271850013785e-05
8.82271850013785e-05
8.82271850013785e-05
8.82271850013785e-05
8.82271850013785e-05
8.82904756649377e-05
8.82904756649377e-05
8.82904756649377e-05
8.82904756649377e-05
8.82904756649377e-05
8.82904756649377e-05
8.82904756649377e-05
8.82904756649377e-05
8.82904756649377e-05
8.82904756649377e-05
8.82904756649377e-05
8.82904756649377e-05
8.82904756649377e-05
8.82904756649377e-05
8.82904756649377e-05
8.82904756649377e-05
8.83538571980783e-05
8.82904756649377e-05
8.82904756649377e-05
8.82904756649377e-05
8.82904756649377e-05
8.82904756649377e-05
8.82904756649377e-05
8.82904756649377e-05
8.82904756649377e-05
8.82904756649377e-05
8.82904756649377e-05
8.82904756649377e-05
8.82904756649377e-05
8.82904756649377e-05
8.82904756649377e-05
8.82904756649377e-05
8.82904756649377e-05
8.82904756649377e-05
8.82904756649377e-05
8.82904756649377e-05
8.82904756649377e-05
8.82904756649377e-05
8.82904756649377e-05
8.82904756649377e-05
8.82271850013785e-05
8.82271850013785e-05
8.82271850013785e-05
8.82271850013785e-05
8.82271850013785e-05
8.82271850013785e-05
8.82271850013785e-05
8.82271850013785e-05
8.82271850013785e-05
8.82271850013785e-05
8.82271850013785e-05
8.82271850013785e-05
8.82271850013785e-05
8.82271850013785e-05
8.82271850013785e-05
8.82271850013785e-05
8.82271850013785e-05
8.82271850013785e-05
8.82271850013785e-05
8.82271850013785e-05
8.82271850013785e-05
8.82271850013785e-05
8.82271850013785e-05
8.82271850013785e-05
8.82271850013785e-05
8.82271850013785e-05
8.82271850013785e-05
8.82271850013785e-05
8.82271850013785e-05
8.82271850013785e-05
8.82271850013785e-05
8.82271850013785e-05
8.82271850013785e-05
8.82271850013785e-05
8.82271850013785e-05
