0.003827559429958
0.003827559429958
0.003827559429958
0.003827559429958
0.003827559429958
0.003827559429958
0.003827559429958
0.003827559429958
0.003827559429958
0.003827559429958
0.003827559429958
0.003827559429958
0.003827559429958
0.003827559429958
0.003827559429958
0.003827559429958
0.003827559429958
0.003827559429958
0.003827559429958
0.003827559429958
0.003827559429958
0.00383030534535421
0.0038302499660236
0.00383030534535421
0.00383030534535421
0.00383030534535421
0.00383030534535421
0.00383030534535421
0.00383030534535421
0.00383030534535421
0.00383030534535421
0.00383030534535421
0.00383030534535421
0.00383030534535421
0.00383030534535421
0.00383030534535421
0.00383108539784228
0.00383305520345386
0.00383046379918706
0.00383030534535421
0.00383030534535421
0.00383030534535421
0.00383030534535421
0.00383030534535421
0.00383030534535421
0.00383030534535421
0.00383030534535421
0.00383030534535421
0.00383030534535421
0.00383030534535421
0.00383030534535421
0.00383030534535421
0.00383030534535421
0.00383030534535421
0.00383030534535421
0.00383030534535421
0.00383030534535421
0.00383030534535421
0.00383030534535421
0.00383030534535421
0.00383030534535421
0.003827559429958
0.003827559429958
0.003827559429958
0.003827559429958
0.003827559429958
0.003827559429958
0.003827559429958
0.003827559429958
0.003827559429958
0.003827559429958
0.003827559429958
0.003827559429958
0.003827559429958
0.003827559429958
0.003827559429958
0.003827559429958
0.003827559429958
0.003827559429958
0.003827559429958
0.003827559429958
0.003827559429958
0.003827559429958
0.003827559429958
0.003827559429958
0.003827559429958
0.003827559429958
0.003827559429958
0.003827559429958
0.003827559429958
0.003827559429958
0.003827559429958
0.003827559429958
0.003827559429958
0.003827559429958
0.003827559429958
