0.00143372340160418
0.00143372340160418
0.00143372340160418
0.00143372340160418
0.00143372340160418
0.00143372340160418
0.00143372340160418
0.00143372340160418
0.00143372340160418
0.00143372340160418
0.00143372340160418
0.00143372340160418
0.00143372340160418
0.00143372340160418
0.00143372340160418
0.00143372340160418
0.00143372340160418
0.00143372340160418
0.00143372340160418
0.00143372340160418
0.00143372340160418
0.000717360114777618
0.000717360114777618
0.000717360114777618
0.000717360114777618
0.000717360114777618
0.000717360114777618
0.000717360114777618
0.000717360114777618
0.000717360114777618
0.000717360114777618
0.000717360114777618
0.000717360114777618
0.000717360114777618
0.000717360114777618
0.000717360114777618
0.000717572704318711
0.000717875089734386
0.000717375960160903
0.000717360114777618
0.000717360114777618
0.000717360114777618
0.000717360114777618
0.000717360114777618
0.000717360114777618
0.000717360114777618
0.000717360114777618
0.000717360114777618
0.000717360114777618
0.000717360114777618
0.000717360114777618
0.000717360114777618
0.000717360114777618
0.000717360114777618
0.000717360114777618
0.000717360114777618
0.000717360114777618
0.000717360114777618
0.000717360114777618
0.000717360114777618
0.000717360114777618
0.0014336917562724
0.0014336917562724
0.0014336917562724
0.0014336917562724
0.0014336917562724
0.0014336917562724
0.0014336917562724
0.0014336917562724
0.0014336917562724
0.0014336917562724
0.0014336917562724
0.0014336917562724
0.0014336917562724
0.0014336917562724
0.0014336917562724
0.0014336917562724
0.0014336917562724
0.0014336917562724
0.0014336917562724
0.0014336917562724
0.0014336917562724
0.0014336917562724
0.0014336917562724
0.0014336917562724
0.0014336917562724
0.0014336917562724
0.0014336917562724
0.0014336917562724
0.0014336917562724
0.0014336917562724
0.0014336917562724
0.0014336917562724
0.0014336917562724
0.0014336917562724
0.0014336917562724