0.0144567611269917
0.0144567611269917
0.0144567611269917
0.0144567611269917
0.0144567611269917
0.0144567611269917
0.0144567611269917
0.0144567611269917
0.0144567611269917
0.0144567611269917
0.0144567611269917
0.0144567611269917
0.0144567611269917
0.0144567611269917
0.0144567611269917
0.0144567611269917
0.0144567611269917
0.0144567611269917
0.0144567611269917
0.0144567611269917
0.0144567611269917
0.0144571016823114
0.0144570621256467
0.0144571016823114
0.0144571016823114
0.0144571016823114
0.0144571016823114
0.0144791743012277
0.0144957287654148
0.0144957287654148
0.0144957287654148
0.0144957287654148
0.0144736561464986
0.0144736561464986
0.0144736561464986
0.0144736561464986
0.0142416345868204
0.0136728479071037
0.0144415533999628
0.0144846924559567
0.0144846924559567
0.0144846924559567
0.0144846924559567
0.0144846924559567
0.0144846924559567
0.0144736561464986
0.0144736561464986
0.0144736561464986
0.0144736561464986
0.0169061356249159
0.0169061356249159
0.0184261148613895
0.0184150785519314
0.0157860380828615
0.0159660446093269
0.0154039455435542
0.0145343558485182
0.0145343558485182
0.0144571016823114
0.0144571016823114
0.0144571016823114
0.0145339599138679
0.0145339599138679
0.0145339599138679
0.0145560167101182
0.0145008747194924
0.0145670451082434
0.0145670451082434
0.0145670451082434
0.0145449883119931
0.0145670451082434
0.0145119031176176
0.0145119031176176
0.0145119031176176
0.0145119031176176
0.0145119031176176
0.0145119031176176
0.0145119031176176
0.0145119031176176
0.0144898463213672
0.0144898463213672
0.0144898463213672
0.0144898463213672
0.0144898463213672
0.0144898463213672
0.0144898463213672
0.0144898463213672
0.0144898463213672
0.0144898463213672
0.0144898463213672
0.0144898463213672
0.0144898463213672
0.0144898463213672
0.0144898463213672
0.0144898463213672
0.0144898463213672