0.0160904425399278
0.0160904425399278
0.0160904425399278
0.0160904425399278
0.0160904425399278
0.0160904425399278
0.0160904425399278
0.0160904425399278
0.0160904425399278
0.0160904425399278
0.0160904425399278
0.0160904425399278
0.0160904425399278
0.0160904425399278
0.0160904425399278
0.0160904425399278
0.0160904425399278
0.0160904425399278
0.0160904425399278
0.0160904425399278
0.0160904425399278
0.0160924306885899
0.0160923278412617
0.0160924306885899
0.0160924306885899
0.0160924306885899
0.0160924306885899
0.0159931039034669
0.0159931039034669
0.0159931039034669
0.0159931039034669
0.0159931039034669
0.0160924306885899
0.0160924306885899
0.0160924306885899
0.0160924306885899
0.0162835024452176
0.0161054762981281
0.0161265180693821
0.0161476122358805
0.0161476122358805
0.0161476122358805
0.0161476122358805
0.0161255396169643
0.0161255396169643
0.0161034669980481
0.0161034669980481
0.0161034669980481
0.0161034669980481
0.0160924306885899
0.0160924306885899
0.0168524061604643
0.0168524061604643
0.0168744787793806
0.0168634424699224
0.0166001009236633
0.0161476122358805
0.0161476122358805
0.0161034669980481
0.0161034669980481
0.0161034669980481
0.0161126041613397
0.0161126041613397
0.0161015757632145
0.0161456893557152
0.0161456893557152
0.01613466095759
0.01613466095759
0.01613466095759
0.0160905473650893
0.0160905473650893
0.01613466095759
0.01613466095759
0.01613466095759
0.01613466095759
0.01613466095759
0.01613466095759
0.0161567177538404
0.0161566129286788
0.0161124993361782
0.0161124993361782
0.0160904425399278
0.0160904425399278
0.0160904425399278
0.0160904425399278
0.0160904425399278
0.0160904425399278
0.0160904425399278
0.0160904425399278
0.0160904425399278
0.0160904425399278
0.0160904425399278
0.0160904425399278
0.0160904425399278
0.0160904425399278
0.0160904425399278
