0.00388600557397946
0.00388600557397946
0.00388600557397946
0.00388600557397946
0.00388600557397946
0.00388600557397946
0.00388600557397946
0.00388600557397946
0.00388600557397946
0.00388600557397946
0.00388600557397946
0.00388600557397946
0.00388600557397946
0.00388600557397946
0.00388600557397946
0.00388600557397946
0.00388600557397946
0.00388600557397946
0.00388600557397946
0.00388600557397946
0.00388600557397946
0.00388879347956401
0.00388879347956401
0.00388879347956401
0.00388879347956401
0.00388879347956401
0.00388879347956401
0.00388879347956401
0.00388879347956401
0.00388879347956401
0.00388879347956401
0.00388879347956401
0.00388879347956401
0.00388879347956401
0.00388879347956401
0.00388879347956401
0.00388987095931098
0.00389158538823091
0.00388899946954672
0.00388879347956401
0.00388879347956401
0.00388879347956401
0.00388879347956401
0.00388879347956401
0.00388879347956401
0.00388879347956401
0.00388879347956401
0.00388879347956401
0.00388879347956401
0.00388879347956401
0.00388879347956401
0.00388879347956401
0.00388879347956401
0.00388879347956401
0.00388879347956401
0.00388879347956401
0.00388879347956401
0.00388879347956401
0.00388879347956401
0.00388879347956401
0.00388879347956401
0.00388604513064419
0.00388604513064419
0.00388604513064419
0.00388604513064419
0.00388604513064419
0.00388604513064419
0.00388604513064419
0.00388604513064419
0.00388604513064419
0.00388604513064419
0.00388604513064419
0.00388604513064419
0.00388604513064419
0.00388604513064419
0.00388604513064419
0.00388604513064419
0.00388604513064419
0.00388600557397946
0.00388600557397946
0.00388600557397946
0.00388600557397946
0.00388600557397946
0.00388600557397946
0.00388600557397946
0.00388600557397946
0.00388600557397946
0.00388600557397946
0.00388600557397946
0.00388600557397946
0.00388600557397946
0.00388600557397946
0.00388600557397946
0.00388600557397946
0.00388600557397946
0.00388600557397946