0.00244847103439346
0.00244847103439346
0.00244847103439346
0.00244847103439346
0.00244847103439346
0.00244847103439346
0.00244847103439346
0.00244847103439346
0.00244847103439346
0.00244847103439346
0.00244847103439346
0.00244847103439346
0.00244847103439346
0.00244847103439346
0.00244847103439346
0.00244847103439346
0.00244847103439346
0.00244847103439346
0.00244847103439346
0.00244847103439346
0.00244847103439346
0.00245022758994571
0.00245019594461393
0.00245022758994571
0.00245022758994571
0.00245022758994571
0.00245022758994571
0.00245022758994571
0.00245022758994571
0.00245022758994571
0.00245022758994571
0.00245022758994571
0.00245022758994571
0.00246126389940383
0.00246126389940383
0.00246126389940383
0.00246188978256828
0.00246303089979587
0.00246133520362861
0.00245022758994571
0.00245022758994571
0.00245022758994571
0.00245022758994571
0.00245022758994571
0.00245022758994571
0.00245022758994571
0.00245022758994571
0.00245022758994571
0.00245022758994571
0.00245022758994571
0.00245022758994571
0.00245022758994571
0.00245022758994571
0.00245022758994571
0.00245022758994571
0.00245022758994571
0.00245022758994571
0.00245022758994571
0.00245022758994571
0.00245022758994571
0.00245022758994571
0.0024484947683923
0.0024484947683923
0.0024484947683923
0.0024484947683923
0.0024484947683923
0.0024484947683923
0.0024484947683923
0.0024484947683923
0.0024484947683923
0.0024484947683923
0.0024484947683923
0.0024484947683923
0.0024484947683923
0.0024484947683923
0.0024484947683923
0.0024484947683923
0.0024484947683923
0.00244847103439346
0.00244847103439346
0.00244847103439346
0.00244847103439346
0.00244847103439346
0.00244847103439346
0.00244847103439346
0.00244847103439346
0.00244847103439346
0.00244847103439346
0.00244847103439346
0.00244847103439346
0.00244847103439346
0.00244847103439346
0.00244847103439346
0.00244847103439346
0.00244847103439346
0.00244847103439346