0.0028673835125448
0.0028673835125448
0.0028673835125448
0.0028673835125448
0.0028673835125448
0.0028673835125448
0.0028673835125448
0.0028673835125448
0.0028673835125448
0.0028673835125448
0.0028673835125448
0.0028673835125448
0.0028673835125448
0.0028673835125448
0.0028673835125448
0.0028673835125448
0.0028673835125448
0.0028673835125448
0.0028673835125448
0.0028673835125448
0.0028673835125448
0.00286944045911047
0.00286944045911047
0.00286944045911047
0.00286944045911047
0.00286944045911047
0.00286944045911047
0.00286944045911047
0.00286944045911047
0.00286944045911047
0.00286944045911047
0.00286944045911047
0.00286944045911047
0.00286944045911047
0.00286944045911047
0.00286944045911047
0.00287024328681045
0.00287150035893754
0.00286953553141018
0.00286944045911047
0.00286944045911047
0.00286944045911047
0.00286944045911047
0.00286944045911047
0.00286944045911047
0.00286944045911047
0.00286944045911047
0.00286944045911047
0.00286944045911047
0.00286944045911047
0.00286944045911047
0.00286944045911047
0.00286944045911047
0.00286944045911047
0.00286944045911047
0.00286944045911047
0.00286944045911047
0.00286944045911047
0.00286944045911047
0.00286944045911047
0.00286944045911047
0.0028673835125448
0.0028673835125448
0.0028673835125448
0.0028673835125448
0.0028673835125448
0.0028673835125448
0.0028673835125448
0.0028673835125448
0.0028673835125448
0.0028673835125448
0.0028673835125448
0.0028673835125448
0.0028673835125448
0.0028673835125448
0.0028673835125448
0.0028673835125448
0.0028673835125448
0.0028673835125448
0.0028673835125448
0.0028673835125448
0.0028673835125448
0.0028673835125448
0.0028673835125448
0.0028673835125448
0.0028673835125448
0.0028673835125448
0.0028673835125448
0.0028673835125448
0.0028673835125448
0.0028673835125448
0.0028673835125448
0.0028673835125448
0.0028673835125448
0.0028673835125448
0.0028673835125448