0.0619347478004341
0.0619347478004341
0.0636119841575968
0.0636530474140236
0.0636530474140236
0.0636530474140236
0.0636530474140236
0.0636530474140236
0.0619509604288384
0.0619347478004341
0.0619347478004341
0.0619347478004341
0.0619347478004341
0.0619347478004341
0.0619347478004341
0.0619347478004341
0.0619347478004341
0.0621381023347917
0.0623250567168527
0.0623250567168527
0.0625086540468405
0.0621637471716967
0.0621637471716967
0.0621637471716967
0.0621637471716967
0.0621637471716967
0.0621637471716967
0.0621637471716967
0.0621637471716967
0.0621637471716967
0.0621637471716967
0.0621227959115295
0.0621227959115295
0.0621227959115295
0.0612950711064932
0.0612849558237559
0.061299512916321
0.0612849558237559
0.0612847346847563
0.0613844480265618
0.0612612941805207
0.06125416598709
0.0612116492620496
0.0612116492620496
0.0612116492620496
0.0612065472109787
0.0612065472109787
0.0612065472109787
0.0612065472109787
0.0612063276600459
0.0612063276600459
0.0616736348811857
0.0616281124363638
0.0616281124363638
0.0616281124363638
0.0616281124363638
0.0616281124363638
0.0616281124363638
0.0616281124363638
0.0616232578960447
0.0616232578960447
0.0616232578960447
0.0616232578960447
0.0616232578960447
0.0616232578960447
0.0616232578960447
0.0616232578960447
0.0616232578960447
0.0616232578960447
0.0616232578960447
0.0616232578960447
0.0616232578960447
0.0616232578960447
0.0616232578960447
0.0616232578960447
0.0616232578960447
0.0616232578960447
0.0616799856411777
0.0616799856411777
0.0617368684625657
0.0617368684625657
0.0617368684625657
0.0617368684625657
0.0617368684625657
0.0617368684625657
0.0617368684625657
0.0617357915423578
0.0617357915423578
0.0617357915423578
0.0617787095256424
0.0618485062294694
0.0617850994425148
0.0617850994425148
0.0617850994425148
0.0617825344674207
0.0617825344674207