0.0655509364373351
0.0655229560769804
0.0674241845046674
0.0674241845046674
0.067658562322996
0.067658562322996
0.0676164012068202
0.0676164012068202
0.0657207729758831
0.0657128921488921
0.0657128921488921
0.0657128921488921
0.0657128921488921
0.0657128921488921
0.0657128921488921
0.0657128921488921
0.0657128921488921
0.0657128921488921
0.0658748164870552
0.0653333920684505
0.0660137216605843
0.0660137216605843
0.0660137216605843
0.0660137216605843
0.0660137216605843
0.0660137216605843
0.0660137216605843
0.0660137216605843
0.0660137216605843
0.0660137216605843
0.0660137216605843
0.0659718271752979
0.0659718271752979
0.0659718271752979
0.0651500035204644
0.0651441647430366
0.0667047521119532
0.0667047521119532
0.0651769490416232
0.0651262699170699
0.0651190463348915
0.0651190463348915
0.0650716826855874
0.0650716826855874
0.0650716826855874
0.0650616718429558
0.0650616718429558
0.0650616718429558
0.0650616718429558
0.0650613474195387
0.0650651526962734
0.0650643952629487
0.0650541303697246
0.0650508559364992
0.0650459611884156
0.0650459611884156
0.0650459611884156
0.0650459611884156
0.0650459611884156
0.0650449671692718
0.0650449671692718
0.0650449671692718
0.0650449671692718
0.0650449671692718
0.0650449671692718
0.0650449671692718
0.0650449671692718
0.0650449671692718
0.0650449671692718
0.0650449671692718
0.0650449671692718
0.0650449671692718
0.0650449671692718
0.0650449671692718
0.0650449671692718
0.0650449671692718
0.0650449671692718
0.0650536829690677
0.0650536829690677
0.0650449671692718
0.0650449671692718
0.0650449671692718
0.0650449671692718
0.0650449671692718
0.0650449671692718
0.0650449671692718
0.0650446388399402
0.0650446388399402
0.0650446388399402
0.065834667309001
0.0657996670908559
0.0658562438416456
0.0658562438416456
0.0658459744742487
0.0658409934998867
0.0658409934998867