0.0241121846765292
0.0241121846765292
0.0248082286260381
0.0248082286260381
0.0248323115666416
0.0248323115666416
0.0248082286260381
0.0248082286260381
0.0241121846765292
0.0241121846765292
0.0241121846765292
0.0241121846765292
0.0241121846765292
0.0241121846765292
0.0241121846765292
0.0241121846765292
0.0241121846765292
0.0241261191183951
0.0237266554417058
0.0237266554417058
0.0238364049322774
0.0238364049322774
0.0238364049322774
0.0238364049322774
0.0238364049322774
0.0238364049322774
0.0238364049322774
0.0238364049322774
0.0238364049322774
0.0238364049322774
0.0238364049322774
0.0238210989616709
0.0238210989616709
0.0238210989616709
0.0235134537673936
0.023511480991499
0.0235690950753117
0.0235835584837355
0.0257407848698928
0.0272391589107419
0.0240212423299558
0.0240212423299558
0.0240202316710407
0.0240202316710407
0.0239598211638767
0.0238603215050184
0.0238603215050184
0.0238603215050184
0.0238603215050184
0.0239171188172329
0.0239192924374283
0.0240107172332709
0.0239617438520486
0.0239598734561002
0.0239570775166645
0.0239570775166645
0.0239570775166645
0.0239570775166645
0.0239570775166645
0.0239570775166645
0.0239570775166645
0.0239570775166645
0.0239570775166645
0.0239570775166645
0.0239570775166645
0.0239570775166645
0.0239570775166645
0.0239570775166645
0.0239570775166645
0.0239570775166645
0.0239570775166645
0.0239570775166645
0.0239570775166645
0.0239570775166645
0.0239570775166645
0.0239570775166645
0.0239570775166645
0.023962056087154
0.023962056087154
0.0239570775166645
0.0239570775166645
0.0239570775166645
0.0239570775166645
0.0239570775166645
0.0239570775166645
0.0239570775166645
0.0239558200153243
0.0239558200153243
0.0239558200153243
0.0239569892164541
0.0242490708264242
0.0238906910638127
0.0238906910638127
0.0238847531013761
0.0239414810342102
0.0239414810342102