0.0292048652323263
0.0292048652323263
0.0295750650641971
0.0295750650641971
0.029526975842676
0.029526975842676
0.029526975842676
0.029526975842676
0.0291976465668762
0.0291976465668762
0.0291976465668762
0.0291976465668762
0.0291976465668762
0.0291976465668762
0.0291976465668762
0.0291976465668762
0.0291976465668762
0.0291976465668762
0.0291976465668762
0.0291976465668762
0.0288197094556116
0.0288089311157633
0.0288089311157633
0.0288089311157633
0.0288089311157633
0.0288089311157633
0.0288089311157633
0.0288089311157633
0.0288089311157633
0.0288089311157633
0.0288089311157633
0.0287996764237617
0.0287996764237617
0.0287996764237617
0.0284033933982208
0.0284004629282717
0.0287688601171178
0.0287541496224879
0.0283931330565791
0.0287212999415665
0.030665422826153
0.030665422826153
0.0306810119410655
0.0306810119410655
0.0306810119410655
0.0301970192655494
0.0301970192655494
0.0301970192655494
0.0301970192655494
0.0301970192655494
0.0302808736117851
0.0309022930083167
0.0309022930083167
0.0302932968605714
0.0302932968605714
0.0302932968605714
0.0302932968605714
0.0302932968605714
0.0302932968605714
0.0302847169058568
0.0302847169058568
0.0302847169058568
0.0302847169058568
0.0302847169058568
0.0302847169058568
0.0302847169058568
0.0302847169058568
0.0302847169058568
0.0302847169058568
0.0302847169058568
0.0302847169058568
0.0302847169058568
0.0302847169058568
0.0302847169058568
0.0302847169058568
0.0302847169058568
0.0302847169058568
0.03022788580788
0.03022788580788
0.03022788580788
0.03022788580788
0.03022788580788
0.03022788580788
0.03022788580788
0.03022788580788
0.03022788580788
0.03022788580788
0.03022788580788
0.03022788580788
0.0302675157941463
0.030137172931524
0.0302685806588914
0.0302685806588914
0.0302685806588914
0.0302682244123506
0.0302682244123506