0.0318943623194833
0.0318895095331279
0.00380608418500657
0.00380533320013951
0.00380533320013951
0.00380533320013951
0.00380533320013951
0.00380533320013951
0.0318895095331279
0.0318895095331279
0.0318895095331279
0.0318895095331279
0.0318895095331279
0.0318895095331279
0.0318895095331279
0.0318895095331279
0.0318895095331279
0.0318952760326978
0.0319062478245893
0.0319062478245893
0.0319067147272787
0.0319067147272787
0.0319067147272787
0.0319067147272787
0.0319067147272787
0.0319067147272787
0.0319067147272787
0.0319067147272787
0.0319067147272787
0.0319067147272787
0.0319067147272787
0.0325777417541376
0.0325777417541376
0.0325777417541376
0.0449774903008501
0.0450594284525209
0.0451132478109523
0.0450892865789425
0.0450836608916066
0.0450599197960007
0.0450514645399075
0.0450514645399075
0.0453160031105623
0.0453160031105623
0.0453160031105623
0.0453134263170922
0.0453134263170922
0.0453134263170922
0.0453134263170922
0.0453132677197713
0.0453144208339334
0.0454916430625564
0.0454664145015315
0.0454654222490389
0.0454639389920439
0.0454639389920439
0.0454639389920439
0.0454639389920439
0.0454639389920439
0.0454613231521919
0.0454613231521919
0.0454613231521919
0.0454613231521919
0.0454613231521919
0.0454613231521919
0.0454613231521919
0.0454613231521919
0.0454613231521919
0.0454613231521919
0.0454613231521919
0.0454613231521919
0.0454613231521919
0.0454613231521919
0.0454613231521919
0.0454613231521919
0.0454613231521919
0.0454613231521919
0.0454064004077207
0.0454064004077207
0.0454613231521919
0.0454613231521919
0.0454613231521919
0.0454613231521919
0.0454613231521919
0.0454613231521919
0.0454613231521919
0.0454749980688553
0.0454749980688553
0.0454749980688553
0.0455074948941616
0.0455191604443703
0.0455130828278442
0.0455130828278442
0.0455099327151458
0.0455086372731791
0.0455086372731791