0.102083787233916
0.102074071064499
0.104847308291888
0.10486099604403
0.104525402570663
0.104525402570663
0.104668779341877
0.104668779341877
0.101900934259272
0.101887246507129
0.101887246507129
0.101887246507129
0.101887246507129
0.101887246507129
0.101887246507129
0.101887246507129
0.101887246507129
0.102075332033358
0.102260786994574
0.102260786994574
0.10188284988331
0.10188284988331
0.10188284988331
0.10188284988331
0.10188284988331
0.10188284988331
0.10188284988331
0.10188284988331
0.10188284988331
0.10188284988331
0.10188284988331
0.101813290031423
0.101813290031423
0.101813290031423
0.100465195993245
0.100454365152336
0.100867373943562
0.100920979586814
0.10039686779054
0.100363143106517
0.1007707607765
0.100827643597888
0.100760036279775
0.100760036279775
0.100760036279775
0.100276506759612
0.100276506759612
0.100276506759612
0.100276506759612
0.100275922343459
0.100275922343459
0.100936266686527
0.100873865132951
0.100265602703872
0.100265602703872
0.100265602703872
0.100265602703872
0.100265602703872
0.100265602703872
0.100257022749158
0.100257022749158
0.100257022749158
0.100257022749158
0.100257022749158
0.100257022749158
0.100257022749158
0.100257022749158
0.100257022749158
0.100257022749158
0.100257022749158
0.100257022749158
0.100257022749158
0.100257022749158
0.100257022749158
0.100257022749158
0.100257022749158
0.100257022749158
0.100257022749158
0.100257022749158
0.100257022749158
0.100257022749158
0.100257022749158
0.100257022749158
0.100257022749158
0.100257022749158
0.100257022749158
0.100254763843356
0.100254763843356
0.100254763843356
0.100282842773796
0.0995268777428769
0.100211292280591
0.100278748540531
0.100278748540531
0.100278256272584
0.100278256272584