0.0537525354969574
0.0537525354969574
0.0537525354969574
0.0537525354969574
0.0537525354969574
0.0537525354969574
0.0537525354969574
0.0537525354969574
0.0537525354969574
0.0537525354969574
0.0537525354969574
0.0537525354969574
0.0537525354969574
0.0537525354969574
0.0537525354969574
0.0538201487491548
0.0537525354969574
0.0537525354969574
0.0537525354969574
0.0537525354969574
0.0537525354969574
0.0537525354969574
0.0537525354969574
0.0537525354969574
0.0537525354969574
0.0537525354969574
0.0537525354969574
0.0537525354969574
0.0537525354969574
0.0537525354969574
0.0537525354969574
0.0537525354969574
0.0537525354969574
0.0537525354969574
0.0537525354969574
0.0537525354969574
0.0537525354969574
0.0537525354969574
0.0537525354969574
0.0537525354969574
0.0537525354969574
0.0537525354969574
0.0537525354969574
0.0537525354969574
0.0537525354969574
0.0537525354969574
0.0537525354969574
0.0537525354969574
0.0537525354969574
0.0537525354969574
0.0537525354969574
0.0537525354969574
0.0535144888398126
0.0537525354969574
0.0537525354969574
0.0537525354969574
0.0537525354969574
0.0537525354969574
0.0537525354969574
0.0537525354969574
0.0537525354969574
0.0537525354969574
0.0537525354969574
0.0537525354969574
0.0537525354969574
0.0537525354969574
0.0537525354969574
0.0537525354969574
0.0537525354969574
0.0537525354969574
0.0537525354969574
0.0537525354969574
0.0538201487491548
0.0538201487491548
0.0537525354969574
0.0537525354969574
0.0537525354969574
0.0537525354969574
0.0537525354969574
0.0537525354969574
0.0537525354969574
0.0537525354969574
0.0537525354969574
0.0537525354969574
0.0537525354969574
0.0539225571252901
0.0539225571252901
0.0537873306208953
0.0537873306208953
0.0537873306208953
0.0537873306208953
0.0537873306208953
0.0537873306208953
0.0537873306208953
0.0537873306208953
0.0537873306208953
