0.406964380648591
0.406964380648591
0.406964380648591
0.406964380648591
0.406964380648591
0.406964380648591
0.406964380648591
0.406964380648591
0.406964380648591
0.406964380648591
0.406964380648591
0.406964380648591
0.406964380648591
0.406964380648591
0.406964380648591
0.406964380648591
0.406964380648591
0.406964380648591
0.406964380648591
0.406964380648591
0.389420520999468
0.389420520999468
0.389420520999468
0.389420520999468
0.389420520999468
0.389420520999468
0.389420520999468
0.389420520999468
0.389420520999468
0.389420520999468
0.389420520999468
0.389420520999468
0.389420520999468
0.389420520999468
0.389420520999468
0.389420520999468
0.389420520999468
0.389420520999468
0.389420520999468
0.389420520999468
0.389420520999468
0.389420520999468
0.389420520999468
0.389420520999468
0.389420520999468
0.389420520999468
0.389420520999468
0.389420520999468
0.389420520999468
0.389420520999468
0.389420520999468
0.389420520999468
0.389420520999468
0.389420520999468
0.389420520999468
0.389420520999468
0.389420520999468
0.389420520999468
0.389420520999468
0.389420520999468
0.389420520999468
0.389420520999468
0.389420520999468
0.389420520999468
0.389420520999468
0.389420520999468
0.389420520999468
0.389420520999468
0.389420520999468
0.389420520999468
0.389420520999468
0.389420520999468
0.389420520999468
0.389420520999468
0.389420520999468
0.389420520999468
0.389420520999468
0.389420520999468
0.389420520999468
0.389420520999468
0.389420520999468
0.0940988835725678
0.389420520999468
0.389420520999468
0.389420520999468
0.389420520999468
0.389420520999468
0.389420520999468
0.389420520999468
0.389420520999468
0.389420520999468
0.389420520999468
0.389420520999468
0.389420520999468
0.389420520999468
0.389420520999468