0.0694444444444444
0.0694444444444444
0.0694444444444444
0.0694444444444444
0.0694444444444444
0.0694444444444444
0.0694444444444444
0.0694444444444444
0.0694444444444444
0.0694444444444444
0.0694444444444444
0.0694444444444444
0.0694444444444444
0.0694444444444444
0.0694444444444444
0.0694444444444444
0.0694444444444444
0.0694444444444444
0.0694444444444444
0.0694444444444444
0.0694444444444444
0.0694444444444444
0.0694444444444444
0.0694444444444444
0.0694444444444444
0.0694444444444444
0.0694444444444444
0.0694444444444444
0.0694444444444444
0.0694444444444444
0.0694444444444444
0.0694444444444444
0.0694444444444444
0.0694444444444444
0.0694444444444444
0.0694444444444444
0.0694444444444444
0.0694444444444444
0.0694444444444444
0.0694444444444444
0.0694444444444444
0.0694444444444444
0.0694444444444444
0.0694444444444444
0.0694444444444444
0.0694444444444444
0.0694444444444444
0.0694444444444444
0.0694444444444444
0.0694444444444444
0.0694444444444444
0.0694444444444444
0.0694444444444444
0.0694444444444444
0.0694444444444444
0.0694444444444444
0.0694444444444444
0.0694444444444444
0.0694444444444444
0.0694444444444444
0.0694444444444444
0.0697825107054316
0.0697825107054316
0.0694444444444444
0.0694444444444444
0.0694444444444444
0.0694444444444444
0.0694444444444444
0.0694444444444444
0.0694444444444444
0.0694444444444444
0.0694444444444444
0.0694444444444444
0.0694444444444444
0.0694444444444444
0.0694444444444444
0.0694444444444444
0.0694444444444444
0.0694444444444444
0.0694444444444444
0.0694444444444444
0.0694444444444444
0.0694444444444444
0.0694444444444444
0.0694444444444444
0.0694444444444444
0.0694444444444444
0.0694444444444444
0.0694444444444444
0.0694444444444444
0.0694444444444444
0.0694444444444444
0.0694444444444444
0.0694444444444444
0.0694444444444444
0.0694444444444444
