0.630627394636015
0.630627394636015
0.630627394636015
0.630627394636015
0.636374521072797
0.630627394636015
0.630627394636015
0.630627394636015
0.630627394636015
0.630627394636015
0.629909003831418
0.629909003831418
0.629909003831418
0.629909003831418
0.629909003831418
0.630791598248495
0.630791598248495
0.630791598248495
0.630791598248495
0.630791598248495
0.630324914297237
0.630324914297237
0.630324914297237
0.629926525558359
0.629926525558359
0.629926525558359
0.629909003831418
0.629909003831418
0.629909003831418
0.630627394636015
0.630627394636015
0.630627394636015
0.629909003831418
0.629909003831418
0.629909003831418
0.629909003831418
0.629909003831418
0.629909003831418
0.629909003831418
0.629909003831418
0.629909003831418
0.629909003831418
0.629909003831418
0.629909003831418
0.631968390804598
0.630435823754789
0.630435823754789
0.630435823754789
0.630435823754789
0.630435823754789
0.630171273490239
0.630171273490239
0.630171273490239
0.630171273490239
0.630171273490239
0.630627394636015
0.630627394636015
0.630627394636015
0.630627394636015
0.630627394636015
0.630627394636015
0.630627394636015
0.630627394636015
0.630548666876607
0.630548666876607
0.630548666876607
0.630548666876607
0.630548666876607
0.630548666876607
0.630698346814247
0.630698346814247
0.632241755994662
0.631208564725128
0.631208564725128
0.631002207229718
0.631002207229718
0.631002207229718
0.631431992337165
0.631431992337165
0.63235153256705
0.631431992337165
0.631431992337165
0.631241165420526
0.631241165420526
0.631241165420526
0.631241165420526
0.631241165420526
0.631241165420526
0.631061140027471
0.631061140027471
0.631061140027471
0.631061140027471
0.631061140027471
0.630929874974793
0.630929874974793
0.630929874974793
