0.327107279693487
0.327107279693487
0.327107279693487
0.327107279693487
0.321360153256705
0.327107279693487
0.327107279693487
0.327107279693487
0.327107279693487
0.327107279693487
0.328014720709821
0.328014720709821
0.328171562366965
0.328171562366965
0.328171562366965
0.326943076081007
0.326943076081007
0.326943076081007
0.326943076081007
0.326943076081007
0.327409760032265
0.327409760032265
0.327409760032265
0.327808148771143
0.327808148771143
0.327808148771143
0.328152211772901
0.328152211772901
0.328152211772901
0.328152211772901
0.328152211772901
0.328452351838265
0.328452351838265
0.328452351838265
0.328452351838265
0.328452351838265
0.328452351838265
0.328452351838265
0.328452351838265
0.328212496315945
0.328212496315945
0.328212496315945
0.328212496315945
0.328212496315945
0.325766283524904
0.327298850574713
0.327298850574713
0.327298850574713
0.327298850574713
0.327298850574713
0.327563400839263
0.327563400839263
0.327563400839263
0.327563400839263
0.327563400839263
0.327107279693487
0.327107279693487
0.327107279693487
0.327107279693487
0.327107279693487
0.327107279693487
0.327445345954474
0.327445345954474
0.327186007452895
0.327186007452895
0.327186007452895
0.327186007452895
0.327186007452895
0.327186007452895
0.327036327515255
0.327036327515255
0.32549291833484
0.326526109604374
0.326526109604374
0.326732467099783
0.326732467099783
0.326732467099783
0.326302681992337
0.326302681992337
0.325383141762452
0.326302681992337
0.326302681992337
0.326493508908976
0.326493508908976
0.326493508908976
0.326493508908976
0.326493508908976
0.326493508908976
0.326673534302031
0.326673534302031
0.326673534302031
0.326673534302031
0.326673534302031
0.326804799354709
0.326804799354709
0.326804799354709
