0.0880168102045044
0.0880168102045044
0.0880168102045044
0.0880168102045044
0.0880168102045044
0.0880168102045044
0.0880168102045044
0.0880168102045044
0.0880168102045044
0.0880168102045044
0.0880168102045044
0.0880168102045044
0.088227266598926
0.088227266598926
0.088227266598926
0.088227266598926
0.088227266598926
0.088227266598926
0.088227266598926
0.088227266598926
0.088227266598926
0.088227266598926
0.088227266598926
0.088227266598926
0.088227266598926
0.088227266598926
0.088227266598926
0.088227266598926
0.088227266598926
0.0877825803756259
0.0882033049842491
0.0882033049842491
0.0882752755394122
0.0882209141172615
0.0882209141172615
0.0882209141172615
0.0882209141172615
0.0882209141172615
0.0882015087639807
0.0882015087639807
0.0882015087639807
0.0882015087639807
0.0882015087639807
0.0882015087639807
0.0882015087639807
0.0882015087639807
0.0882015087639807
0.0882015087639807
0.0882015087639807
0.0882015087639807
0.0882015087639807
0.0882015087639807
0.0877800919564837
0.0882015087639807
0.0882015087639807
0.0882015087639807
0.0882015087639807
0.0882015087639807
0.08820269043024
0.08820269043024
0.08820269043024
0.08820269043024
0.08820269043024
0.08820269043024
0.08820269043024
0.08820269043024
0.08820269043024
0.08820269043024
0.08820269043024
0.08820269043024
0.08820269043024
0.08820269043024
0.08820269043024
0.08820269043024
0.088182864749979
0.088182864749979
0.088182864749979
0.088182864749979
0.088182864749979
0.088182864749979
0.088182864749979
0.088182864749979
0.088182864749979
0.088182864749979
0.088182864749979
0.088182864749979
0.088182864749979
0.088182864749979
0.088182864749979
0.088182864749979
0.08820269043024
0.08820269043024
0.08820269043024
0.08820269043024
0.08820269043024
0.08820269043024