0.0213119983163488
0.0213119983163488
0.0213119983163488
0.0213119983163488
0.0213119983163488
0.0213119983163488
0.0213119983163488
0.0213119983163488
0.0213119983163488
0.0213119983163488
0.0213119983163488
0.0213119983163488
0.0213119983163488
0.0213119983163488
0.0213119983163488
0.0213119983163488
0.0213119983163488
0.0213119983163488
0.0213119983163488
0.0213119983163488
0.0213119983163488
0.0213119983163488
0.0213119983163488
0.0213119983163488
0.0213119983163488
0.0213119983163488
0.0213119983163488
0.0213119983163488
0.0213119983163488
0.021301555677765
0.0212988447916975
0.0212988447916975
0.0215073934750485
0.0223741229554378
0.0223741229554378
0.0222425877089243
0.0222425877089243
0.0222425877089243
0.0216794035801866
0.0219423651187746
0.0220344016572804
0.0220344016572804
0.0220344016572804
0.0220344016572804
0.0220344016572804
0.0220738458880686
0.0220738458880686
0.0221001529373713
0.0220738458880686
0.0220738458880686
0.0249917737953703
0.0249917737953703
0.0249917737953703
0.0249917737953703
0.0249917737953703
0.0249917737953703
0.0249917737953703
0.0249917737953703
0.0249917737953703
0.0249917737953703
0.0249917737953703
0.0249917737953703
0.0249917737953703
0.0249917737953703
0.0249917737953703
0.0249917737953703
0.0249917737953703
0.0249917737953703
0.0249917737953703
0.0249917737953703
0.0249917737953703
0.0249917737953703
0.0249917737953703
0.0249917737953703
0.0249917737953703
0.0249917737953703
0.0249917737953703
0.0249917737953703
0.0249917737953703
0.0249917737953703
0.0249917737953703
0.0249917737953703
0.0249917737953703
0.0249917737953703
0.0249917737953703
0.0249917737953703
0.0249917737953703
0.0249917737953703
0.0249917737953703
0.0249917737953703
0.0249917737953703
0.0249917737953703
0.0249917737953703
0.0249917737953703
0.0249917737953703
0.0249917737953703