0.0585710498459313
0.0585710498459313
0.0585710498459313
0.0585710498459313
0.0585710498459313
0.0585710498459313
0.0585710498459313
0.0585710498459313
0.0585710498459313
0.0585710498459313
0.0585710498459313
0.0585710498459313
0.0585710498459313
0.0585710498459313
0.0585710498459313
0.0585710498459313
0.0585710498459313
0.0585710498459313
0.0585710498459313
0.0585710498459313
0.0585710498459313
0.0585710498459313
0.0585710498459313
0.0585710498459313
0.0585710498459313
0.0585710498459313
0.0585710498459313
0.0585710498459313
0.0585710498459313
0.0585710498459313
0.0585710498459313
0.0585710498459313
0.0585710498459313
0.0585710498459313
0.0585710498459313
0.0527468249531941
0.0527468249531941
0.0527433430931219
0.0527433430931219
0.0527428850281538
0.0527391322054714
0.0527389794608269
0.0527389794608269
0.0527357443769897
0.0527357443769897
0.0527357443769897
0.0527357443769897
0.0527357443769897
0.0527357443769897
0.0527357443769897
0.0527357443769897
0.0527357443769897
0.0527357443769897
0.0527357443769897
0.0527357443769897
0.0527357443769897
0.0527357443769897
0.0527339369589953
0.0527321238096398
0.0527321238096398
0.0527319711213171
0.0527319711213171
0.0527319711213171
0.0527319711213171
0.0527319711213171
0.0527319711213171
0.0527319711213171
0.0527319711213171
0.0527319711213171
0.0527319711213171
0.0527319711213171
0.0527319711213171
0.0527319711213171
0.0527319711213171
0.0527319711213171
0.0527319711213171
0.0527319711213171
0.0527319711213171
0.0527319711213171
0.0527319711213171
0.0527319711213171
0.0527319711213171
0.0527319711213171
0.0527319711213171
0.0527319711213171
0.0527319711213171
0.0527319711213171
0.0527319711213171
0.0527319711213171
0.0527319711213171
0.0527319711213171
0.0527319711213171
0.0527319711213171
0.0527319711213171
0.0527319711213171
0.0527319711213171