0.0918324117102236
0.0918324117102236
0.0918324117102236
0.0918324117102236
0.0918324117102236
0.0918324117102236
0.0918324117102236
0.0918324117102236
0.0918324117102236
0.0918324117102236
0.0918324117102236
0.0918324117102236
0.0918324117102236
0.0918324117102236
0.0918324117102236
0.0918324117102236
0.0918324117102236
0.0918324117102236
0.0918324117102236
0.0918324117102236
0.0918324117102236
0.0918324117102236
0.0918324117102236
0.0918324117102236
0.0918324117102236
0.0918324117102236
0.0918324117102236
0.0918324117102236
0.0918324117102236
0.0918324117102236
0.0918324117102236
0.0918324117102236
0.0918324117102236
0.0918324117102236
0.0918324117102236
0.0918324117102236
0.0918324117102236
0.0918320011530025
0.0918320011530025
0.0918352362368397
0.0918227515132396
0.0918227515132396
0.0918250910291254
0.0918283255165238
0.0918283255165238
0.0918283255165238
0.0918283255165238
0.0918283255165238
0.0918283255165238
0.0918283255165238
0.0918283255165238
0.0918283255165238
0.0918283255165238
0.0918283255165238
0.0918283255165238
0.0918283255165238
0.0918283255165238
0.0918241644667455
0.0918244761715412
0.0918244761715412
0.0918244761715412
0.0918244761715412
0.0918244761715412
0.0918244761715412
0.0918244761715412
0.0918244761715412
0.0918244761715412
0.0918244761715412
0.0918244761715412
0.0918244761715412
0.0918244761715412
0.0918244761715412
0.0918244761715412
0.0918244761715412
0.0918244761715412
0.0918244761715412
0.0918244761715412
0.0918244761715412
0.0918244761715412
0.0918244761715412
0.0918244761715412
0.0918244761715412
0.0918244761715412
0.0918244761715412
0.0918244761715412
0.0918244761715412
0.0918244761715412
0.0918244761715412
0.0918244761715412
0.0918244761715412
0.0918244761715412
0.0918244761715412
0.0918244761715412
0.0918244761715412
0.0918244761715412
0.0918244761715412