0.890625
0.890625
0.890625
0.890625
0.890625
0.890625
0.890625
0.890625
0.890625
0.890625
0.890625
0.890625
0.890625
0.890625
0.890625
0.890625
0.890625
0.890625
0.890625
0.890625
0.890625
0.890625
0.890625
0.890625
0.890625
0.890625
0.890625
0.890625
0.890625
0.890625
0.890625
0.890625
0.890625
0.890625
0.890625
0.890625
0.890625
0.890625
0.890625
0.890625
0.890625
0.890625
0.890625
0.890625
0.890625
0.890625
0.890625
0.890625
0.890625
0.890625
0.890625
0.890625
0.890625
0.890625
0.890625
0.890625
0.890625
0.890625
0.890625
0.890625
0.890625
0.88671875
0.88671875
0.88671875
0.88671875
0.88671875
0.88671875
0.88671875
0.88671875
0.88671875
0.88671875
0.88671875
0.88671875
0.88671875
0.88671875
0.88671875
0.88671875
0.88671875
0.88671875
0.88671875
0.88671875
0.88671875
0.88671875
0.88671875
0.88671875
0.88671875
0.88671875
0.88671875
0.88671875
0.88671875
0.88671875
0.88671875
0.890625
0.890625
0.890625
0.890625