0.230972399764555
0.230951314032915
0.230951314032915
0.230525233652509
0.229914482808423
0.223352115589973
0.213484076617411
0.213277939825655
0.213441061023402
0.228971031321849
0.213493146631284
0.21069237789845
0.213105374154594
0.213441061023402
0.213478774662157
0.213611763667547
0.229411523867931
0.230844314348308
0.230902017590763
0.230902017590763
0.230938217403988
0.230938217403988
0.230938217403988
0.23093487935314
0.230932379926868
0.230932379926868
0.230932379926868
0.231579388180551
0.23145528644611
0.23145528644611
0.231448647174547
0.231426347609668
0.231426347609668
0.231577737253924
0.231510894069983
0.239774715456775
0.239894728281821
0.240330698625611
0.240341292806404
0.240355156727597
0.240355156727597
0.240174185915166
0.231360256688275
0.231360256688275
0.231360256688275
0.231360256688275
0.231360256688275
0.231360256688275
0.231360256688275
0.231360256688275
0.231360256688275
0.231369458924597
0.231361238944105
0.231361238944105
0.231352036707783
0.231352036707783
0.231352036707783
0.231352036707783
0.231387236482822
0.231318337333316
0.231318337333316
0.231318337333316
0.231318337333316
0.231318337333316
0.231318337333316
0.231318337333316
0.231318337333316
0.231318337333316
0.231318337333316
0.231216545197204
0.231216545197204
0.231216545197204
0.231216545197204
0.231216545197204
0.231216545197204
0.231216545197204
0.231216545197204
0.231216545197204
0.231216545197204
0.230964488309693
0.230964488309693
0.230964488309693
0.230964488309693
0.230964488309693
0.230964488309693
0.231000814242437
0.231000814242437
0.231000814242437
0.231000814242437
0.231068300275669
0.231068300275669
0.231250562766254
0.231250562766254
0.231250562766254
0.231243932723386
0.231176399667483