0.317858466287007
0.317784979210153
0.317784979210153
0.317799100189458
0.316251326601778
0.311224113019047
0.302355702661349
0.302166712484864
0.302306155483738
0.315492757374505
0.302362645024009
0.300074248566238
0.302025440102358
0.302306155483738
0.302326741781498
0.302465607278615
0.316433727277097
0.317733582277126
0.317733582277126
0.317733582277126
0.318677010578514
0.318677010578514
0.318677010578514
0.3186736181952
0.317761937283519
0.317761937283519
0.316898607141015
0.335154932824446
0.335147156540448
0.335147156540448
0.335598767470911
0.334712739380777
0.333756348941865
0.3346859889677
0.336098711652057
0.345976356219514
0.346938281983662
0.347999414943284
0.348027953523955
0.347826140941488
0.346948514480693
0.346965537628484
0.337905489631536
0.337905489631536
0.338819073843659
0.338819073843659
0.338819073843659
0.338819073843659
0.338938276674726
0.338938276674726
0.342426834159628
0.338019794502092
0.336221854908187
0.336221854908187
0.336221854908187
0.336221854908187
0.336221854908187
0.336221854908187
0.315136298213749
0.336017288726939
0.336231410026656
0.336231410026656
0.336231410026656
0.336231410026656
0.336231410026656
0.336231410026656
0.336231410026656
0.336231410026656
0.336231410026656
0.335926959552714
0.335926959552714
0.335926959552714
0.335926959552714
0.335926959552714
0.334060548072325
0.334060548072325
0.334060548072325
0.334060548072325
0.334060548072325
0.332310437789046
0.332310437789046
0.332310437789046
0.332310437789046
0.333224022001169
0.333224022001169
0.332445574331026
0.332445574331026
0.332445574331026
0.332445574331026
0.33251370253348
0.33251370253348
0.323651731649514
0.323651731649514
0.323651731649514
0.323642199723476
0.32357437336888