0.00229130667348928
0.00229130667348928
0.00229130667348928
0.00229338215173596
0.0022945808669449
0.00230602665380504
0.00234309148151079
0.00234376802457248
0.00234336779898788
0.00229750973206928
0.00234307704974067
0.00235127640896654
0.00234296244874983
0.00234336779898788
0.00234325763819719
0.00234285631009178
0.00229571289751749
0.00229143853519345
0.00229143853519345
0.00229143853519345
0.00229128040340457
0.00229128040340457
0.00229128040340457
0.00229128040340457
0.00229123972098306
0.00229123972098306
0.00229123972098306
0.00229765613836606
0.00229776204897922
0.00229776204897922
0.00229765613836606
0.0022971392877113
0.0022971392877113
0.0022971392877113
0.0022971392877113
0.00229716645394854
0.00229716645394854
0.00230127185443247
0.00230149005501761
0.00230159905266365
0.00230159905266365
0.00229975986349082
0.00229348990880379
0.00229348990880379
0.00229348990880379
0.00229348990880379
0.00229348990880379
0.00229348990880379
0.00229348990880379
0.00229348990880379
0.00229348990880379
0.00229348990880379
0.00229339765017654
0.00229339765017654
0.00229339765017654
0.00229339765017654
0.00229339765017654
0.00229339765017654
0.00229337069962796
0.00229337069962796
0.00229337069962796
0.00229337069962796
0.00229337069962796
0.00229337069962796
0.00229337069962796
0.00229337069962796
0.00229337069962796
0.00229337069962796
0.00229337069962796
0.00229194068331071
0.00229194068331071
0.00229194068331071
0.00229194068331071
0.00229194068331071
0.00229194068331071
0.00229194068331071
0.00229194068331071
0.00229194068331071
0.00229194068331071
0.0022919136947993
0.0022919136947993
0.0022919136947993
0.0022919136947993
0.0022919136947993
0.0022919136947993
0.00229334371111655
0.00229334371111655
0.00229334371111655
0.00229334371111655
0.00229354700246368
0.00229354700246368
0.00229547123223977
0.00229547123223977
0.00229547123223977
0.00229536546884406
0.00229516141212285