0.121189372056815
0.121145014992407
0.121145014992407
0.118417477986068
0.121478736232851
0.122637522466522
0.12386821713932
0.123913156320493
0.123879459806669
0.121598689401111
0.123879459806669
0.124314075526967
0.123939987111383
0.123879459806669
0.123875113583563
0.123865938592298
0.121383798069149
0.121153001495515
0.121142128861648
0.121142128861648
0.121137742529282
0.119934539194105
0.121137742529282
0.121135694874488
0.121134588821153
0.121134588821153
0.0701122594639572
0.0647366949056592
0.064447591442201
0.0650618332820696
0.0460631634900989
0.0539001762532093
0.0538844832091511
0.0529489019375652
0.0526983346513695
0.0529223232151
0.0530386015516668
0.0531381134756705
0.0531383514907862
0.0531403149103914
0.053168910849768
0.0536016988515462
0.0534484374070794
0.0534484374070794
0.0518840533689297
0.0530697615756215
0.0530697615756215
0.0530412649506905
0.0530412649506905
0.0530412649506905
0.0492391265995277
0.0529474984095213
0.0530736618108813
0.0531733999981397
0.0532376922268617
0.0532376922268617
0.0532376922268617
0.0532376922268617
0.067291771101782
0.0530937438781962
0.0530937438781962
0.0530545610189161
0.0530545610189161
0.0530545610189161
0.0530474368626834
0.0530474368626834
0.0530474368626834
0.0530474368626834
0.0530474368626834
0.0530202537846529
0.0530202537846529
0.0530202537846529
0.0530202537846529
0.0530202537846529
0.0532712888967457
0.0532712888967457
0.0532712888967457
0.0532712888967457
0.0532712888967457
0.0532709272987578
0.0532709272987578
0.0532709272987578
0.0532709272987578
0.0532709272987578
0.0532709272987578
0.0532829930614345
0.0532829930614345
0.0532829930614345
0.0532829930614345
0.0532787027354864
0.0532787027354864
0.0625558790267772
0.0625558790267772
0.0625558790267772
0.0636086420837157
0.0636125526230517