0.00372648402476033
0.00372648402476033
0.00372648402476033
0.00373250356667338
0.00373595906890819
0.00376591520380569
0.00381102589184072
0.00381231334590047
0.00381130220931781
0.00373972005668297
0.0038110114600706
0.003823412601467
0.00381240605361233
0.00381130220931781
0.00381108078521562
0.00381043516551374
0.00373385226787793
0.00372692049597619
0.00372664215654921
0.00372664215654921
0.00372648402476033
0.00372648402476033
0.00372648402476033
0.00372648402476033
0.00372644334233881
0.00372644334233881
0.00372644334233881
0.0037375316045758
0.00373742569396263
0.00373742569396263
0.00373731978334947
0.00373678308121422
0.00373613926402209
0.00373728238173492
0.00373728238173492
0.00373679127764794
0.00373624825572097
0.00374298459356043
0.00374336272098514
0.0037436330367088
0.0037436330367088
0.00374106977354775
0.00373074706061961
0.00373074706061961
0.00373074706061961
0.00373074706061961
0.00373074706061961
0.00373074706061961
0.00373074706061961
0.00373074706061961
0.00373074706061961
0.00373089312786283
0.00373086618360224
0.00373086618360224
0.00373072011635903
0.00373072011635903
0.00373072011635903
0.00373072011635903
0.0037311692552326
0.00373053722985981
0.00373053722985981
0.00373053722985981
0.00373053722985981
0.00373053722985981
0.00373053722985981
0.00373053722985981
0.00373053722985981
0.00373053722985981
0.00373053722985981
0.00372956147062639
0.00372956147062639
0.00372956147062639
0.00372956147062639
0.00372956147062639
0.00372956147062639
0.00372956147062639
0.00372956147062639
0.00372956147062639
0.00372956147062639
0.00372950739865829
0.00372950739865829
0.00372950739865829
0.00372950739865829
0.00372950739865829
0.00372950739865829
0.00373044239897252
0.00373044239897252
0.00373044239897252
0.00373044239897252
0.00373037992736662
0.00373037992736662
0.00373321375968264
0.00373321375968264
0.00373321375968264
0.00373310799628693
0.00373316970251875