0.0431760365414632
0.0431611772926899
0.0431611772926899
0.0432226517589437
0.0432649139233059
0.043618602973571
0.0442056895122429
0.0441441662507604
0.044135763920697
0.0433185333803521
0.044132820084569
0.0442805396683473
0.0441548917700983
0.044135763920697
0.0441346485426912
0.0441265710164836
0.0432408221926153
0.0431586836684521
0.0431586836684521
0.0431586836684521
0.0431577685314666
0.0444220135457116
0.0431577685314666
0.0431570825840897
0.0431566706745719
0.0431566706745719
0.0427504131646288
0.0513817332399546
0.0520235914801133
0.0520235914801133
0.0499646052171686
0.0499345698444139
0.0499345698444139
0.0499569878618293
0.0499569878618293
0.0499521993676605
0.0490164037179961
0.0490814435587192
0.0489730673324498
0.0489770459179499
0.0499005586716044
0.0500506953791172
0.0499075601490818
0.0499075601490818
0.0512743677789374
0.0499075601490818
0.0499075601490818
0.0499075601490818
0.0499075601490818
0.0499075601490818
0.0499064586634709
0.0499064586634709
0.0505904903028526
0.0505904903028526
0.0505904903028526
0.0505904903028526
0.0505904903028526
0.0505904903028526
0.0529078501656004
0.0505889465645258
0.0505889465645258
0.0505889465645258
0.0505889465645258
0.0505889465645258
0.0505889465645258
0.0505889465645258
0.0505889465645258
0.0505889465645258
0.0505889465645258
0.0505889465645258
0.0505889465645258
0.0505889465645258
0.0505889465645258
0.0505889465645258
0.0505889465645258
0.0505889465645258
0.0505889465645258
0.0505889465645258
0.0505889465645258
0.0505883990870386
0.0505883990870386
0.0505883990870386
0.0505883990870386
0.0505883990870386
0.0505883990870386
0.0508134524874667
0.0508134524874667
0.0508134524874667
0.0508134524874667
0.0508727988596047
0.0508727988596047
0.0508296144268166
0.0508296144268166
0.0508296144268166
0.050828140349489
0.0507687846719332