0.0386527119541713
0.0386527119541713
0.0386527119541713
0.0387019258162588
0.0387377766519449
0.0390496642836528
0.0395280623945087
0.0395414197303786
0.0395309291883335
0.0387759716345148
0.0395279126648937
0.0396592960249009
0.0395423815728891
0.0395309291883335
0.0395286319132733
0.0395219336088663
0.0387291217491723
0.0386572403430358
0.0386543525714809
0.0386543525714809
0.0386527119541713
0.0386527119541713
0.0386527119541713
0.0386527119541713
0.038652289874048
0.038652289874048
0.038652289874048
0.038767276928586
0.0387660410394986
0.0387660410394986
0.038764942216887
0.0387486649466993
0.038741985343331
0.0387127376397249
0.0387127376397249
0.0387272698620528
0.0387321826918783
0.0388242460451286
0.03882816911716
0.038830973642793
0.038830973642793
0.0388034185408426
0.0386965136224293
0.0386965136224293
0.0386965136224293
0.0386965136224293
0.0386965136224293
0.0386965136224293
0.0386965136224293
0.0386965136224293
0.0386965136224293
0.0386980290700777
0.0386976131528266
0.0386976131528266
0.0386960977051782
0.0386960977051782
0.0386960977051782
0.0386960977051782
0.0387007575209916
0.0386942002577488
0.0386942002577488
0.0386942002577488
0.0386942002577488
0.0386942002577488
0.0386942002577488
0.0386942002577488
0.0386942002577488
0.0386942002577488
0.0386942002577488
0.0386843633219445
0.0386843633219445
0.0386843633219445
0.0386843633219445
0.0386843633219445
0.0386843633219445
0.0386843633219445
0.0386843633219445
0.0386843633219445
0.0386843633219445
0.0386838023252754
0.0386838023252754
0.0386838023252754
0.0386838023252754
0.0386838023252754
0.0386838023252754
0.0386936392610798
0.0386936392610798
0.0386936392610798
0.0386936392610798
0.0386929911181686
0.0386929911181686
0.0387212631383536
0.0387212631383536
0.0387212631383536
0.0387201658431231
0.0387208060452782