0.0465810503095041
0.0465810503095041
0.0465810503095041
0.0466562945834173
0.0466994883613524
0.0470739400475711
0.047637823648009
0.0476539168237558
0.0476412776164726
0.0467465007085371
0.0476376432508825
0.0477926575183374
0.0476550756701541
0.0476412776164726
0.0476385098151952
0.0476304395689218
0.0466731533484742
0.0465865061997023
0.0465830269568651
0.0465830269568651
0.0465810503095041
0.0465810503095041
0.0465810503095041
0.0465810503095041
0.0465810503095041
0.0465810503095041
0.0465810503095041
0.046719656464238
0.0467183325815735
0.0467183325815735
0.046717008698909
0.0467151081262027
0.046707060411301
0.046723269590691
0.046723269590691
0.0467171307896038
0.046708422807537
0.0467891485996357
0.0467940409466098
0.0467972541389904
0.0467972541389904
0.0467663945561635
0.0466372183056264
0.0466372183056264
0.0466372183056264
0.0466372183056264
0.0466372183056264
0.0466372183056264
0.0466372183056264
0.0466372183056264
0.0466505408851907
0.0466480660666549
0.0466477292633976
0.0466477292633976
0.0466502040819334
0.0466502040819334
0.0466502040819334
0.0466502040819334
0.04665803441994
0.0466479180006932
0.0466479180006932
0.0466479180006932
0.0466479180006932
0.0466479180006932
0.0466479180006932
0.0466479180006932
0.0466479180006932
0.0466479180006932
0.0466479180006932
0.0466327336288091
0.0466327336288091
0.0466327336288091
0.0466327336288091
0.0466327336288091
0.0466327336288091
0.0466327336288091
0.0466327336288091
0.0466327336288091
0.0466327336288091
0.0466320577292078
0.0466320577292078
0.0466320577292078
0.0466320577292078
0.0466320577292078
0.0466320577292078
0.0466434165534466
0.0466434165534466
0.0466434165534466
0.0466434165534466
0.0466426356583728
0.0466426356583728
0.0466982317664576
0.0466982317664576
0.0466982317664576
0.0466969097240113
0.046697681051909