0.0027231665434651
0.00272413771366874
0.0027057239178118
0.00269942925020063
0.00270092336835466
0.00270036934336464
0.00270113402278001
0.00270113402278001
0.00270113402278001
0.00270113402278001
0.00270113402278001
0.00269287613296087
0.00269287613296087
0.00269278853189844
0.00265568537705164
0.00265568537705164
0.00265568537705164
0.00265562269434919
0.00265562269434919
0.00265562269434919
0.00263230997392924
0.00263230997392924
0.00255768446084871
0.00256793252224851
0.00256383340827187
0.00256532591463767
0.00256532591463767
0.00256534248404706
0.00256541886766468
0.00253540282707431
0.00253540282707431
0.00253540282707431
0.00253540282707431
0.00253540282707431
0.00251261411057838
0.00250690703846019
0.00249990075678573
0.00250011800841932
0.00250070092822982
0.00250104261156693
0.00249760367868197
0.00249760367868197
0.00249721295808673
0.00248187426833633
0.00248187426833633
0.00248214228542663
0.00248051715059709
0.00247902217986358
0.00247902217986358
0.0024668829184202
0.0024574920226344
0.0024574920226344
0.00243571872594928
0.00243811854106757
0.00238352021199331
0.00237845290456801
0.00238185035099468
0.00238207709909845
0.00238220133560409
0.00238220133560409
0.00238086705616052
0.00238086705616052
0.00238086705616052
0.00238086705616052
0.00238086705616052
0.00238086705616052
0.00238086705616052
0.00238086705616052
0.00238086705616052
0.00238086705616052
0.00238086705616052
0.00238086705616052
0.00238086705616052
0.00234496582497452
0.00234492791402566
0.00234493356052136
0.00234492791402566
0.00234488719306054
0.00234490589217301
0.00234490589217301
0.00234490589217301
0.00233798595264494
0.00231870551462307
0.00231870551462307
0.00231866555075176
0.00231868424986422
0.00231868424986422
0.00230689661970152
0.00230689661970152
0.00230134534423456
0.00229103723972046
0.00229099872804197
0.00225945112806026
0.00223953987863205
0.00222855627532708
0.00222854985382502
0.00271894173627788
0.00267099490589126
0.00263723608188821
0.00263724005025851
0.00263572723675932
0.00263619518843357
0.00260539602609212
0.00260334840846486
0.00259269945604486
0.00259129131835496
0.00259126753068692
0.00259126753068692
0.00257344627744687
0.00257346719592101
0.00257346719592101
0.00257346719592101
0.00257346719592101
0.00257346719592101
0.00257346719592101
0.00257346719592101
0.00257346719592101
0.00257346719592101
0.00257346719592101
0.00257346719592101
0.00257346719592101
0.00256486071397019
0.00256486071397019
0.00256486071397019
0.00256486071397019
0.00256486071397019
0.00256196995873757
0.00286499802455299
0.0028215195137705
0.00259025576366423
0.00258605810328935
0.00258171841105596
0.00258171841105596
0.00258171841105596
0.00258171841105596
0.00258171841105596
0.00258171841105596
0.00258171841105596
0.00258171841105596
0.00258171841105596
0.00258171841105596
0.00258171841105596
0.00258171841105596
0.00258171841105596
0.00258171841105596
0.00258171841105596
0.00255363403992148
0.00255365657596834
0.00255269317744875
0.00255267225897462
0.00255263148223135
0.00255263148223135
0.00253462094172034
0.00253052215025095
0.00253052215025095
0.00253152375281506
0.00253144629586036
0.00253044469329625
0.00253044469329625
0.00253044469329625
0.00253046561177039
0.00253046561177039
0.00253038116976317
0.00253046561177039
0.00253046561177039
0.00245953761989589
0.00237426319192654
0.00246447231682465
0.00245411935829475
0.00245369300620797
0.00245375291040918
0.00245375291040918
0.00245375291040918
0.00245375291040918
0.00245375291040918
0.00245375291040918
0.00245375291040918
0.00245375291040918
0.00245375291040918
0.00245375291040918
0.00245375291040918
0.00245375291040918
0.00245375291040918
0.00245375291040918
0.00245375291040918
0.00245375291040918
0.00245967537257932
0.00245927629096245
0.00245927629096245
0.00245927629096245
0.00245236422175017
0.00245236422175017
0.00273922055052727
0.00273922055052727
0.00273922055052727
0.00273922055052727
0.00273786587155487
0.00273781630287034
0.00273781630287034
0.00273781630287034
0.00273781630287034
0.00273781630287034
0.00273781630287034
0.00273781630287034
0.00273781630287034
0.00273781630287034
0.00273781630287034
0.00273781630287034
0.00273781630287034
0.00273781630287034
0.00273781630287034
0.00273781630287034
0.0027372771013452
0.0027372771013452
0.0027372771013452
0.0027372771013452
0.0027372771013452
0.0027372771013452
0.0027372771013452
0.0027372771013452
0.00273721499123481
0.00273721499123481
0.00273721499123481
0.00273721499123481
0.00273721499123481
0.00273721499123481
0.0026911021671145
0.0026911021671145
0.0026911021671145
0.0026911021671145
0.0026911021671145
0.0026911021671145
0.00268366460425778
0.00267114705813374
0.00267114705813374
0.00267114705813374
0.00267106104392597
0.00267108358259511
0.0026704185218003
0.00267004499929922
0.00266996200560719
0.00266996200560719
0.0026684581518562
0.00266502762348281
0.00266779129567658
0.00266779129567658
0.00266490414076132
0.00265520019919042
0.00265489180470465
0.00265480793281795
0.0026168042961733
0.00261271381897756
0.00261304770690976
0.00261297195600912
0.00261297195600912
0.00261297195600912
0.00261293370449062
0.00261278188704411
0.00261278188704411
0.00261278188704411
0.00261278188704411
0.00261278188704411
0.00261278188704411
0.00261275780225523
0.00260487185449531
0.00260487185449531
0.00260477140835373
0.00260487185449531
0.00260482501614222
0.0025836481608547
0.0025806909721798
0.00257811325503123
0.00255540923677819
0.00255398528778971
0.00255548121019722
0.00255548121019722
0.00255548121019722
0.00255548121019722
0.00253581459713466
0.00252946301311772
0.00247049801773025
0.00247167464537143
0.0023896728293937
0.00238660307993633
0.00236236087351892
0.00236296622058747
0.00236283793259826
0.00236380016714048
0.00275161731626755
0.00275161731626755
0.00275197732298941
0.00275197732298941
0.00275197732298941
0.00275197732298941
0.00275197732298941
0.00275197732298941
0.00275197732298941
0.00275197732298941
0.00275197732298941
0.00275197732298941
0.00275197732298941
0.00275197732298941
0.00275197732298941
0.00275197732298941
0.00275197732298941
0.00275197732298941
0.00275197732298941
0.00275197732298941
0.00275197732298941
0.00275197732298941
0.00275197732298941
0.00275197732298941
0.0027494900558972
0.00274840355795696
0.00274816346859621
0.00274816346859621
0.00274476209363745
0.00274299261411046
0.00274288045111685
0.00274233285150737
0.00269787529245711
0.00257032447803593
0.00246583648796542
0.00253468244950657
0.00253640005623298
0.00249658083107105
0.00249607979958796
0.00245584507629654
0.00244798005392469
0.00241722902629859
0.00241780456682896
0.0024187638967689
0.00241883851797968
0.00241616030083885
0.00241607563749855
0.00238323994244119
0.00238323994244119
0.00237599683434028
0.00237480071842646
0.00237481145318657
0.00237571642747417
0.00237571642747417
0.00237571642747417
0.00237571642747417
0.00237571642747417
0.00237571642747417
0.00237571642747417
0.00237571642747417
0.00237571642747417
0.00237571642747417
0.00237571642747417
0.00237571642747417
0.00237571642747417
0.00237571642747417
0.00237571642747417
0.00237571642747417
0.00237571642747417
0.00237571642747417
0.00237571642747417
0.00237571642747417
0.00237571642747417
0.00237571642747417
0.00237571642747417
0.00237571642747417
0.00237571642747417
0.00237571642747417
0.00237571642747417
0.00237571642747417
0.00237571642747417
0.00237571642747417
0.00237571642747417
0.00237128760768603
0.00237128760768603
0.00235198365497638
0.00234690595906354
0.00234695876037429
0.00231974654908958
0.00231678106145098
0.00231678106145098
0.0023129785749434
0.00231299860399815
0.00231257454936632
0.00231159181664753
0.00231159181664753
0.00274051515261438
0.00274051515261438
0.00274051515261438
0.00274051515261438
0.00274051515261438
0.00274183252437836
0.00274183252437836
0.00274183252437836
0.00274183252437836
0.00274183252437836
0.00274183252437836
0.00420149204587137
0.00274432686896249
0.00274425197309014
0.00274071716969505
0.00273275659012945
0.00264081307380805
0.00249763985661819
0.00247679450310202
0.00244652470983802
0.00242487264151096
0.00231958999022479
0.00226538026969323
0.00226419891419125
0.00225507635373146
0.00226070226101234
0.00223127434668548
0.00222406190639853
0.00223048501417623
0.00223108327435493
0.00223106327811108
0.00225161030556681
0.00225219071028562
0.00224326018464198
0.00223821422736298
0.00224171561868656
0.00224178721007499
0.00222852475818711
0.00561923323903586
0.00236703334394326
0.00236650071467176
0.00236659562414569
0.00229042038300344
0.00228981789028079
0.00228918594208307
0.00228885332201853
0.00228917788802148
0.0022869367662496
0.0022869367662496
0.00228643063836169
0.00228653461943576
0.00228653461943576
0.00228423098440209
0.00228411548885335
0.00227925642944992
0.0022861815371676
0.0022861815371676
0.00227129686361826
0.0022489809827814
0.00224812145441583
0.00222410262878345
0.00221170027590733
0.00217983762405131
0.00216798869358447
0.00215706875499333
0.00215706875499333
0.00215706875499333
0.00214901369705686
0.00213771425350686
0.00213035055304093
0.00212513064084731
0.0021232106888597
0.00212348407881714
0.00213804107018295
0.00212245872863455
0.00212186939102174
0.00212202371226943
0.002122458537197
0.0021225697740828
0.0021225697740828
0.0021225697740828
0.00209080697407708
0.00209080697407708
0.00209080697407708
0.00209080697407708
0.00202875756701218
0.00202857689766708
0.00202795428059299
0.00202799452979426
0.00202830787496538
0.00202830787496538
0.00202830787496538
0.0019563179792809
0.0019563179792809
0.00195655412450854
0.00195846501944855
0.00280841991024294
0.00281077384788811
0.00279678119891017
0.00279669134947088
0.00279145401095717
0.00279145401095717
0.00279145401095717
0.00279145401095717
0.00279252630537494
0.00279252630537494
0.00279252630537494
0.00279252630537494
0.00279235536330047
0.00279235536330047
0.00279235536330047
0.00279235536330047
0.00279235536330047
0.00279227330833226
0.00276112464545778
0.00276112464545778
0.00275961655346057
0.00275961655346057
0.0027638332333421
0.0027638332333421
0.00275989268021945
0.00275907721277728
0.00275907721277728
0.00275899230230387
0.00275899230230387
0.0027538436628377
0.0027538436628377
0.0027538436628377
0.00275301975555568
0.00275301975555568
0.00275301447312748
0.00275299134824757
0.00256160007422173
0.00256761864104295
0.00265357644526829
0.00262077144907785
0.00261967005369692
0.00261904968014932
0.00261904968014932
0.00261997982006379
0.00261655310880923
0.00261923151599098
0.00261923151599098
0.00261923151599098
0.00261923151599098
0.00261923151599098
0.00260277473824467
0.00249072652644507
0.00249054713239176
0.00248971821259583
0.00249190107766008
0.0025680298319194
0.00256842368436114
0.00256842368436114
0.00256842368436114
0.00256842368436114
0.00256842368436114
0.00256842368436114
0.00256842368436114
0.00256842368436114
0.00256842368436114
0.00256842368436114
0.00256842368436114
0.00256842368436114
0.00256842368436114
0.00256842368436114
0.00256842368436114
0.00256842368436114
0.00256842368436114
0.00256842368436114
0.00256842368436114
0.00256842368436114
0.00256842368436114
0.00256842368436114
0.00256842368436114
0.00256842368436114
0.00256842368436114
0.00256842368436114
0.00256842368436114
0.00256842368436114
0.00255417171848378
0.00255417171848378
0.00255417171848378
0.00255417171848378
0.00255417171848378
0.00254843888992857
0.00253768321325183
0.00253350306754928
0.00253350306754928
0.0025291305734968
0.00251865341613988
0.00250251061424353
0.00268921245038174
0.00268930229982103
0.00268930229982103
0.00268930229982103
0.00268930229982103
0.00268934367849215
0.00268934367849215
0.00258956169310878
0.00255615286937825
0.00255635672505976
0.0025536092435818
0.00258511385789901
0.0025851348192257
0.0025851348192257
0.0025851348192257
0.0025851348192257
0.0025851348192257
0.00258610329435152
0.00258610329435152
0.00258610329435152
0.00258610329435152
0.00258610329435152
0.00255596923812231
0.00235718088827835
0.00235718088827835
0.00235718088827835
0.00235766372041286
0.00235766372041286
0.00234823740907411
0.00213964277651713
0.00182360493924311
0.00177652437706677
0.00173571037876253
0.00174726523734958
0.00175049687113629
0.00173662993667527
0.00173754119525469
0.00173694250755236
0.0017340173842172
0.00173319582458361
0.00172988218181496
0.00172926729800076
0.00172935959529011
0.00172935959529011
0.00172936605745873
0.00172936432592924
0.00173066694005729
0.00176564554851514
0.00175960246652398
0.00174917431785526
0.00172034255257555
0.00171931274513181
0.00171933531327858
0.00171933531327858
0.00171933531327858
0.00171933531327858
0.00171933531327858
0.00171933531327858
0.00172241580950713
0.001705465170991
0.00170368842589335
0.00169893205629772
0.0016779193408064
0.00156203029175904
0.00156134991291606
0.00167481663785037
0.00167452937933908
0.00167452937933908
0.00167452937933908
0.00167452369264317
0.00167329758644319
0.00159302406461584
0.00159302406461584
0.00159310841693714
0.00159314091373079
0.00159314091373079
0.00159314091373079
0.00159314091373079
0.00159314091373079
0.00159235711232362
0.00179660791433904
0.00160462657473443
0.00160207467591408
0.00160169397618922
0.00159976834191133
0.00159957651684326
0.00159833353006421
0.00159850039180113
0.00159280821411223
0.00159288574169381
0.00159288574169381
0.00156700866662302
0.00156606143492907
0.00138088731023633
0.0013588193023101
0.00135588455303813
0.0025837252732289
0.00260050567476408
0.0025487142593198
0.00253818972041955
0.00253873471135679
0.00253925656083543
0.00253925656083543
0.00253925656083543
0.00253925656083543
0.00253925656083543
0.00253925656083543
0.00253925656083543
0.00253925656083543
0.00253925656083543
0.00253925656083543
0.00253925656083543
0.00253712644960139
0.00253672581662193
0.00253648395607508
0.00253648395607508
0.00244216257270226
0.00244452516541767
0.00242628980802727
0.00241153502073054
0.00241123037402939
0.00241113098555288
0.00241187741188948
0.00241184065393295
0.00241184065393295
0.00241184065393295
0.00241184065393295
0.00241132546367939
0.0023297438616718
0.00233149421923133
0.00240978608452292
0.00240572214888457
0.00240572214888457
0.00240623438487435
0.00240303540664884
0.00240250536878863
0.00240098365082992
0.00239273276992711
0.00239136965368357
0.00239136965368357
0.00239124985001744
0.00238598744794863
0.00238577532901078
0.00238575491715153
0.00238575491715153
0.00238575491715153
0.00235205167132388
0.0022238968347021
0.00222347226919861
0.00222624448360899
0.00222197285344232
0.00222197285344232
0.00212136714905847
0.00211701082399445
0.00199555957727545
0.00199537695610614
0.00212879069762957
0.00212797052986506
0.00220134035901322
0.00220185695642701
0.00219941823838154
0.00219941823838154
0.00219958709901267
0.00219835319480323
0.00219835319480323
0.00219788569406908
0.00219788569406908
0.00219788569406908
0.00219788569406908
0.00219788569406908
0.00219788569406908
0.00219788569406908
0.00219788569406908
0.00219788569406908
0.00219788569406908
0.00219788569406908
0.00219788569406908
0.00219788569406908
0.00219788569406908
0.00219788569406908
0.00219788569406908
0.00218340795138228
0.00204496545123685
0.00204496545123685
0.00204470343101938
0.00204295120178283
0.00204295487016812
0.00204606094972419
0.00203466667727986
0.0020367696382489
0.002040458190212
0.00203679842621807
0.00262346624183469
0.00262323090634685
0.00262335399987429
0.00262138110656073
0.00227779505049629
0.00252179747936026
0.00252472156309697
0.00261336572413516
0.00261336572413516
0.00261319280527588
0.00261319280527588
0.00261319280527588
0.002613233258509
0.002613233258509
0.002613233258509
0.002613233258509
0.002613233258509
0.002613233258509
0.002613233258509
0.002613233258509
0.002613233258509
0.002613233258509
0.00261325428867417
0.00261325428867417
0.00215846075678712
0.00194353868891169
0.00193712030951017
0.00166845549952285
0.00158691281968595
0.00158719094714928
0.00159229891472834
0.00159023049311442
0.00159286510158575
0.0015930224469766
0.0015930224469766
0.00159247247615371
0.00159170356665547
0.00158531805610175
0.00158402262495132
0.0015889963511108
0.00158881221452997
0.00158746237336173
0.00158593776329554
0.00158593776329554
0.00158593776329554
0.00158593776329554
0.00158593776329554
0.00158591923742313
0.00158585600551378
0.0015139576177793
0.00151402099682554
0.00151584227633804
0.00151589037568402
0.00151589037568402
0.00151589037568402
0.00151589037568402
0.00151589037568402
0.00151589037568402
0.00151589037568402
0.00151589037568402
0.00151589037568402
0.00151589037568402
0.00151589037568402
0.00151568256796499
0.00151568256796499
0.00151574911978983
0.00151574911978983
0.00151574911978983
0.00151574911978983
0.00151574911978983
0.00151574911978983
0.00151574911978983
0.00151574911978983
0.00151577510287114
0.00151574911978983
0.00151574911978983
0.00151574911978983
0.00151574911978983
0.00151574911978983
0.00151574911978983
0.00151574911978983
0.00151571418180859
0.00151571418180859
0.00151571418180859
0.00151571418180859
0.00151571418180859
0.00150994172187494
0.00151158767152205
0.00151481331148902
0.00151483183736143
0.00151483183736143
0.00150294192431611
0.00150233373478252
0.00150241031091303
0.00150241031091303
0.0014991291793419
0.00262083062976818
0.0018984181819626
0.00251091439909046
0.00251640579000508
0.00256845958769237
0.00257080904826713
0.00259373565839336
0.00259381529629448
0.00259381529629448
0.00259381529629448
0.00259381529629448
0.00259381529629448
0.00257881545844541
0.00257881545844541
0.00257846895512895
0.00257881545844541
0.00257252967794051
0.00257252967794051
0.00257252967794051
0.00257252967794051
0.00257774203522946
0.00257774203522946
0.00257774203522946
0.00257382072900597
0.00257382072900597
0.00257382072900597
0.00257382072900597
0.00257382072900597
0.00257382072900597
0.00257969661973904
0.00257969661973904
0.0025654777236645
0.00251691497509712
0.00251524356935649
0.0025152057392113
0.00250539080087321
0.00250090809894015
0.00233556500964061
0.00241524730515797
0.00241524730515797
0.00241524730515797
0.00232111621703705
0.00239896729657202
0.00240393199679273
0.00246678433965356
0.00246678433965356
0.0024659642693255
0.00246672093413442
0.00246672093413442
0.00246677106835352
0.00246258246860849
0.00245746904821441
0.00245737199641514
0.00245720951227592
0.0024571929802596
0.0024571929802596
0.0024571929802596
0.0024571929802596
0.002326113156812
0.00232165376771104
0.00231663706617668
0.00232096621355269
0.00232167253935686
0.00232167253935686
0.00232153793260282
0.00232145470171284
0.00232145470171284
0.00195826128131389
0.00195750639190661
0.00195745456317329
0.00195718797506452
0.00195721958765047
0.00195721958765047
0.00195721958765047
0.00195721958765047
0.00195716817849678
0.00195916675266284
0.00196379073413241
0.00196313973664965
0.00196313973664965
0.00196313973664965
0.00196313973664965
0.00196313973664965
0.00196313973664965
0.00196313973664965
0.0019630885353777
0.00196303754072912
0.00194889598207487
0.00194830168387286
0.00194824076128061
0.00193674503107841
0.00192714665810548
0.00192714665810548
0.00192653526276497
0.00191410055489333
0.00191403997463134
0.00269154904775369
0.00269163273036905
0.00269163273036905
0.00269116712068548
0.00268037411956409
0.00262440054685411
0.00227526507970206
0.00211932315791353
0.00199303010333192
0.00199127380602174
0.00199047585433622
0.0019898759847452
0.00202968597292162
0.00199138309051058
0.0019014058888654
0.00195641066005587
0.00195641066005587
0.00195639476115825
0.00195653668488133
0.00173863545434308
0.00165356311609808
0.00164941177070941
0.00165234815508262
0.0016411454650683
0.00163539878185805
0.00163118116341892
0.00162398394098517
0.00156485011248703
0.00153106784633205
0.00152414879704095
0.00152554242239329
0.00152927520913256
0.00150693549454184
0.00149917544195356
0.00149869377677551
0.00149698025428414
0.00148442502090159
0.00148442502090159
0.00148248095573221
0.00147644100178583
0.00134907738090059
0.00132301764392087
0.00131987793673644
0.00131383737804918
0.00124514826525585
0.00124488248940598
0.00124492286350188
0.0012427506464602
0.00123976151533309
0.00123954779412768
0.00123841566033455
0.00123841422374682
0.00124278555612256
0.00124282088429247
0.00124312490736497
0.00124310865589858
0.00124310865589858
0.00124310865589858
0.00124310865589858
0.00124309559044036
0.00124308253494689
0.00124305645380866
0.00124304342814117
0.00124301740655269
0.00124300374629453
0.00124297028818109
0.00124295731857336
0.00124292392383231
0.00124292392383231
0.00124203702425955
0.00124187399513656
0.00124172637551014
0.00124172637551014
0.00124125504962415
0.00124125504962415
0.0012381563726452
0.00123815800839132
0.00123792099649768
0.00123748455088873
0.00123730102837016
0.00123675072400097
0.00123622308645233
0.00215012472414417
0.00240515887862737
0.00243285312414052
0.00243305460328611
0.00243303682421747
0.00243300914215381
0.00243300322314738
0.00243296281240763
0.00243296281240763
0.00243296281240763
0.00243296281240763
0.00243294507739564
0.00243292735556872
0.00243292735556872
0.00530440116473994
0.00530421745193633
0.00530421745193633
0.00530421745193633
0.00530421745193633
0.00530421745193633
0.0053036983061152
0.00530357667448003
0.00269423202590603
0.0026939649805139
0.00268937173270461
0.00496302107203499
0.00522355797506195
0.00521919260891459
0.00525225019686373
0.00525101930500164
0.00519360685292851
0.00519409996423121
0.00519484497841765
0.00519519490495535
0.00519480557800548
0.00519440111962184
0.00519427228472802
0.00519401531491868
0.00518305727639617
0.00267248906220783
0.00268170675121429
0.00268170675121429
0.00268159397570165
0.00268157348140343
0.00268157348140343
0.00268157348140343
0.00266914443264898
0.00266914443264898
0.00266914443264898
0.00265078793458632
0.00265088924678637
0.00265088924678637
0.00265088924678637
0.00265077697573144
0.00265077697573144
0.00264948570437717
0.00264193594130044
0.00264059363949344
0.00263964183148552
0.00264059363949344
0.00264043178905506
0.00264032405524796
0.00263939277562207
0.00263939277562207
0.00236562020680926
0.00231326242205618
0.00232231362586216
0.00232336632574657
0.00232471066009512
0.00232471066009512
0.00233560184851972
0.00233560184851972
0.00232009741780394
0.00231649034706566
0.00231649034706566
0.00231640954883843
0.00231640954883843
0.00231640954883843
0.00231632889209357
0.0023162483764598
0.0023162483764598
0.0023162483764598
0.0023162483764598
0.0023162483764598
0.0023162483764598
0.0023162483764598
0.0023162483764598
0.0023162483764598
0.0023162483764598
0.00231616800156712
0.00231569645200113
0.00231569645200113
0.00234815934979589
0.00215341937617221
0.00196319107845576
0.00197503271283695
0.00197815530697208
0.00197761012148624
0.00197975704713344
0.00197970053305667
0.0019810369973896
0.0019810369973896
0.00198104087549883
0.00198104087549883
0.00198104087549883
0.00196827520563411
0.00196811693270621
0.00196811693270621
0.00196811693270621
0.00191596685131097
0.00256282587236547
0.00256256082135987
0.00256206571180592
0.00256206571180592
0.00256204727899039
0.00256204727899039
0.00256204727899039
0.00256172489157329
0.00256148398719417
0.00256124853693602
0.00256066146163101
0.00255820151605365
0.00255575879619336
0.00255538508431263
0.00255514794869342
0.00255479468623514
0.00255423061125791
0.00255079695836818
0.00255079695836818
0.00255354052994548
0.0025537693689423
0.00247285037299042
0.00247254077701583
0.00247254077701583
0.00255168002107643
0.00255168002107643
0.0025516047953324
0.0025516047953324
0.00257978230780111
0.00258349264034993
0.00258326226259679
0.00248621196677725
0.00240298987615267
0.00238313084532303
0.00235362743774781
0.00235315332643951
0.0019662807455425
0.00197623074163567
0.00196407741046189
0.00196591277293155
0.00196572844793764
0.00196579603850801
0.00196202260139053
0.0019171176404802
0.00191598396054158
0.00191931382241731
0.0019188240250206
0.00190968325570186
0.00190626990312752
0.00190615493402475
0.00189580674796642
0.0018705400890294
0.00186659151033185
0.00186656548115658
0.00186644217435184
0.0016296585674546
0.00162977853762843
0.00158950736465978
0.0015909052350706
0.00158946222509605
0.00158812891164492
0.00153564298977753
0.00153011304881552
0.00152920741362247
0.00152195543235642
0.0015733816449599
0.00157346184148362
0.00157315006731219
0.00157286619668033
0.00157263271473895
0.00157209617303968
0.001571798532812
0.00157160321942864
0.00157122261833145
0.00157062316831962
0.00157022474423835
0.00156968584214138
0.00156923437195647
0.00156894268728867
0.00157438667769955
0.00157414786198382
0.00157366936501988
0.00157315419683748
0.00157274469637331
0.00157257405340062
0.00157233413604242
0.0015721471347922
0.00157189580920185
0.00157156734760588
0.00157005256689116
0.00156977620406468
0.00156956991561404
0.00156904548722649
0.00156867803418225
0.00156830652966343
0.00156809220830485
0.00257876357864553
0.00257755164129169
0.00212736862068306
0.00212610288110903
0.00212556135245644
0.0021256954764118
0.00212522671991352
0.00212398097891106
0.00212343957025732
0.00212331326049402
0.00211650175648258
0.00211650175648258
0.00211650175648258
0.00211642767803056
0.00211645345204089
0.00211632610446251
0.00211625229449158
0.00211624954906013
0.00211624954906013
0.00211610232983595
0.00211565194021235
0.00213113372815285
0.00211559333116814
0.00211354912672158
0.00205629943091024
0.00195236888288275
0.00195216740288929
0.00194817106209908
0.00192623573406334
0.00190458849235182
0.00169287431591675
0.00169045650598732
0.00168848463441739
0.00168394734772223
0.00168305467705171
0.00168310379331374
0.00167829544518477
0.00167784242207581
0.00167814648961378
0.00165158130959599
0.00165123002727556
0.00164873066509621
0.00156263470168829
0.00153457768795597
0.00153234281863451
0.00145748727232795
0.00145746055195727
0.00145472517402861
0.00145745847770686
0.00145549252390204
0.00145532201502737
0.00140437119735287
0.00137327863255509
0.00133673794460898
0.00131107681814565
0.00126545048692945
0.00126543841602061
0.00126442939446615
0.00126458233969223
0.001264602838304
0.0012645813556696
0.00126455990273298
0.00126314247937539
0.00126293783748907
0.00126398779308231
0.00125915434249201
0.00126117421787249
0.00125952598395514
0.00125919396852593
0.00125916257898837
0.001259099992345
0.001259099992345
0.00125898329436382
0.00125896180056741
0.00125895733149413
0.00125888149308886
0.00125880501730335
0.00125874349791809
0.00125872304681376
0.00125872304681376
0.00125865618537704
0.00125863240876057
0.00125862562230467
0.00125860189368675
0.00126050887872312
0.00126047798947657
0.0012604184491995
0.00126079219779168
0.00125780433285459
0.00125806252868242
0.00125422450915097
0.0012508502680397
0.00125095223655705
0.00124513293171324
0.00124618653968913
0.00124535016359527
0.00264050632137362
0.00263645593587032
0.00263643685890614
0.0025886990962636
0.00255104329519953
0.00243887128227551
0.00238413459867041
0.00236741685693768
0.00236723795687509
0.00232989153134673
0.00227279750519359
0.00226487493051235
0.00225642785148511
0.00225143502585363
0.00225114709640552
0.00224975974531111
0.002248486973589
0.0022479263586555
0.00224785160255675
0.00224723389931636
0.00224626974528511
0.00224299634060106
0.0022425275937213
0.00224246293003281
0.00223766266317256
0.00223752281558758
0.00223725588869081
0.00222944967372919
0.00222532196191051
0.00222414828287724
0.00222328294143702
0.00215242930296239
0.00214935860681121
0.00211810706907914
0.00209840194226581
0.00209689982673751
0.00209780443031239
0.00209691312453805
0.00209682522733634
0.00209670605121416
0.00209662157379818
0.00204904453060906
0.00202363959014985
0.00202363959014985
0.00202338240128473
0.00202317464721195
0.00202295226901405
0.00202282228109814
0.0020225220044508
0.00202238379295855
0.00200778472396577
0.00200748379479809
0.00201401448042174
0.00201059826301179
0.00201059826301179
0.00201039479054479
0.00201005662130726
0.00201001571449597
0.00200834249038847
0.00196462897931651
0.00196462897931651
0.00196435352562419
0.00196432302209874
0.00196432302209874
0.00196421745588395
0.00196421745588395
0.00196407734357973
0.00196407734357973
0.00196407734357973
0.0019648455860506
0.00196465421687459
0.00196448757699656
0.00196445552622039
0.00196441752251264
0.00196422975932328
0.00196422975932328
0.00196413417897722
0.0019640389394148
0.0019640389394148
0.00196508518895685
0.00196508518895685
0.00196508518895685
0.00196500760643919
0.00196428651353654
0.00196428651353654
0.00196385687478729
0.00196371930641151
0.0019632818121635
0.00196330469792978
0.00196058467309692
0.00196056434735684
0.00193492188720446
0.00193492188720446
0.00193489178582048
0.00185109682490271
0.00184824771703423