0.299313371941643
0.299314463751272
0.299314463751272
0.299314463751272
0.299314463751272
0.299314463751272
0.299326576837541
0.299328200661829
0.299329278115805
0.299329278115805
0.299232081272758
0.309690480742976
0.309796008743998
0.309743603876049
0.309560757988831
0.309650579775989
0.309650163073166
0.302846964349258
0.302674237721297
0.302618213377218
0.302436857570351
0.302436857570351
0.30225804852164
0.302221324560587
0.302183187646247
0.302200941408528
0.302222559473605
0.30214129541025
0.302109583517773
0.302101734384754
0.302109451045881
0.302083380046684
0.302088747585653
0.302080921246345
0.30217542599602
0.302194978880211
0.30219490499213
0.30219642584156
0.302180029306625
0.302180029306625
0.302180029306625
0.302607572815364
0.302140448097731
0.302163730949799
0.302157382290723
0.302148903585006
0.302101393140469
0.302102142815238
0.302102481268263
0.302081718552324
0.301905855706515
0.302048572542366
0.302055651763011
0.301966719748703
0.301995637556088
0.301979548636282
0.302017810442158
0.30200828981685
0.301943234623466
0.293126851754541
0.293138086709824
0.287426040782156
0.292890092151648
0.293061422909499
0.293068029817099
0.29308371306785
0.292981388077853
0.292951992966539
0.292934235876593
0.292934778373337
0.292937970236479
0.29293354124395
0.292992356296804
0.292958766881606
0.292912375736955
0.292956379527886
0.292923598032051
0.292868656124703
0.292946244404184
0.292946244404184
0.292946275190437
0.29293879835781
0.292782076253673
0.292750043396341
0.292750818130546
0.292702357062958
0.29267541317354
0.292583828605504
0.292657710917235
0.292520823934139
0.292514910027359
0.292514910027359
0.292489156909787
0.29248250486617
0.292477997933529
0.292477997933529
0.291826426625499
0.29177415461003
0.291719329139502
0.291719329139502
0.291719329139502
0.291800930710381
0.291673106620909
0.291728680729371
0.291729921946704
0.291728680729371
0.291728680729371
0.29171123114099
0.291712175731723
0.29172302177413
0.291727141335585
0.291725770570323
0.291727467057062
0.291655719865721
0.291576180761134
0.291606308670233
0.291546590960557
0.291428689501516
0.291429108174421
0.291413784864886
0.291359277232112
0.291359277232112
0.291350667749701
0.291404995866276
0.29139177299559
0.291398993691865
0.29139499830239
0.291390318259669
0.291422388637265
0.291428278544196
0.291440230918154
0.291440946219909
0.294175985848023
0.294158056661936
0.294165618582108
0.294192621416397
0.294204952959502
0.294257859715294
0.294300607697138
0.294325964528152
0.294384702437537
0.294394357125407
0.294425515412298
0.29442723333959
0.294438461207575
0.294449530999966
0.294567066069703
0.29450314015557
0.294508263835559
0.294508984098907
0.294481168429021
0.294482186896441
0.294483474787887
0.294503100464505
0.294579002994905
0.294570078184863
0.294380836548325
0.294380836548325
0.294439663540792
0.294432250846396
0.294434685099381
0.29445191494408
0.294451275214465
0.29443797752649
0.29443797752649
0.29443797752649
0.294445526648488
0.294445526648488
0.294445817792347
0.294443017476532
0.294442638389431
0.294444977124226
0.294444977124226
0.2944450626856
0.294447703542996
0.29444496772724
0.29444496772724
0.294453992791048
0.294453992791048
0.29444566300135
0.294201787964637
0.294078460313013
0.294372803060261
0.294372803060261
0.294569759558105
0.294380794085873
0.294380794085873
0.294380794085873
0.294380794085873
0.294380794085873
0.294273329806572
0.294273329806572
0.285478810369069
0.285478810369069
0.285478810369069
0.285469461756037
0.285469461756037
0.285469461756037
0.285464158153219
0.285464158153219
0.285464158153219
0.285464158153219
0.285464158153219
0.285464158153219
0.285464158153219
0.285464158153219
0.285464158153219
0.285464158153219
0.285462757535632
0.285464546035397
0.285464546035397
0.285464546035397
0.285464546035397
0.285464546035397
0.285464546035397
0.285464546035397
0.285464546035397
0.285464546035397
0.285464546035397
0.285464546035397
0.2854121633935
0.2854121633935
0.2854121633935
0.2854121633935
0.292397631322647
0.290211589109827
0.2899691472627
0.285959568231049
0.285457720890297
0.285457720890297
0.285459169244153
0.285622766457635
0.285616955846285
0.285615489193624
0.286148009977552
0.285614397888912
0.285614397888912
0.286156507098296
0.285614397888912
0.285616447680045
0.28568255437509
0.285755172765643
0.285753927656281
0.285753927656281
0.285757992363871
0.280122720564442
0.285762800922005
0.28575228792004
0.285753922554855
0.2862711240463
0.28576311195325
0.28576311195325
0.28576311195325
0.285763979571489
0.285763979571489
0.285768381005104
0.285761322311599
0.285762875954199
0.285764421098244
0.285767380156078
0.285759798267672
0.28561041460231
0.28561041460231
0.28561041460231
0.28561041460231
0.285618811122317
0.285621413472849
0.285623561761765
0.285623561761765
0.285623561761765
0.285623561761765
0.285623561761765
0.285623561761765
0.285621135779232
0.285624391162878
0.285624391162878
0.285624391162878
0.285624391162878
0.285624391162878
0.285625870759689
0.285626077686803
0.285626181087028
0.285628355991144
0.285632016058964
0.285632016058964
0.285633653382784
0.285622879389805
0.285615996801395
0.290791582347256
0.290823732923302
0.290828787353766
0.290828787353766
0.290828787353766
0.291055086897503
0.291084124595156
0.291137695916768
0.291111870127091
0.291121014239968
0.291111503653322
0.291116304696344
0.291116752224606
0.291116975702044
0.291117105349355
0.29302068340965
0.291144251689674
0.291153014611125
0.291142074087504
0.291056447136715
0.290856055766663
0.290858468010747
0.290895883068522
0.290900249960205
0.290873618493901
0.290873875624144
0.290829016434766
0.290830167221903
0.290845381982824
0.290856777363541
0.290922566133018
0.290958910804508
0.290904428187557
0.300796897629864
0.290870798673132
0.290870798673132
0.290861366654744
0.290861366654744
0.290861366654744
0.290809495900558
0.290809495900558
0.291308816476789
0.290661045041933
0.290661045041933
0.290661045041933
0.290661045041933
0.290664783713757
0.290669914417998
0.290611701860817
0.290602514072618
0.290598683646902
0.290599058572295
0.290612828400657
0.290622328975866
0.290558884401424
0.29055820658028
0.29055820658028
0.29055820658028
0.290562621814808
0.290562621814808
0.290544760273918
0.290691126055329
0.175890680885309
0.175854353413805
0.170981029646342
0.170943584150465
0.170943862526811
0.170943804455694
0.170942659452299
0.170942659452299
0.170940461503815
0.170839841585483
0.170811166646227
0.170803291611118
0.170800237893582
0.170800017231392
0.170799796754302
0.170785643164424
0.170784809837038
0.170784809837038
0.170784809837038
0.170782120184027
0.170781298291537
0.170776781621611
0.170774603800071
0.170774603800071
0.170774603800071
0.170759852742051
0.170721139239324
0.170681849999963
0.170677738691415
0.170679618667029
0.170577501632533
0.170573793061862
0.188694702735354
0.288994441190966
0.236902008659712
0.230878783748413
0.235224609934137
0.236899885443105
0.236861631557694
0.233828142566514
0.236117328721565
0.207557736171832
0.176846594893203
0.236462101490077
0.104081439067442
0.222327474637649
0.222330688855009
0.234686220480003
0.234744961461667
0.234575984195821
0.223753340992936
0.234373444557817
0.234139437261865
0.215684826331422
0.114500837210273
0.233099589296779
0.233116242924778
0.233098694501274
0.23314149475393
0.233106604317588
0.232400529001619
0.232448808099771
0.208697210352315
0.220548725542809
0.22771309714682
0.229424948484247
0.104258935626105
0.0809143900776116
0.201434555431826
0.230730497591158
0.113452407732583
0.231212963599006
0.231223116892416
0.231225663409527
0.231247489720046
0.231257198411175
0.231273942907846
0.227801983978862
0.219481117713781
0.228894710294897
0.231280607510408
0.230875558833905
0.213334109444136
0.155745610812747
0.213550101626688
0.220270739201311
0.231266707302395
0.231284131010832
0.231967219969752
0.231981536220005
0.231960776163237
0.231961439638749
0.231907187022382
0.23190400995047
0.231962877653377
0.231949388954712
0.231930215692792
0.232005726671522
0.23205033883681
0.232099517804048
0.232083646750901
0.232069768555569
0.232086593573522
0.232127306793871
0.230875414944932
0.230895811880167
0.23149148754632
0.231752782600908
0.231751277795649
0.230758861285636
0.230763466805677
0.230768878037121
0.230760579286346
0.23078175178651
0.230784305133757
0.230789920802619
0.230783194759279
0.227882781321642
0.227882754612547
0.227882754612547
0.227924872995199
0.227917929432612
0.227920901628071
0.227918774898585
0.227916200760072
0.227916200760072
0.227916200760072
0.227922531109451
0.227900293013092
0.227904254835972
0.282051433869115
0.282051433869115
0.282051433869115
0.281987098013545
0.281987098013545
0.281967226420732
0.281967226420732
0.281969739804781
0.281987400716771
0.281987400716771
0.281987400716771
0.281991160564672
0.281992354428517
0.281992354428517
0.281992354428517
0.281984771026818
0.281999325932601
0.281999325932601
0.281991764200343
0.281991764200343
0.281991764200343
0.281991764200343
0.281991764200343
0.28198924842231
0.28198924842231
0.28198924842231
0.281976719137516
0.281981086273105
0.281981401848983
0.281986154434014
0.281977021015649
0.281977021015649
0.281977021015649
0.281977021015649
0.281964591880358
0.281946650197452
0.281965749661345
0.281965749661345
0.281965437738111
0.281807253691322
0.281813323059725
0.281813323059725
0.281805204824276
0.281805296197967
0.281805296197967
0.287201725165878
0.287216126189823
0.287216126189823
0.287214356796449
0.287216858172206
0.287217357245018
0.287218024611972
0.287219696187873
0.287222020403019
0.287223015989842
0.287213731773746
0.287249743411063
0.287249743411063
0.287249743411063
0.287247431267578
0.287250267146386
0.287406280992615
0.287426112698183
0.287418300611333
0.287420383343693
0.287422978185148
0.287427606610167
0.287425011768712
0.287425011768712
0.287425011768712
0.287418241326869
0.287256053460589
0.28730923148495
0.287310086786665
0.287306817589311
0.287306817589311
0.287315273296476
0.28730546305993
0.28732849316112
0.287370722762214
0.28741451390801
0.287492779714731
0.287490949129539
0.28749069262478
0.287354748672561
0.287354748672561
0.287354748672561
0.287354748672561
0.287350617008005
0.287222162937271
0.287229998495832
0.28721047139973
0.28719914620037
0.28719914620037
0.28719914620037
0.28719914620037
0.288195490953687
0.288195490953687
0.288195490953687
0.288360700310112
0.288360700310112
0.288360700310112
0.288360700310112
0.288360700310112
0.28836580451523
0.28836580451523
0.28836580451523
0.28837860798755
0.28837860798755
0.288383881425937
0.288383881425937
0.288383881425937
0.288383881425937
0.288383881425937
0.288383881425937
0.28842090138127
0.288583213271272
0.28858193921713
0.28842509475131
0.28843574418256
0.288437610306262
0.288418794361949
0.288474172858733
0.288472965785282
0.288471763509059
0.288451639629025
0.288455816601064
0.288469389910509
0.288455816601064
0.288455816601064
0.288455816601064
0.288300713710124
0.288300713710124
0.288300713710124
0.276991129905785
0.276991129905785
0.276991129905785
0.276991129905785
0.276991129905785
0.276991129905785
0.276994666526274
0.277003972478735
0.276844974514727
0.273197134718633
0.273198839812274
0.273198839812274
0.273202802152003
0.273218577434046
0.273218845555093
0.273216119587885
0.273240222908481
0.273235943045147
0.273233888921949
0.273233888921949
0.273646916351476
0.273802910528839
0.27380023939371
0.273760827571976
0.273836939759964
0.273836170835802
0.273838989678037
0.273826692637846
0.27366033310729
0.273655284195174
0.27366961350248
0.273658653606776
0.273648189929064
0.273641905174266
0.273382339211452
0.27337309839125
0.27337309839125
0.273373733887645
0.273373733887645
0.273373733887645
0.273373733887645
0.272850196331397
0.272850196331397
0.272848123646629
0.272879529278782
0.272880754602327
0.272880754602327
0.272880754602327
0.272876907729876
0.27287228710968
0.272872946252384
0.272869334738249
0.272869334738249
0.272869334738249
0.282953643282354
0.272880072393515
0.273303025290657
0.273391108844199
0.277915691594662
0.277915691594662
0.277915691594662
0.277915691594662
0.277916757581499
0.27791312211749
0.27791312211749
0.277881472030412
0.277738646742809
0.277738646742809
0.277299721468604
0.277299721468604
0.277153596065775
0.27715596435999
0.27715596435999
0.27715596435999
0.277158522949729
0.277158544113661
0.277168015705925
0.277177607880114
0.277179370340823
0.277186610986559
0.277619426288195
0.277775067355525
0.277765182017713
0.277762733893472
0.277763026230486
0.277761406380492
0.277761406380492
0.268607784749653
0.277740279485339
0.277739603781256
0.277728790675642
0.277711132424875
0.277565489854721
0.277565489854721
0.277563787980961
0.277551986856334
0.277551986856334
0.277551986856334
0.277551986856334
0.277551986856334
0.277543888531595
0.277543529632026
0.277542966749782
0.277565581506722
0.276914551300322
0.277067440912007
0.27707215985191
0.277072475645841
0.27709822291123
0.277080535474372
0.276699808839264
0.276873873175163
0.276879549421691
0.276886133037565
0.27702830197156
0.27688132510863
0.27688132510863
0.276891792274421
0.276875770246498
0.276870713458772
0.276870713458772
0.276873332858733
0.276855827339921
0.276855827339921
0.276851470052288
0.276842778247822
0.276842434587952
0.276840579722478
0.271738633306081
0.271738633306081
0.271605083061973
0.271605083061973
0.271623935652451
0.271623935652451
0.271615826894579
0.271615826894579
0.271599690754618
0.271599690754618
0.27158366221134
0.271518658890618
0.271521229676814
0.271898152241795
0.2719081882011
0.268798933854698
0.271911679429395
0.271911679429395
0.271911679429395
0.271911679429395
0.271911679429395
0.285295568753725
0.260065482767103
0.27193400587871
0.271924519022749
0.271922485565337
0.272131413946236
0.272152135081184
0.272152135081184
0.272152135081184
0.272152135081184
0.272152135081184
0.272152135081184
0.272152135081184
0.272152135081184
0.272152135081184
0.272152135081184
0.272005482438394
0.272188146045955
0.272033999971012
0.272033999971012
0.272033999971012
0.272033999971012
0.272054194755156
0.272053144272578
0.272075574307421
0.272070055698543
0.272061638609358
0.272133614414518
0.272179532968994
0.272015561895964
0.272008883901135
0.272002914489496
0.271342591879361
0.271332300010594
0.271332300010594
0.271337017290932
0.271215207942494
0.271240705693709
0.271240705693709
0.271232516506649
0.271232516506649
0.271228432222628
0.271228432222628
0.27124088874935
0.271220284187225
0.271216220401465
0.271216220401465
0.271213683988796
0.271213683988796
0.271217743523512
0.271217743523512
0.271217743523512
0.271217743523512
0.271217743523512
0.271219919676388
0.271211834063167
0.271214758493773
0.271214863138352
0.271214863138352
0.271213854333939
0.271213854333939
0.271213854333939
0.271213854333939
0.271213854333939
0.271103325613411
0.271101400251282
0.271101400251282
0.271058200710864
0.271058200710864
0.271050369845863
0.271050369845863
0.271050369845863
0.271031278924728
0.271038991375074
0.271038991375074
0.271038991375074
0.271035132004529
0.271035132004529
0.27101784246359
0.27101784246359
0.27101784246359
0.271006386186226
0.271006386186226
0.270996881770574
0.270996881770574
0.270987887036958
0.271002043233999
0.271002400772105
0.271001497193969
0.271005231217739
0.271005231217739
0.271005231217739
0.271532962653509
0.271532962653509
0.271518062276474
0.271518062276474
0.271518062276474
0.271518062276474
0.271518062276474
0.271895630487112
0.271897224026228
0.275362892645712
0.275362892645712
0.275362892645712
0.275362892645712
0.275384583266959
0.275374645178492
0.275370928133912
0.275375885371823
0.27539456064738
0.275399281874194
0.275399281874194
0.27524029035796
0.27524029035796
0.275734903377035
0.275242584422771
0.275242584422771
0.27524029035796
0.275243766798426
0.275357953515717
0.274890873831498
0.274890976538011
0.274880029990444
0.274711796684113
0.274711796684113
0.274711796684113
0.277672565283212
0.27485118867238
0.274856452914293
0.274858659750426
0.274858659750426
0.274866613678119
0.274663740702245
0.274097868667453
0.27409702944987
0.274097868667453
0.274115399633688
0.274115399633688
0.274525299875944
0.274570414250572
0.274580208529158
0.274577974225226
0.274590444442741
0.274583942858296
0.274578230080587
0.274604868436518
0.274650943217935
0.274642252946021
0.274099426383484
0.274099426383484
0.274099426383484
0.273966379087596
0.273966379087596
0.273966379087596
0.274042645707634
0.274042645707634
0.274046542138879
0.274077668757066
0.274092469863439
0.274081316403572
0.274075313255463
0.274073009006521
0.274073009006521
0.274073009006521
0.274073009006521
0.274073009006521
0.274073009006521
0.274068979270318
0.274072419167507
0.274101774476722
0.274097115148736
0.274097115148736
0.274099613369827
0.274099613369827
0.274104801759126
0.274104801759126
0.274104801759126
0.274098283270019
0.274096300114776
0.273800588369567
0.273800588369567
0.273793619674786
0.273793619674786
0.273769383611922
0.273771141123554
0.273773661755912
0.273772815785007
0.273772088645095
0.273772088645095
0.273772088645095
0.287193050750196
0.287179215941409
0.295001408574618
0.273765324709975
0.273765324709975
0.174244837842305
0.272480510007213
0.0214307995300129
0.0217715331618742
0.0318862091701897
0.178821148968564
0.178821148968564
0.178831097249653
0.178831097249653
0.178831734678561
0.178825584672278
0.183376342343588
0.178989586676586
0.178989586676586
0.178989586676586
0.178992233480372
0.178976292923743
0.178992233480372
0.178992233480372
0.178992233480372
0.178992233480372
0.17901394754324
0.17901570309259
0.17900505705401
0.179019775093273
0.179005385487341
0.179008190502678
0.179005184306065
0.179014750240399
0.178897414403901
0.178896809689207
0.178896809689207
0.178894845505587
0.178894845505587
0.178894845505587
0.179390856087146
0.178891275056478
0.178910062836829
0.178913427970027
0.178912776760121
0.178912776760121
0.178927533158162
0.178927533158162
0.178927533158162
0.178927533158162
0.178927533158162
0.178927533158162
0.189672214958147
0.189672214958147
0.189658637209295
0.189658637209295
0.189658637209295
0.189696358196716
0.189706767542273
0.189791559266387
0.183364577702725
0.183071173602392
0.18290682593364
0.183072509428176
0.183072509428176
0.183072509428176
0.183085422504147
0.1831197717391
0.183092487096361
0.183170909135124
0.183664693654589
0.183646672380084
0.183671827725942
0.184342667993198
0.184326193680077
0.184325247032987
0.184317813116643
0.184310933525529
0.184309684605625
0.184154537573331
0.184154537573331
0.184154537573331
0.184172344050942
0.184172344050942
0.184181471517473
0.184194217708932
0.184205951003922
0.184178987639643
0.184160618394131
0.184068646864833
0.184126392477142
0.18411414504282
0.183440236240927
0.184116553400497
0.184116553400497
0.184116553400497
0.184116553400497
0.184410856798411
0.184029844075155
0.184011968945803
0.191401299702242
0.19140022775196
0.191159259946606
0.291414845750967
0.282490462526271
0.282490136568227
0.282490136568227
0.282490136568227
0.282503823464839
0.281878129651134
0.281878129651134
0.281715769516308
0.281715769516308
0.281715769516308
0.281715769516308
0.281634449635038
0.281634449635038
0.28170588277233
0.281671002886406
0.281498019039083
0.281502743541534
0.281540069188184
0.281592862179174
0.281604086102238
0.281631135984295
0.281631135984295
0.281632310428018
0.281632310428018
0.281640227150219
0.281200641863567
0.281200641863567
0.281231834731557
0.281213684536254
0.281213684536254
0.281069343103322
0.281069343103322
0.281069343103322
0.281087658399017
0.281087658399017
0.281092021918384
0.281092021918384
0.281092021918384
0.281092021918384
0.281092021918384
0.281092021918384
0.281092021918384
0.281083913440665
0.281083913440665
0.281087560087905
0.281087560087905
0.28112453714713
0.281128682975696
0.281128682975696
0.281130694125584
0.281126673513369
0.281055439132792
0.278619771651823
0.276116673896954
0.277821650231255
0.281001483394613
0.281001483394613
0.281003416808235
0.281002263034068
0.281000853269177
0.280997046489119
0.280997340529889
0.280861179686408
0.280861179686408
0.280865056010915
0.280865525396697
0.28086242391583
0.280863926390994
0.280860833853869
0.280862597680813
0.280862597680813
0.280862597680813
0.280902483084784
0.280937040845475
0.280955354754211
0.28092883694367
0.280888404868652
0.280891374643942
0.280837443158375
0.280835207430592
0.280835207430592
0.280835207430592
0.280838612156154
0.280825447810444
0.280825447810444
0.280825447810444
0.280825447810444
0.280825447810444
0.158847397396529
0.28081193970683
0.281132824874188
0.281414616324241
0.28158078816762
0.281567790450591
0.281550234334994
0.281865098202273
0.281852684089671
0.281852684089671
0.281852684768918
0.281852684768918
0.281820156262595
0.281811102475879
0.281811102475879
0.281790975279746
0.281468036537189
0.281468036537189
0.281468036537189
0.281468036537189
0.281468036537189
0.281468036537189
0.281467471786975
0.281462958479018
0.281462961195335
0.281489765708243
0.281497273046494
0.281511236064943
0.28151645616282
0.281485633354223
0.281485633354223
0.281485633354223
0.280881621083951
0.280872944293187
0.280822086308421
0.280813499800946
0.280678282963462
0.280678282963462
0.280678282963462
0.280678282963462
0.280659009664604
0.280661765150938
0.280661404966674
0.280657446827632
0.280657446827632
0.280657446827632
0.280701288947948
0.280701288947948
0.280701288947948
0.280701288947948
0.280662431668429
0.280662443586463
0.280674032333912
0.280721547687276
0.280721010618745
0.280724323220278
0.280724323220278
0.280724323220278
0.280724323220278
0.27527923215443
0.275285105051048
0.275424268458453
0.275562273123474
0.275568846959881
0.27807465665108
0.275557588387737
0.27556051489361
0.275561136294724
0.275579710098926
0.27559445197593
0.275607975391375
0.27559870912767
0.275597907313445
0.275465050017689
0.275479512910966
0.275481111331196
0.275481111331196
0.275482712147212
0.275346230084209
0.275348847542657
0.275340663519147
0.275324379491617
0.275324379491617
0.275324379491617
0.275320325884058
0.275304180517525
0.275304180517525
0.275304180517525
0.275296149025797
0.275296127449584
0.275296127449584
0.275296127449584
0.275296127449584
0.275296127449584
0.275304125791501
0.275304125791501
0.275288117322395
0.275288117322395
0.275288117322395
0.275288117322395
0.275288117322395
0.275288117322395
0.275288117322395
0.264036402483862
0.264032166376192
0.264032166376192
0.264032166376192
0.264035289913766
0.269968974779347
0.264063485380879
0.264063485380879
0.263884609721375
0.263884609721375
0.263884609721375
0.263884609721375
0.263884609721375
0.263885857376559
0.263894737946601
0.263904106855712
0.263886485947893
0.264610610959324
0.264608713010435
0.264484588053688
0.264484960103177
0.264490157191388
0.264487631735505
0.264622713416233
0.26462041668286
0.264657382836728
0.264648541358404
0.264639520896334
0.264594030630674
0.264662728879808
0.264654006503013
0.264666841422405
0.264776881362763
0.139615861229087
0.114524046173399
0.114375569394336
0.254458243883206
0.26364938220426
0.263630093286187
0.263643154399789
0.263643154399789
0.263643154399789
0.263648564226347
0.263648564226347
0.263646575932549
0.263646575932549
0.263646575932549
0.263668727962818
0.26358091140935
0.26358091140935
0.26358091140935
0.26358091140935
0.265509551943008
0.263571669109914
0.263633357361037
0.263641400593672
0.307786713209693
0.263628298766583
0.263417539917493
0.26341256844755
0.263254760452215
0.263254281310644
0.263255143300801
0.263255140209827
0.263899996898179
0.263898633413877
0.263898633413877
0.263931282014664
0.263798039717141
0.263797174836685
0.263793392593314
0.263795184954052
0.263698734697345
0.263699019954034
0.263700778656592
0.263699019326135
0.263699019326135
0.263699019326135
0.263698569775643
0.263684780480302
0.263797528723451
0.263797082330602
0.26377550466831
0.263775502530659
0.26377549913362
0.26377549913362
0.263773006016155
0.263775323959977
0.263775323719206
0.263663631190998
0.252804512186144
0.252804512186144
0.252792745165667
0.252681677604997
0.252681674886933
0.261336472117397
