0
0
0
0
0
0
0
0
0
0
0
0
0
0
0
0
0
0
0
0
0
0
0
0
0
0
0
0
0
0
0
0
0
0
0
0
0.127258042254674
0.126970680776701
0.126969791680822
0.126969791680822
0.127148600306509
0.12716727143322
0.127330683363203
0.127330683363203
0.127346640926263
0.127346640926263
0.127528830564953
0.127528830564953
0.127577992766341
0.127577992766341
0.127479166912761
0.127479166912761
0.127479166912761
0.127528492114245
0.129790443712581
0.129790443712581
0.129823910367256
0.130855714246967
0.132133624602378
0.132198251900593
0.132538556764595
0.132487688651897
0.131558577817068
0.131554661483364
0.131595351450214
0.131889678585911
0.131889678585911
0.131935678455001
0.131935678455001
0.131935678455001
0.131947887208326
0.131969763271629
0.133536225688096
0.134159833585158
0.134169331374506
0.133762031751579
0.133762031751579
0.133768178794424
0.133782042696355
0.133737204488615
0.133737204488615
0.134034579114558
0.134036927585611
0.134043341139694
0.134454706027867
0.13468325218443
0.135407365088441
0.135557038969243
0.134375208745404
0.135220348546903
0.135220348546903
0.135229317461227
0.13523826404167
0.134602734988559
0.134776844379448
0.134776844379448
0.164907536915713
0.164907536915713
0.164907536915713
0.165829988214631
0.165856770600095
0.165856770600095
0.166915052666201
0.16693107712233
0.166992487970711
0.168238477098629
0.168238477098629
0.168210763086578
0.168210763086578
0.168210763086578
0.168210763086578
0.168240123721722
0.169130512093525
0.169130512093525
0.169130512093525
0.169130512093525
0.169130512093525
0.169130512093525
0.169130512093525
0.169130512093525
0.169130512093525
0.169157248075888
0.169157248075888
0.169157248075888
0.169258445376589
0.169258445376589
0.169258445376589
0.167053936612215
0.165692101872849
0.165353768515191
0.165422956669637
0.169418741487003
0.169407052516384
0.169398679299665
0.169368493667125
0.169535342866152
0.170617586823534
0.170845617616737
0.170852213360923
0.170824887399074
0.170769393947497
0.170769393947497
0.170766106075651
0.170763343795082
0.170672826015354
0.169738378041544
0.171435392087854
0.171451025326558
0.171370214717315
0.171369236785484
0.173110372587517
0.173197685542965
0.173201678318383
0.173241733951007
0.173258886199205
0.173258886199205
0.173258886199205
0.173941793249153
0.173941793249153
0.173941793249153
0.174591987651428
0.174610405675213
0.174619436069898
0.175276623027834
0.175341245041975
0.175324795130938
0.175362361644799
0.175378138634932
0.175378138634932
0.175676686375907
0.175691191482565
0.175873656574125
0.175904926817831
0.175901937911453
0.175928743370831
0.175936151692846
0.175928743370831
0.175928743370831
0.175901656118315
0.175921683401811
0.176598962538703
0.176591584739974
0.176364061279924
0.176391117458965
0.176465956749885
0.176490892252595
0.177567450218843
0.177513456596227
0.177514937288377
0.177504883930441
0.178257658927244
0.179334671480519
0.166540626646212
0.165407528744307
0.165407528744307
0.165380772768286
0.165377190315474
0.166643292052384
0.166493217428236
0.168448344164249
0.170767685719495
0.171922170157319
0.173370974291158
0.173398789685902
0.173424372536219
0.173406882079545
0.173362072768428
0.173262771732674
0.1733706791815
0.17343031416401
0.173551692506925
0.175380326764303
0.175380326764303
0.175371988763481
0.176721896994778
0.178712743586781
0.178809364595042
0.178884185607933
0.180895186071282
0.180896405186901
0.181479642381666
0.181529793269971
0.181646412112092
0.182168093423426
0.182241383785165
0.182579890791272
0.182587696074886
0.182593965087111
0.182568564545972
0.182562295533747
0.182562295533747
0.182536795748552
0.182508839753431
0.182508839753431
0.182665609128533
0.182665609128533
0.182665609128533
0.182665609128533
0.182665609128533
0.182655998178621
0.182779865729961
0.182831866593666
0.182839261711142
0.182839261711142
0.182796843164158
0.184583615075197
0.185131050947108
0.185103699426333
0.185103699426333
0.185103699426333
0.185119962862232
0.185119962862232
0.185196410808344
0.185273037793658
0.225819629333209
0.226181283847201
0.228829043051984
0.228982221395349
0.225412733820126
0.22541178525712
0.225404206355384
0.225404206355384
0.225408459044723
0.226556675402863
0.227005776919594
0.227087833470183
0.227071406574241
0.227072458439409
0.227072458439409
0.22705002104153
0.227073513679622
0.22708702139911
0.227105963501913
0.227205912923944
0.227203157019513
0.227219018787235
0.227229553266826
0.227229553266826
0.227229553266826
0.227331797094367
0.227482746005836
0.22774131452508
0.227753831441451
0.227742659059829
0.228707082537364
0.228802630263623
0.223502698153969
0.186559443929049
0.17222133118276
0.17733248907454
0.17420143011307
0.17260353867085
0.172655444591369
0.171059343619064
0.158608106503671
0.172858895154822
0.18814283450518
0.174079788153071
0.217675561694164
0.179993214630931
0.18007904868659
0.174330261099691
0.17341278769604
0.175021363599475
0.181782521090041
0.176110270558284
0.176106006267319
0.180809251389772
0.212610620687892
0.176804388211142
0.176698366116278
0.177109811529063
0.177108263853636
0.177463431643545
0.180736005732099
0.181655937897169
0.190993580661912
0.185517400268828
0.188850318879711
0.185717560500097
0.232846782731027
0.238448818565215
0.196488818178377
0.186998888585793
0.229550464859301
0.188717179642138
0.188945303425601
0.189133001809583
0.18924788378773
0.189270856668477
0.18911914971957
0.189244939168785
0.189137767110946
0.190854337612424
0.189416332609462
0.189447181012982
0.194653404415889
0.217745722459602
0.193939039364835
0.195484379042575
0.191415111408546
0.192172161990316
0.191672070317701
0.191621971957204
0.19168305885818
0.191735389855514
0.192413365469787
0.194360867899479
0.193757921593763
0.193775697652002
0.196179193567069
0.196271162395941
0.19629091785401
0.19959908367627
0.19998553043374
0.199305435328016
0.199626964503464
0.202320651602883
0.202849255313734
0.202918415441976
0.200838412670648
0.206985244009434
0.206361925302564
0.206420594808283
0.206504813829214
0.206499166309096
0.206558206358415
0.207665633960166
0.207711330160176
0.207862867530756
0.208870614555782
0.208862630131445
0.208880967206015
0.208902016044648
0.211023178950688
0.211910632283499
0.211345198904172
0.211345910689302
0.211341759348857
0.211341759348857
0.211341759348857
0.21134329315689
0.211393094095891
0.211112725013776
0.164531099080085
0.164531099080085
0.164531099080085
0.164517510142143
0.164517510142143
0.164552223061035
0.164552223061035
0.164553187521047
0.164565271336173
0.164565271336173
0.164565271336173
0.164565271336173
0.164565271336173
0.164565271336173
0.164565271336173
0.164578251386441
0.164578251386441
0.164583120168258
0.164590771493004
0.164590771493004
0.164641224567708
0.164641224567708
0.164614047297243
0.164608198023211
0.164637924895456
0.164649560851369
0.165839225463241
0.165839993835851
0.165853183420178
0.165852466341381
0.165832150368221
0.165832150368221
0.165832150368221
0.165832150368221
0.16698211331059
0.166986900640176
0.168387764851344
0.168361587541493
0.168358222948097
0.168677410496033
0.16874676806202
0.16874676806202
0.168760059741805
0.169562400781435
0.169562400781435
0.169565637454673
0.169572704222252
0.169572704222252
0.169572704222252
0.169572704222252
0.169572704222252
0.169572704222252
0.169546284288114
0.169219507542511
0.169219507542511
0.169235277897746
0.169235277897746
0.169235277897746
0.169235277897746
0.169209967211079
0.169207997012503
0.169207997012503
0.170498549001434
0.170977692652865
0.170988853346102
0.170988366468314
0.170980807425737
0.170980807425737
0.170980807425737
0.170980807425737
0.171059878686341
0.171314904302103
0.170317730650486
0.170317730650486
0.170317730650486
0.17031680129459
0.170342814224532
0.172241676797221
0.174342172506131
0.173768397147759
0.173712462397367
0.172779033815577
0.172765671756899
0.172746900438437
0.172667035738727
0.172667035738727
0.172685240110436
0.172685240110436
0.172682812829606
0.172613073922976
0.172575854462852
0.172605823216948
0.172632382313775
0.172632382313775
0.172632382313775
0.172657037248384
0.164458535055821
0.164458535055821
0.164458535055821
0.164421409498773
0.164421409498773
0.164417570648825
0.164417570648825
0.164417570648825
0.16441949095428
0.16441949095428
0.16441949095428
0.164424307880161
0.164424307880161
0.164766311540669
0.164766311540669
0.164766311540669
0.164752725954927
0.164748833814677
0.164748833814677
0.164423292615542
0.164435717429143
0.164424320472142
0.164632634730588
0.166758950992686
0.166751340651691
0.169208407544739
0.16821236246821
0.168246640162311
0.168183024562336
0.168216018825596
0.16819016680316
0.165249812215989
0.168200649689181
0.168535447764092
0.168550206526756
0.168794750814511
0.168794750814511
0.168794750814511
0.168790692655194
0.168849734112501
0.168849734112501
0.168826906139427
0.168826906139427
0.168870286169585
0.168897687260904
0.168897687260904
0.169196963758078
0.154453893093881
0.154449423055314
0.154448471621805
0.154426112226026
0.153407697424791
0.153263289202901
0.154108359768824
0.155602218296294
0.155609226543198
0.155606781857298
0.155606781857298
0.156129909924214
0.156918197636525
0.157421244709348
0.157460861832844
0.157460861832844
0.157464413264031
0.157552671344888
0.157539665224354
0.158733925107516
0.159437839945127
0.160893542819523
0.162307635136506
0.162469392507976
0.162419479170369
0.162548975749845
0.162516069432987
0.162530577748289
0.162560155776631
0.162568926607522
0.162583519539775
0.162583519539775
0.162583519539775
0.162583519539775
0.162791481336738
0.163137780158321
0.163137780158321
0.163137780158321
0.163137780158321
0.163137780158321
0.163144775903715
0.163144775903715
0.163160747038839
0.163160747038839
0.163160747038839
0.159569454727275
0.163163541493557
0.163162560127879
0.163149868660281
0.13946833859883
0.13946833859883
0.13946833859883
0.139441842910777
0.139441842910777
0.139454863748916
0.139454863748916
0.139426640753966
0.139403766576264
0.139359529190418
0.13894166468109
0.138982491406056
0.138880621821933
0.138876856263773
0.138876856263773
0.138876856263773
0.138796419190063
0.138799511071004
0.140516024537852
0.14104909482223
0.141068386521067
0.140181399885474
0.139383643965367
0.139338485245241
0.140022649188963
0.14002034767771
0.140041872297312
0.139709407135816
0.139709407135816
0.139748128804647
0.139792568412541
0.139792568412541
0.139807592988574
0.13983819591672
0.139760705984217
0.139763729115989
0.139763729115989
0.139756868624987
0.139755073566369
0.139757228151177
0.139757228151177
0.139785474622351
0.139746254782762
0.139792840032547
0.139795459506455
0.13915188311073
0.140837576099728
0.141141963933817
0.141130886716881
0.141158191297041
0.14302369552346
0.143176769134542
0.143682360445321
0.145333893507703
0.145842443905611
0.147178763596967
0.147262457152914
0.147378377516236
0.147378377516236
0.147401743058364
0.147438413552257
0.147438413552257
0.147412608549058
0.147412608549058
0.147439097655571
0.147439097655571
0.147436207290384
0.147430441664804
0.148469088829003
0.148339578736597
0.148339578736597
0.148364681502095
0.148271794717911
0.148271794717911
0.148271794717911
0.148271794717911
0.148284610426702
0.148272954787312
0.148262096930902
0.148262096930902
0.148287550909226
0.149860246017415
0.149986183851941
0.15000388481126
0.149288481511961
0.149243733742597
0.149243733742597
0.149243733742597
0.149243733742597
0.149243733742597
0.149243733742597
0.166679315120797
0.156575034482308
0.152384074752059
0.152375627301346
0.152383025979769
0.137789523598596
0.137703995187966
0.137703995187966
0.137703995187966
0.137703995187966
0.137703995187966
0.137703995187966
0.138044542084999
0.138008227208216
0.137993156935977
0.137978204515331
0.13819897311934
0.138172181206744
0.138081075587694
0.138081075587694
0.138081075587694
0.138081075587694
0.137150737548821
0.136708531799766
0.13546061563771
0.135508967555392
0.135850184769876
0.138431321314269
0.139653298140075
0.139750404914626
0.139766895983725
0.1398022905378
0.139726659482907
0.139726659482907
0.139726659482907
0.139705684175188
0.142426331276765
0.142973357347782
0.142964433910619
0.142960227724816
0.142957176124447
0.142963938564688
0.142963938564688
0.142963938564688
0.142977429448821
0.142975058271763
0.142975058271763
0.144824203895783
0.144885975625852
0.144879246547199
0.144879246547199
0.144879246547199
0.144879246547199
0.144932227655071
0.145023885175832
0.145019144876098
0.145309392992887
0.145309392992887
0.145309392992887
0.14531100812044
0.14531100812044
0.14531100812044
0.145376752675969
0.145376752675969
0.14516481278033
0.145168010885358
0.145168010885358
0.145209503066128
0.145209503066128
0.145210135224767
0.145210135224767
0.145211060836921
0.145211060836921
0.145216003602802
0.145216003602802
0.145215077990648
0.145212604591898
0.145212604591898
0.145207793460495
0.145205940773936
0.145189687483669
0.145208770537337
0.145208770537337
0.145202616951769
0.145245543067283
0.145414991492276
0.146889467739672
0.146803696790015
0.146803696790015
0.146797479783688
0.146797479783688
0.146797479783688
0.146797479783688
0.146797479783688
0.146787630499356
0.146787630499356
0.147064893223116
0.147064893223116
0.147064893223116
0.147067798101581
0.147156786496189
0.139311826113582
0.139311826113582
0.139285031538508
0.139285031538508
0.135389298100129
0.135405249317005
0.134715570779756
0.13471806615872
0.134312570626465
0.133876587990809
0.133876587990809
0.135185043762437
0.139034376848456
0.139034376848456
0.139035699757269
0.139035699757269
0.139034376848456
0.139091319340894
0.142892955379384
0.143927022077296
0.143894245060293
0.143900169853165
0.144898969101875
0.144898969101875
0.144898969101875
0.144987081219853
0.144987081219853
0.145046003934315
0.145042632941506
0.145036863461449
0.145032645541981
0.144692693560841
0.145044287603213
0.144774622065803
0.144786977075611
0.144766310200228
0.14484697427398
0.14484697427398
0.146406659690957
0.146288259402675
0.146160256673976
0.14618781776966
0.145808634761494
0.14583195447304
0.147469938503743
0.149514724451249
0.149283355018205
0.149041405796816
0.149014419266071
0.149014419266071
0.148928737199507
0.148919669145395
0.14898606886105
0.150427602372411
0.150485191516285
0.150475863460835
0.151720273347489
0.15200013086985
0.15251574766511
0.152044631311783
0.152044631311783
0.152017286022314
0.151379958391173
0.151379958391173
0.151376731776227
0.151376731776227
0.151374157141487
0.151445596726919
0.152032725522463
0.15208629074901
0.15237736025891
0.152404674168078
0.152404674168078
0.152458311297479
0.152458311297479
0.152458311297479
0.152458311297479
0.152461475194296
0.153572755361253
0.153567001638564
0.153578119392107
0.153578119392107
0.153585912241552
0.152937750219807
0.153024544570626
0.15303355133846
0.15303355133846
0.15303355133846
0.153022484870628
0.169119720307399
0.169151778470562
0.169284575762783
0.155779293746174
0.155779293746174
0.178430042094962
0.155901031185717
0.19095810094509
0.0198834817182582
0.186673406821118
0.163163180103889
0.163206185307519
0.163254369784361
0.162101222186016
0.162051298465069
0.162046788159537
0.162127422916343
0.162916923450606
0.162916923450606
0.162916923450606
0.162965192779224
0.162962334653423
0.162964239913619
0.162964239913619
0.162964239913619
0.162964239913619
0.162584229556767
0.162255627040903
0.162139064446817
0.162027513156999
0.161905552147521
0.161898703143989
0.161895830588808
0.161750577285374
0.161790995649781
0.161802402896484
0.161802402896484
0.161805604469784
0.161805604469784
0.161805604469784
0.161805604469784
0.16182443819601
0.162453511917783
0.162453511917783
0.162441540671362
0.162441540671362
0.162442002724681
0.162442002724681
0.162442002724681
0.162442002724681
0.162442002724681
0.16301114560614
0.162450486306352
0.162450486306352
0.162452756130386
0.162452756130386
0.162452756130386
0.162263818844996
0.162268515154387
0.162306770025267
0.162340914001897
0.163360441459012
0.163284934959002
0.163361055179489
0.163361055179489
0.163361055179489
0.165120946555905
0.166347210436334
0.167014859213171
0.168173549250282
0.168184167783607
0.168184167783607
0.167604611252697
0.0300002648482527
0.0297494737662127
0.0296678604985516
0.0296451888316696
0.029624325455871
0.0296220335980553
0.0295852611668635
0.0295862537512268
0.0295373991945526
0.0295316119701249
0.029452803012573
0.0294024785632595
0.0290929826471636
0.028827660438888
0.0286853550225087
0.0286809086067622
0.0286740444288078
0.0286735551406671
0.0285940183356185
0.0285928117612692
0.0285771401672234
0.0285547078798015
0.0285224783920292
0.0285224783920292
0.02859921398456
0.02859921398456
0.0285953391101251
0.0285953391101251
0.0285953959063404
0.0285435049476544
0
0
0
0
0
0
0
0
0
0
0
0
0
0
0
0
0
0
0
0
0
0
0
0
0
0
0
0
0
0
0
0
0
0
0
0
0
0
0
0
0
0
0
0
0
0
0
0
0
0
0
0
0
0
0
0
0
0
0
0
0
0
0
0
0
0
0
0
0
0
0
0
0
0
0
0
0
0
0
0
0
0
0
0
0
0
0
0
0
0
0
0
0
0
0
0
0
0
0
0
0
0
0
0
0
0
0
0
0
0
0
0
0
0
0
0
0
0
0
0
0
0
0
0
0
0
0
0
0
0
0
0
0
0
0
0
0
0
0
0
0
0
0
0
0
0
0
0
0
0
0
0
0
0
0
0
0
0
0
0
0
0
0
0
0
0
0
0
0
0
0
0
0
0
0
0
0
0
0
0
0
0
0
0
0
0
0
0
0
0
0
0
0
0
0
0
0
0
0
0
0
0
0
0
0
0
0
0
0
0
0
0
0
0
0
0
0
0
0
0
0
0
0
0
0
0
0
0
0
0
0
0
0
0
0
0
0
0
0
0
0
0
0
0
0
0
0
0
0
0
0
0
0
0
0
0
0
0
0
0
0
0
0
0
0
0
0
0
0
0
0
0
0
0
0
0
0
0
0
0
0
0
0
0
0
0
0
0
0
0
0
0
0
0
0
0
0
0
0
0
0
0
0
0
0
0
0
0
0
0
0
0
0
0
0
0
0
0
0
0
0
0
0
0
0
0
0
0
0
0
0
0
0
0
0
0
0
0
0
0
0
0
0
0
0
0
0
0
0
0
0
0
0
0
0
0
0
0
0
0
0
0
0
0
0
0
0
0
0
0
0
0
0
0
0
0
0
0
0
0
0
0
0
0
