0.700183994866296
0.700183008518541
0.700183069892976
0.700183069892976
0.700183069892976
0.700183081094754
0.700170959733223
0.700169526244906
0.70016844879093
0.70016844879093
0.700257314476001
0.68981975207482
0.689714967433179
0.689763532206697
0.689951433588118
0.689866084865768
0.68986689205184
0.556699113286362
0.556980345759677
0.55609134563526
0.554659338712851
0.553741498575412
0.552674519102323
0.552135064640887
0.551578582662473
0.551376155219082
0.551391994247145
0.550744990457644
0.550555530562522
0.550704088596552
0.550331868001182
0.549916568886947
0.549946573121452
0.55001145778816
0.550828966132989
0.551561003363674
0.551581105143579
0.551582196508532
0.551522320290924
0.551522320290924
0.551529998641085
0.550965125956015
0.551411721181282
0.551472312613677
0.551515292193398
0.550761485750172
0.549782059138253
0.549781952140925
0.549799180658725
0.549709435745839
0.549914392265877
0.549875774591818
0.549677890856353
0.55036938179346
0.550460661948029
0.550480226696739
0.550504198157869
0.550492659031076
0.549428056927307
0.556901095473132
0.556973697330045
0.561510844870749
0.55710960132515
0.556937859982459
0.556567636235652
0.556310499777655
0.556314297226974
0.55586055806645
0.555857739747675
0.555852799286046
0.555909310842994
0.556310776917949
0.556639998229597
0.556623014721581
0.556326710689808
0.556685723713508
0.556275568137112
0.556326268500263
0.556188361000878
0.556188361000878
0.556219653363713
0.556261473739119
0.556038918355364
0.556086928569944
0.556087318410707
0.556094684708424
0.555943353640855
0.555770870740596
0.555097463312397
0.554598161445054
0.554579839989736
0.554579839989736
0.554461295937025
0.554464921385772
0.554403602551605
0.554403602551605
0.539050639010293
0.539032225740403
0.539078183989745
0.539177063427229
0.539177063427229
0.54055417775383
0.541799678144932
0.541911989769218
0.541969037439331
0.541970268313186
0.541970268313186
0.542012805545188
0.542011869620425
0.542016715823393
0.542012634056079
0.542032630679181
0.542048653046464
0.541442606291645
0.541001231354942
0.541286634807295
0.541442557183454
0.54100259856026
0.540977727409489
0.540888191267424
0.540899806422353
0.540912278694011
0.540874182381551
0.541376042539804
0.541511157413661
0.541542974795864
0.541546968628386
0.541617898725927
0.541182948794878
0.541068289945925
0.541082183222575
0.541081474483221
0.422800083120879
0.423665335921454
0.423663703330764
0.423619230984632
0.422868411439325
0.422767115460539
0.422410710716134
0.42240838558052
0.422375607185456
0.422374721434275
0.421805043341231
0.421733107539788
0.421551957850427
0.421550942273144
0.421739233352105
0.421139737037824
0.421129267328601
0.420886594683567
0.417486375088555
0.417559420104574
0.417463197219117
0.415470649671213
0.413929409200738
0.413894443471187
0.413439310744672
0.413536764494363
0.415388008083142
0.41541628189971
0.415123472383391
0.41462631108897
0.414548815747489
0.414566933155789
0.414566933155789
0.414518563862956
0.414514272662496
0.414461489493556
0.412118556988407
0.411675974770995
0.41166730938354
0.412236421343018
0.412239318858053
0.412310166901522
0.412382741800709
0.412411087196014
0.412411087196014
0.411572905670393
0.411561194568073
0.41079400518157
0.41020551898933
0.409829624303266
0.409122479997436
0.408961629823157
0.410711052430057
0.409450621907291
0.409435216051575
0.409415269774483
0.409378704425688
0.409378704425688
0.409174108893607
0.409198165767661
0.410171288888273
0.410171288888273
0.410150540370651
0.408638545736517
0.408630900340986
0.408255783170375
0.406522404771111
0.406521654366776
0.406411816613768
0.406411816613768
0.406667975041536
0.406213777208138
0.406232284866538
0.406232284866538
0.406134532230795
0.40583415009682
0.404759823660956
0.404759675986664
0.404759675986664
0.404752528603661
0.404752528603661
0.404689097015875
0.404689097015875
0.404576264488642
0.404576264488642
0.404533970349361
0.404533970349361
0.404533970349361
0.405500058352501
0.405500058352501
0.404986210566855
0.404809647607981
0.401127155805483
0.403699031330089
0.403767276255896
0.403687495126808
0.403698342455728
0.403637283489215
0.403649772381216
0.403174282141129
0.400987756924749
0.400743673576143
0.400704133334982
0.400870567486233
0.401072956586613
0.401027106553978
0.401096797139998
0.401228032728826
0.402012337307186
0.403947818984979
0.401563611712427
0.401441044924562
0.401508865251114
0.403728160708082
0.398603838522045
0.398537635814516
0.398527890775732
0.399571363770095
0.399525634905972
0.399525634905972
0.399525634905972
0.39946737708634
0.399391432693487
0.399397659879028
0.398456659361234
0.398448056427169
0.398467882242076
0.396644504926831
0.394924390169615
0.395135343704761
0.395052874845855
0.394952675949505
0.394952675949505
0.394372394960591
0.394276852438374
0.393949422033642
0.394047752886821
0.394050535737314
0.394000653071189
0.393993755480578
0.393995366427676
0.393995366427676
0.394114153008351
0.394031979561666
0.393998594994223
0.393983763824399
0.394098395962697
0.394096541674684
0.394003912915935
0.394112226298483
0.392670912976223
0.392896777192944
0.392899145590374
0.392952253741577
0.391951639173296
0.390513843795184
0.408396913655791
0.409857580955185
0.40985716361689
0.409881993080659
0.409885317585892
0.409018083921978
0.408158837503234
0.404664165939186
0.40109901888035
0.399106442803357
0.396797929964069
0.396428838844998
0.396405061086414
0.396420672184238
0.396763176869225
0.396500346033073
0.396607266897401
0.396642984288247
0.396297870083734
0.393725108394173
0.393725108394173
0.393773165388762
0.392573178320785
0.389598261014055
0.389382498101756
0.389365549934677
0.386203599606897
0.386440349109799
0.385499507645473
0.385280683711028
0.385649788190593
0.384969830378226
0.384853078785183
0.378447500948546
0.384260362381334
0.384258005323014
0.38429833905938
0.384206773542538
0.384272213883649
0.384466182218684
0.384592780059116
0.384550548965604
0.384501806287841
0.384514856592098
0.384471119577349
0.384471119577349
0.384477470211861
0.384498015105888
0.384276427418522
0.384211595120925
0.384184993835662
0.38418496287852
0.384217698932146
0.381468310537403
0.381075638060657
0.381170110871933
0.381170110871933
0.381077174896277
0.38089664914308
0.38087143378732
0.380753458738937
0.380266919205318
0.448937239318053
0.448414809522729
0.451725926170856
0.451549807827325
0.451550089147181
0.45154686864089
0.451549775194808
0.451549775194808
0.451582998297754
0.449960964270461
0.449356242167886
0.449264460222731
0.449074074541556
0.449088227828131
0.449067379019354
0.449423823511346
0.449383281016477
0.44937355036772
0.449414707341085
0.44846430092069
0.448495616694933
0.448463246960856
0.44842761789591
0.44842761789591
0.448144812248601
0.448053204453728
0.447864151234452
0.44800383503702
0.447915540999407
0.447996273142654
0.446683720453676
0.446501191214088
0.4355122775694
0.375937840914726
0.44571397514942
0.444642883784097
0.444622099476269
0.444548507789247
0.444534932123811
0.444810945668199
0.443613436108359
0.465254990086229
0.472199169824217
0.441535082580789
0.521198029314241
0.450662804683153
0.450309318938979
0.444618187718096
0.446080395650006
0.443773282547473
0.447180508656794
0.442265989010068
0.442504500572676
0.453705384868794
0.514450002157002
0.443477181964511
0.443410575328415
0.44279528222112
0.442714576885655
0.441901517096483
0.438258079463583
0.437023192281162
0.451671926990016
0.444858766008935
0.433260152998669
0.434329608826601
0.504624317675854
0.51982821570254
0.449778184055779
0.431373469510453
0.498819524109465
0.428778709634647
0.427765761171923
0.427494230691565
0.427133147201083
0.427222587866142
0.427367250024154
0.430565743527158
0.432313113257829
0.427132554456135
0.426178829377237
0.426505046492121
0.436490043131582
0.469837485543013
0.437123453176996
0.430248222210607
0.423150624402917
0.422094017837744
0.421090388117583
0.421181902554313
0.421069525596787
0.420826763178543
0.419644603384594
0.417347460544525
0.418437724142448
0.418260041721088
0.414777678940478
0.414642102448805
0.414671927233394
0.410064725850936
0.409395098209954
0.410089531171708
0.409778232664394
0.405812439723093
0.405164761070025
0.404843293989234
0.40867488044739
0.401267826044336
0.402111398188956
0.401962989569923
0.401829320731577
0.401804281375414
0.401760324223837
0.400130691690812
0.400079534577348
0.399719423052904
0.39852485875788
0.401367407708119
0.401344876093473
0.401346943183549
0.398224627751713
0.397139857776354
0.397778842591034
0.397782606736024
0.397809408620777
0.397809408620777
0.397809408620777
0.397800489050867
0.397715271171243
0.398459828278417
0.419426765640723
0.419426765640723
0.419329982152227
0.41915623830204
0.41915623830204
0.419093009224487
0.419093009224487
0.419084966188281
0.419012347228032
0.418903465264245
0.418899060780157
0.418903189030522
0.418903101318076
0.418903101318076
0.418903101318076
0.418592726711188
0.418591657371171
0.418602841734892
0.418595411723974
0.418595411723974
0.418443966162857
0.418443966162857
0.418496719153433
0.418498053644233
0.418391378511595
0.418224494685147
0.416534257914429
0.416515641480267
0.416532777688799
0.41706506231074
0.417192263200593
0.417192263200593
0.417192263200593
0.417129835477072
0.415365664412559
0.415419952123086
0.412771789942777
0.412889963716339
0.412906500653956
0.412243584011383
0.41184091393409
0.41184091393409
0.411819913171806
0.410467793679901
0.410455873342573
0.404971204719067
0.404836296080994
0.404836296080994
0.404898169255891
0.404798323112394
0.40479828644582
0.404826273242152
0.405060578874091
0.405568108107292
0.405568034962138
0.405640023773538
0.405637378020592
0.405637378020592
0.405604004190919
0.40566980853776
0.405665015464365
0.405677430225448
0.403555688648275
0.402450846835011
0.402391947099779
0.402368286743896
0.402380228641507
0.402382823482962
0.402377935221716
0.402303056004417
0.401730912474482
0.401351979961844
0.403327486836858
0.40333843488467
0.403344268490824
0.40334496513393
0.403311752408576
0.400376028096566
0.397446997302058
0.398858648603023
0.399608426897786
0.400796491305406
0.400859386386316
0.400855780790122
0.401400226654607
0.401400226654607
0.401399803818574
0.401418304430249
0.401434625700037
0.402108504255709
0.402144182946241
0.402166189174861
0.402126201470947
0.402126201470947
0.402212297625305
0.402153477843714
0.413788674713051
0.413828296541531
0.413828296541531
0.414129837777189
0.413881434962017
0.413709739627855
0.413613530111433
0.413613530111433
0.413616306671066
0.413616306671066
0.413543413549322
0.413340153001718
0.413340153001718
0.412267897112454
0.412086802216198
0.412086802216198
0.412087687188461
0.412214539135751
0.411956655308658
0.412763831894014
0.412375156398204
0.412388292278838
0.41211858895671
0.412806807129872
0.412913669912226
0.408947725029195
0.41089956426447
0.410819599721079
0.411179521118755
0.411062460014404
0.410927566246271
0.410685228336963
0.410696086984518
0.409680147998581
0.409663587516839
0.409289506848043
0.409289506848043
0.409289506848043
0.403765166188945
0.40355138374246
0.40355138374246
0.40363660668152
0.40363660668152
0.40339728069572
0.403355687404458
0.403363507913413
0.402881578834429
0.44138517047854
0.441378655131234
0.441376452210852
0.441704438398401
0.442628252754155
0.442783442897189
0.441334735597719
0.43884643500687
0.43893613018436
0.438974892793086
0.438905255869436
0.437659535354658
0.436362224048489
0.435556322588389
0.435360484193179
0.435320901360829
0.43521940381664
0.435070488970866
0.434922525732919
0.433123514017121
0.432135485718825
0.429778997473426
0.427513237972185
0.427350404639836
0.427647721985623
0.428039839984437
0.428044671151821
0.427946889984537
0.427833083647568
0.427824315809112
0.427814114778176
0.427814114778176
0.42836491795946
0.42836491795946
0.427550022879984
0.426558545516365
0.42659220371898
0.42659220371898
0.426552442092699
0.426556291137297
0.426540995235037
0.426540344765263
0.426530771838566
0.42650818060634
0.426266602247652
0.420236653839447
0.426252688537405
0.425805661349178
0.425843650676818
0.440725179399737
0.440725179399737
0.440725179399737
0.440846355661571
0.440845289674734
0.440527769450546
0.440500495162994
0.440660665408946
0.440862026577852
0.440991018445958
0.441243722031525
0.441052390596405
0.441780292787421
0.441494538336674
0.441494538336674
0.441314907393271
0.44153920072983
0.441341067932723
0.438817602580585
0.43776685357954
0.437740283221905
0.439242124621338
0.439589838341295
0.439113250722036
0.43809825925922
0.437906889144458
0.437712493822481
0.438597733754899
0.438549697337804
0.438539650230931
0.438251733116493
0.43825238993874
0.438219728047672
0.438159956271623
0.438506888326135
0.438229915374838
0.438034621819949
0.43783584921037
0.437977402755557
0.437975244455948
0.437975244455948
0.437732931391473
0.437901240324185
0.43775287989342
0.437662816265232
0.439256198927508
0.437988202100237
0.43680546177009
0.436877003958315
0.436835302419069
0.434413163846142
0.43430234977341
0.433484533464684
0.431086769657894
0.429820663385537
0.428042117063961
0.427480325647067
0.427450665629379
0.427450665629379
0.4275220877341
0.427283722471963
0.427377675188957
0.427503026872108
0.427526671501106
0.427482920769848
0.427482920769848
0.427488738902599
0.427522657376277
0.426121856481516
0.426264756613759
0.433843972670105
0.433777339455099
0.434236766508235
0.434074262224201
0.434055409633722
0.434016729113126
0.433991312377833
0.434101245069347
0.434127590558092
0.434127590558092
0.434085194303409
0.434796274271913
0.434659914482236
0.434347440207111
0.435463658098564
0.437362374139388
0.435516058138044
0.435527011728879
0.435543186472407
0.435543186472407
0.435543186472407
0.396439071367451
0.437569211446182
0.434484445598536
0.434506731478864
0.434020310967546
0.453488475699635
0.453674936686101
0.453674936686101
0.453674936686101
0.453674936686101
0.453619771333082
0.453565510541953
0.452524583907782
0.452641924964551
0.452737425006221
0.45280406603964
0.452418452615313
0.452292962985346
0.452856606823634
0.452856606823634
0.452856606823634
0.452884454151442
0.454238453612412
0.455230290201769
0.45648830191808
0.456360693900563
0.455809118515818
0.451824145067855
0.450069604606401
0.449945382702668
0.44991635054565
0.449700319070032
0.449539620737549
0.449421344071559
0.449421344071559
0.449360558165595
0.445154295302443
0.444511707851705
0.444571532559453
0.444596875821427
0.444492051979826
0.444479546485494
0.444479546485494
0.444469581264117
0.444454642279209
0.44446867875607
0.44446867875607
0.444880845387261
0.44447200674437
0.444484419029143
0.444355622711205
0.44416406769804
0.44416406769804
0.443877212456859
0.443837362665064
0.443813533686987
0.442273074563367
0.442263966554524
0.442263966554524
0.442147356749577
0.442147356749577
0.441814947917176
0.441544965125676
0.441544965125676
0.44231064665742
0.442301173344423
0.441908775177741
0.441870395037395
0.441870395037395
0.441751184655445
0.441607921541292
0.442083717640938
0.441560065812246
0.441548297189816
0.441547779750102
0.441559974703442
0.441573965202748
0.441413982082308
0.441424935934863
0.440885223172499
0.44091191795181
0.440839418198956
0.44094598357671
0.440980480423413
0.440889028072039
0.440150343434739
0.438488183763433
0.438589334702576
0.438652997712137
0.438632740461571
0.438674465362388
0.438674465362388
0.438674465362388
0.438669822758647
0.438709737501693
0.438713130906443
0.437313867334183
0.437313867334183
0.437269116658305
0.436864026274256
0.436753853341307
0.451002200382329
0.451001416321567
0.451106144964346
0.451216422706944
0.453517906208363
0.453487423956319
0.453476046344324
0.453459904026762
0.453867026362403
0.454509081394732
0.454509081394732
0.452446977122648
0.45015332010777
0.449613284036125
0.450099862120366
0.450099862120366
0.4501078970552
0.449321026958787
0.442741499252757
0.442508892065067
0.442612631387548
0.442661021131444
0.441862991371871
0.441862991371871
0.441745750412898
0.438226469509257
0.441014506082176
0.440874452617742
0.440403250502875
0.44056183125664
0.440565756322748
0.441203115802855
0.442063980648903
0.439377658509767
0.439654074843852
0.439453026510553
0.438948907602405
0.43855283279837
0.436230233894591
0.436474746042208
0.436682261638287
0.437176146336643
0.437680879498012
0.437421402821637
0.435108765706177
0.431930199583562
0.432493446760566
0.433307576894507
0.433287909517787
0.433254977591994
0.433738512430441
0.433675279024287
0.433556018876274
0.431273299167915
0.431224213311147
0.430938450449752
0.429178047696495
0.428773482609193
0.42823266678279
0.428845408801236
0.428820865796625
0.428883832245789
0.428866656891804
0.428866656891804
0.42882576287505
0.42882576287505
0.428837363018309
0.428788696694917
0.428312119794913
0.428095435515732
0.427290917052886
0.427087653526443
0.427087653526443
0.426905317281602
0.426905317281602
0.426905317281602
0.426917540241501
0.426912607691821
0.42616007858463
0.426142269223101
0.426126082405118
0.425996594724152
0.426002009055472
0.424149775199707
0.424100823277789
0.424139684836
0.424135486106181
0.4241335799929
0.424144642492834
0.385854936499431
0.385811519113373
0.378750931544829
0.421953146374521
0.422869258106421
0.459432317007151
0.423947045822838
0.581976125372327
0.672908605512823
0.574628937009768
0.507896212029644
0.507853206826014
0.507777726973263
0.509608898132926
0.50977114546032
0.509796551418035
0.502520469292247
0.508490430157412
0.508490430157412
0.508490430157412
0.508211587751131
0.50820715088838
0.508212541281218
0.508212541281218
0.508237408796937
0.508237408796937
0.508790686016863
0.509274149169259
0.509416652397791
0.509566810588574
0.509844319965564
0.509851859458468
0.509791984538044
0.509991302445233
0.509864071771574
0.509849805826688
0.509849805826688
0.509843273380383
0.509843273380383
0.509843273380383
0.509249549787794
0.509620501114921
0.508570984119408
0.508401659026946
0.508276937508084
0.508309592989135
0.508021023056109
0.508021023056109
0.508021023056109
0.507992268054385
0.507992268054385
0.507992268054385
0.501533549068924
0.501533549068924
0.50152346799293
0.501575548372631
0.501575548372631
0.501998000768456
0.501966450323698
0.501706730815402
0.505407314762327
0.505232077893382
0.505730554477519
0.505094280888877
0.504806943565162
0.504762975068943
0.50210667849275
0.500248065119848
0.499555349776257
0.497519726700537
0.497517095092187
0.497393929242816
0.497829820259241
0.566882277866489
0.567725004418227
0.567589562979571
0.567621009532956
0.567620256277851
0.567639039277968
0.567951976656585
0.56739469951898
0.56747392814775
0.567541701054026
0.567649326524328
0.567750998193677
0.567732789878131
0.567483359400955
0.567198590852606
0.567126231066047
0.56726656790338
0.567196826575537
0.567102746087344
0.567785420288266
0.567136383650482
0.567168507449117
0.567215017941384
0.567215017941384
0.56728938180077
0.567670394524026
0.567599933786995
0.568120984269913
0.568122962624672
0.567441298068729
0.533492464725079
0.532864386716613
0.532864709958339
0.532864709958339
0.532864709958339
0.532850440536642
0.533476134350347
0.533476134350347
0.533063462826116
0.533063462826116
0.533063462826116
0.533063462826116
0.532747927934712
0.53254330478249
0.533208766394524
0.533724068568165
0.534095309612093
0.534160729220352
0.533942198424341
0.533683539218526
0.533688295199032
0.533541579570904
0.533557335359979
0.533558760535752
0.533595066114588
0.533621341442421
0.533389131240557
0.533044566423878
0.53285984912606
0.532792548764394
0.532792548764394
0.532338743284607
0.532338743284607
0.532345140098195
0.531053459040599
0.531610569322522
0.531551293587548
0.531554613083
0.531565064912863
0.531584484858657
0.531584484858657
0.531575715300579
0.531583881847226
0.531568875401312
0.531581025111527
0.531420392883954
0.531180555537828
0.531772741295014
0.531795154440419
0.531795154440419
0.531749326998057
0.531735521511586
0.531360670541301
0.533378544490335
0.535267920196665
0.534370977125092
0.531216735100374
0.531182172333194
0.531195461515647
0.531205790916561
0.53120718893341
0.531198886256512
0.531198592215742
0.530762707861912
0.530775683105261
0.530718619063853
0.530724556981722
0.530724770767751
0.530728008517937
0.530728220560044
0.530689322381561
0.530687806233198
0.530690188333771
0.530352969684606
0.530012903837685
0.529933898483675
0.529924588966763
0.529879139439178
0.529873039917296
0.529561647225848
0.529563864322566
0.52956385566488
0.52956385566488
0.529171046121239
0.529130834883792
0.529130834883792
0.529123186504126
0.529123186504126
0.529123186504126
0.591287363778762
0.528282648517769
0.528210936963922
0.52776292498095
0.527666108689631
0.528352651962841
0.528408016110468
0.53224220255082
0.532236485636382
0.532250134975038
0.532257919879156
0.532282234966578
0.532396157045551
0.532420253432369
0.532420253432369
0.532492291418111
0.53281570934853
0.532835033724602
0.532898317062363
0.53292151294988
0.532922148596915
0.532936008565571
0.532948731890629
0.532960728517557
0.532974666792391
0.532952526562277
0.53275733763679
0.532763659954484
0.532612997323307
0.532822141568546
0.53282288871131
0.532813136589027
0.532933376866821
0.532873465146622
0.532890795618518
0.532807586184494
0.533162843612276
0.533166102444514
0.533166102444514
0.533177531369185
0.536166054666119
0.529411941471835
0.529409108663169
0.528758490245175
0.528764351005752
0.528709239776809
0.528699192624236
0.527639330812766
0.527639330812766
0.526731121507052
0.526576448695032
0.526496544182678
0.526361852685916
0.52598769044566
0.525975226040691
0.525413204610768
0.525413204610768
0.525413285440064
0.525107015186062
0.53055210625191
0.530548246597825
0.531062001722778
0.530686210793978
0.530713120462485
0.528211914637209
0.53073425467931
0.530709908707696
0.530704844691753
0.530596542925881
0.530615352623054
0.530419409491326
0.530440198797664
0.529581613667011
0.529143655878617
0.529192600367873
0.529144120872641
0.529144120872641
0.52914490349115
0.529540672747893
0.529550462216897
0.53040915339445
0.530348540186291
0.530334510117163
0.530334510117163
0.530345858767781
0.530389093592549
0.530389093592549
0.530389093592549
0.530359097221403
0.527394069470197
0.526570638218025
0.526570638218025
0.537386407032826
0.527287011625833
0.527314837968662
0.526633292587876
0.526720970568947
0.526729577494965
0.526728924977915
0.526728924977915
0.52674112523191
0.526357145634826
0.526357145634826
0.547680852199777
0.547669474152292
0.547616649025791
0.547654439807669
0.547667785470058
0.539140820905195
0.547823210340203
0.547827368165576
0.546723818031496
0.546723818031496
0.546723818031496
0.546796418703399
0.546861418506672
0.546973771741966
0.547181623804753
0.547340215936755
0.547334326863313
0.546633791638999
0.546644232676543
0.546334583363554
0.546585546057525
0.546618435743411
0.546669411580893
0.54722623380012
0.547613686126813
0.547309763423853
0.547314094418428
0.547176680813867
0.546958907700888
0.546964021958498
0.547273239160959
0.547255078620078
0.538785373818239
0.605709517710028
0.629206249142475
0.629361142164474
0.550903865213379
0.542637679123206
0.541522040905866
0.541465462589222
0.541408756714639
0.541427399186701
0.541529389624731
0.541529389624731
0.541520753655455
0.541520753655455
0.541513447299177
0.541496158729349
0.541452809093817
0.541478672713683
0.541499390629895
0.541534592691649
0.538891188445981
0.540535299592856
0.540113272690087
0.540255559183923
0.437272039146186
0.537330077513953
0.537897073471884
0.537891832774667
0.42232929412922
0.53535381698195
0.537049806158338
0.537142058589232
0.536509492065918
0.536510844980574
0.536510844980574
0.536131201199718
0.535573489447018
0.535590856094916
0.535638103897882
0.535664664502954
0.535268818057165
0.535270377420508
0.535267449843111
0.533637607116081
0.533637607116081
0.533637607116081
0.533654112140035
0.533640272898163
0.533285789336991
0.533108201545843
0.533026011529133
0.533056405397483
0.53292170714587
0.532702440242317
0.532704486446867
0.532704902534609
0.532702936518619
0.532114921114268
0.541665708254201
0.541640812778673
0.541631030582425
0.54125142561628
0.541269888497818
0.534174029898927
