0.000261480761684891
0.000261670487403441
0.000247674321970666
0.000247421861949267
0.00024950089242771
0.00024950089242771
0.00024950089242771
0.00024950089242771
0.00024950089242771
0.00024950089242771
0.00024950089242771
0.00024781882671538
0.00024781882671538
0.000247816393352535
0.000240374522394982
0.000240374522394982
0.000240374522394982
0.00024037215672671
0.00024037215672671
0.00024037215672671
0.000234484099588578
0.000234484099588578
0.000219427452809936
0.000221761753761399
0.000221033363286298
0.000221077270076813
0.000221077270076813
0.000221077730338185
0.000221077730338185
0.000220139617392944
0.000220139617392944
0.000220139617392944
0.000220139617392944
0.000220139617392944
0.000216727630065255
0.000216146071475068
0.000216108616228345
0.000216108616228345
0.000216124808445304
0.000216128433696635
0.000215461409603472
0.000215461409603472
0.000215455728625559
0.000211643514474886
0.000211643514474886
0.000211647111492745
0.000211601968858591
0.000211560441893772
0.000211560441893772
0.000210975946470037
0.000208926408893966
0.000208926408893966
0.00020841605992504
0.000208479212954469
0.000200513180821946
0.000200056450702678
0.000201004577556963
0.000201010544612325
0.000201013813994053
0.000201013813994053
0.000201013813994053
0.000201013813994053
0.000201013813994053
0.000201013813994053
0.000201013813994053
0.000201013813994053
0.000201013813994053
0.000201013813994053
0.000201013813994053
0.000201013813994053
0.000201013813994053
0.000201013813994053
0.000201013813994053
0.000195868463420444
0.000195868463420444
0.000195868546457146
0.000195868463420444
0.000195867391816099
0.000195867391816099
0.000195867391816099
0.000195867391816099
0.000195818936695589
0.000191979595636173
0.000191979595636173
0.000191978543955349
0.000191978543955349
0.000191978543955349
0.000191679974408729
0.000191679974408729
0.000190535597241715
0.000189582089365819
0.000189581075900595
0.00018459388268567
0.000180832304159373
0.000180527348803669
0.000180520673427949
0.000260237274559825
0.000255022034468851
0.00024662361817763
0.00024662361817763
0.00024662361817763
0.000246642071903068
0.000240802914669508
0.000239272864235924
0.000236669930486236
0.000236669930486236
0.000236669930486236
0.000236669930486236
0.000233703839761081
0.000233703839761081
0.000233703839761081
0.000233703839761081
0.000233703839761081
0.000233703839761081
0.000233703839761081
0.000233703839761081
0.000233703839761081
0.000233703839761081
0.000233703839761081
0.000233703839761081
0.000233703839761081
0.00023179074271509
0.00023179074271509
0.00023179074271509
0.00023179074271509
0.00023179074271509
0.000231703277059154
0.000304779744599468
0.000264277683452774
0.000320763000247126
0.000320763000247126
0.000239619456459277
0.000239619456459277
0.000239619456459277
0.000239619456459277
0.000239619456459277
0.000239619456459277
0.000239619456459277
0.000239619456459277
0.000239619456459277
0.000239619456459277
0.000239619456459277
0.000239619456459277
0.000239619456459277
0.000239619456459277
0.000239619456459277
0.000236236206503525
0.000236236206503525
0.000236222565182658
0.000236222565182658
0.000236221463108516
0.000236221463108516
0.000233281802686088
0.00023241776882693
0.00023241776882693
0.00023241776882693
0.000232415675395722
0.000232415675395722
0.000232415675395722
0.000232415675395722
0.000232415675395722
0.000232415675395722
0.000232415675395722
0.000232415675395722
0.000232415675395722
0.000222192155141896
0.000218752856684524
0.00022181658217472
0.000221664184538702
0.000221662338109607
0.000221662338109607
0.000221662338109607
0.000221662338109607
0.000221662338109607
0.000221662338109607
0.000221662338109607
0.000221662338109607
0.000221662338109607
0.000221662338109607
0.000221662338109607
0.000221662338109607
0.000221662338109607
0.000221662338109607
0.000221662338109607
0.000221662338109607
0.000221662338109607
0.000221662338109607
0.000221662338109607
0.000221662338109607
0.000221662338109607
0.000218885704339821
0.000218885704339821
0.000261899884888113
0.000261899884888113
0.000261899884888113
0.000261899884888113
0.000261688922840948
0.000261687654644613
0.000261687654644613
0.000261687654644613
0.000261687654644613
0.000261687654644613
0.000261687654644613
0.000261687654644613
0.000261687654644613
0.000261687654644613
0.000261687654644613
0.000261687654644613
0.000261687654644613
0.000261687654644613
0.000261687654644613
0.000261687654644613
0.000261687654644613
0.000261687654644613
0.000261687654644613
0.000261687654644613
0.000261687654644613
0.000261687654644613
0.000261687654644613
0.000261687654644613
0.000261687654644613
0.000261687654644613
0.000261687654644613
0.000261687654644613
0.000261687654644613
0.000261687654644613
0.000246190303236412
0.000246190303236412
0.000246190303236412
0.000246190303236412
0.000246190303236412
0.000246190303236412
0.000245368101704158
0.000243506748050963
0.000243506748050963
0.000243506748050963
0.00024350429050217
0.00024350429050217
0.00024350429050217
0.00024350429050217
0.00024350429050217
0.00024350429050217
0.00024350429050217
0.00024350429050217
0.00024350429050217
0.00024350429050217
0.00024350429050217
0.000241123917001695
0.000241123917001695
0.000241121520662075
0.000227824652153332
0.000226551502589603
0.000226541684818522
0.000226550923294632
0.000226550923294632
0.000226550923294632
0.000226550923294632
0.000226550923294632
0.000226550923294632
0.000226550923294632
0.000226550923294632
0.000226550923294632
0.000226550923294632
0.000226550923294632
0.000225695421022073
0.000225695421022073
0.000225692551132313
0.000225695421022073
0.000225695421022073
0.000218561717552786
0.000217914324169587
0.000217348392804888
0.000215724955977263
0.000215724955977263
0.000215727012360664
0.000215727012360664
0.000215727012360664
0.000215727012360664
0.000214278700595062
0.000214079814893629
0.000209325250577119
0.000209787432659505
0.00020270296113209
0.000202484943420729
0.000198656347709032
0.000198683166578749
0.000198683166578749
0.000198691726726057
0.000266046740011744
0.000266046740011744
0.000266057025918083
0.000266057025918083
0.000266057025918083
0.000266057025918083
0.000266057025918083
0.000266057025918083
0.000266057025918083
0.000266057025918083
0.000266057025918083
0.000266057025918083
0.000266057025918083
0.000266057025918083
0.000266057025918083
0.000266057025918083
0.000266057025918083
0.000266057025918083
0.000266057025918083
0.000266057025918083
0.000266057025918083
0.000266057025918083
0.000266057025918083
0.000266057025918083
0.000265636807193158
0.000265636807193158
0.000265636807193158
0.000265636807193158
0.000265116050644969
0.000264659184640739
0.000264655979983778
0.000264656620400159
0.000254536890797519
0.000233814639384397
0.000222613903329045
0.000225338768218077
0.000225390816906756
0.00021150107312202
0.000211235012969919
0.000204868197108477
0.000205153064359151
0.000200589623974706
0.000200614103252428
0.000200620294660655
0.000200620294660655
0.000200114617069485
0.000200114617069485
0.000196221801489599
0.000196221801489599
0.00019547992513627
0.000197522382213378
0.000197524059807263
0.00019754991621548
0.00019754991621548
0.00019754991621548
0.00019754991621548
0.00019754991621548
0.00019754991621548
0.00019754991621548
0.00019754991621548
0.00019754991621548
0.00019754991621548
0.00019754991621548
0.00019754991621548
0.00019754991621548
0.00019754991621548
0.00019754991621548
0.00019754991621548
0.00019754991621548
0.00019754991621548
0.00019754991621548
0.00019754991621548
0.00019754991621548
0.00019754991621548
0.00019754991621548
0.00019754991621548
0.00019754991621548
0.00019754991621548
0.00019754991621548
0.00019754991621548
0.00019754991621548
0.00019754991621548
0.00019754991621548
0.000196759236550055
0.000196759236550055
0.000196335247293477
0.000196198012268806
0.000196199439331259
0.000180958042529937
0.000180834476922697
0.000180834476922697
0.000180735452978639
0.000180735994304443
0.00018064830395451
0.000180639676534908
0.000180639676534908
0.000265331281553696
0.000265331281553696
0.000265331281553696
0.000265331281553696
0.000265331281553696
0.000265331281553696
0.000265331281553696
0.000265331281553696
0.000265331281553696
0.000265331281553696
0.000265331281553696
0.000351460721038522
0.000265152132812024
0.000265099478474307
0.000262644385133968
0.000261040643106406
0.000241365020725033
0.000217349935255711
0.000212518012333998
0.000209057605677628
0.000205245057828784
0.000190286637549649
0.000184192368422389
0.000184167941662265
0.000183486847655622
0.000183699151571508
0.0001801303438135
0.000179551461167512
0.000180215048161086
0.000180117605020413
0.000180117605020413
0.000188252227728189
0.000188257788752585
0.00018792602307251
0.000187277539820115
0.000187372726215011
0.000187374661117401
0.000183377962300798
0.000264565907632923
0.000183324437646238
0.000183310076395085
0.000183312641516002
0.000183312641516002
0.000183258196000615
0.000183329491260392
0.000183329491260392
0.000183338263314526
0.000183287976558827
0.000183287976558827
0.000183285166259528
0.000183287976558827
0.000183287976558827
0.000183282293265202
0.000183282293265202
0.000275409791427585
0.00018313330765418
0.00018313330765418
0.000182751649358043
0.000181225565577229
0.000181160321746743
0.000179604735785358
0.000179026482415169
0.000176702236296698
0.000175169438384889
0.000175104734213426
0.000175104734213426
0.000175104734213426
0.000173790094191725
0.000173301293588216
0.00017285042783832
0.000172467418795091
0.000171997419748536
0.000171997419748536
0.000172871159789814
0.000171791859373915
0.000171791774929255
0.00017179414308375
0.000171795091967175
0.000171797944195016
0.000171797944195016
0.000171797944195016
0.000170915644194857
0.000170915644194857
0.000170915644194857
0.000170915644194857
0.000159811048956212
0.000159811048956212
0.000159795084415851
0.000159795084415851
0.000159803032722939
0.000159803032722939
0.000159803032722939
0.000154196746864348
0.000154196746864348
0.000154196746864348
0.000154245744170502
0.000261680104956538
0.000261680104956538
0.000259623422476939
0.000259623422476939
0.000257230797267658
0.000257230797267658
0.000257230797267658
0.000257230797267658
0.000257417639314355
0.000257417639314355
0.000257417639314355
0.000257417639314355
0.00025740719871985
0.00025740719871985
0.00025740719871985
0.00025740719871985
0.00025740719871985
0.00025740719871985
0.000256493880559121
0.000256493880559121
0.00025612327201099
0.00025612327201099
0.000256023807659843
0.000256023807659843
0.000255911220427767
0.000255889154748301
0.000255889154748301
0.000255887938067021
0.000255887938067021
0.000255887938067021
0.000255887938067021
0.000255887938067021
0.000255148846009938
0.000255148846009938
0.000255148846009938
0.000255147007658414
0.000156862331340391
0.000156783410978486
0.000269008734364105
0.000246214397097052
0.00024609905023788
0.000246085951990126
0.000246085951990126
0.000246112527416254
0.000245745565209888
0.000248575382427951
0.000248575382427951
0.000248575382427951
0.000248575382427951
0.000248575382427951
0.00024534539436194
0.000248923019834198
0.000248826945093269
0.000233511320705894
0.000236329174628346
0.000236332736379422
0.000236343989306329
0.000236343989306329
0.000236343989306329
0.000236343989306329
0.000236343989306329
0.000236343989306329
0.000236343989306329
0.000236343989306329
0.000236343989306329
0.000236343989306329
0.000236343989306329
0.000236343989306329
0.000236343989306329
0.000236343989306329
0.000236343989306329
0.000236343989306329
0.000236343989306329
0.000236343989306329
0.000236343989306329
0.000236343989306329
0.000236343989306329
0.000236343989306329
0.000236343989306329
0.000236343989306329
0.000236343989306329
0.000236343989306329
0.000236343989306329
0.000236343989306329
0.000223639884394738
0.000226775545642982
0.000226775545642982
0.000226775545642982
0.000226775545642982
0.0002263807697823
0.000221669830985988
0.000221669830985988
0.000221669830985988
0.000221544902584489
0.00022129905730098
0.000221071021158839
0.000260361969541111
0.000260361969541111
0.000260361969541111
0.000260361969541111
0.000260361969541111
0.000260361969541111
0.000260361969541111
0.000247463114582632
0.000244343362489872
0.000244343362489872
0.00024400138755759
0.000247100693808389
0.000247100693808389
0.000247100693808389
0.000247100693808389
0.000247100693808389
0.000247100693808389
0.000247100693808389
0.000247100693808389
0.000247100693808389
0.000247100693808389
0.000247100693808389
0.000243399678637917
0.000210455481888671
0.000210455481888671
0.000210455481888671
0.000210455481888671
0.000210455481888671
0.000205152966526412
0.000181153865263309
6.71942730437832e-05
0.000102619195673369
0.000100283053098409
0.000100139896212365
0.000100027378572673
9.45486662721729e-05
9.42739010005745e-05
9.4285619839983e-05
9.43244210164294e-05
9.4293822347472e-05
9.52262291534706e-05
9.52264316813504e-05
9.52290687467604e-05
9.52290687467604e-05
9.52292719218044e-05
9.52292719218044e-05
9.50906817013e-05
9.63122274205791e-05
9.59384662358189e-05
9.56566243799075e-05
9.4072105272813e-05
9.40580084594234e-05
9.40580084594234e-05
9.40580084594234e-05
9.40580084594234e-05
9.40580084594234e-05
9.40580084594234e-05
9.40580084594234e-05
9.40945226651866e-05
9.38900290028967e-05
9.46628833503962e-05
9.45409251556365e-05
9.30114247321e-05
9.30397022589535e-05
9.29633543802053e-05
9.29596183702562e-05
9.29607308659647e-05
9.29607308659647e-05
9.29607308659647e-05
9.29605683889384e-05
9.28810158738692e-05
8.72065996647515e-05
8.72065996647515e-05
8.72065996647515e-05
8.72065996647515e-05
8.72065996647515e-05
8.72065996647515e-05
8.72065996647515e-05
8.72065996647515e-05
8.71574313686795e-05
8.89065740730893e-05
8.9705161089621e-05
8.9565409906021e-05
8.95561245468781e-05
8.90305482168667e-05
8.90259809533413e-05
8.90305482168667e-05
8.90346180153281e-05
8.8687711962946e-05
8.8687711962946e-05
8.8687711962946e-05
8.59971661791831e-05
8.59693846533966e-05
7.41918061097055e-05
7.33509871670274e-05
7.33165548509199e-05
0.000251951284333881
0.000250043157464543
0.00020549558683307
0.000204069404961659
0.000204069404961659
0.000204084314946763
0.000204084314946763
0.000204084314946763
0.000204084314946763
0.000204084314946763
0.000204084314946763
0.000204084314946763
0.000204084314946763
0.000204084314946763
0.000204084314946763
0.000204084314946763
0.000203586767442437
0.000203226102246732
0.000203221315191053
0.000203221315191053
0.000190557756815336
0.000190704197229023
0.00018912062672779
0.000187788004327774
0.000187779847871083
0.000187777680508826
0.000187814853388157
0.000187814853388157
0.000187814853388157
0.000187814853388157
0.000187814853388157
0.000187690295244382
0.000102898951707063
0.000102960285678427
0.00018641285761971
0.00018641285761971
0.00018641285761971
0.00018641285761971
0.000185074374327701
0.000185074374327701
0.000185030896671738
0.000184565626963233
0.000184565626963233
0.000184565626963233
0.000184554486681537
0.000184554486681537
0.000184491246540223
0.000184491246540223
0.000184491246540223
0.000184491246540223
0.00017186084768061
0.000154240239943258
0.000154240239943258
0.000156675178388014
0.000152470236357253
0.000152470236357253
6.6571096961083e-05
6.54665943829585e-05
6.15300008478301e-05
6.15300008478301e-05
6.6745075972198e-05
6.91233103709803e-05
0.000129733033783492
0.000141830047784908
0.000141064944084882
0.000141064944084882
0.000141064944084882
0.000139831039875446
0.000139831039875446
0.000139831039875446
0.000139831039875446
0.000139831039875446
0.000139831039875446
0.000139831039875446
0.000139831039875446
0.000139831039875446
0.000139831039875446
0.000139831039875446
0.000139831039875446
0.000139831039875446
0.000139831039875446
0.000139831039875446
0.000139831039875446
0.000139831039875446
0.000139831039875446
0.000137036097436584
0.00012745980798188
0.00012745980798188
0.000127451235803619
0.000127422000504408
0.000127422000504408
0.000127423162483299
0.000126382244560577
0.000126382244560577
0.000126390611361112
0.000125794121446315
0.00025289625129645
0.000251654822835267
0.000251658339793194
0.000251689166191062
1.00556781040272e-05
0.000133530675772051
0.000133530675772051
0.000245391029855053
0.000245391029855053
0.000245218110995775
0.000245218110995775
0.000245218110995775
0.000245218110995775
0.000245218110995775
0.000245218110995775
0.000245218110995775
0.000245218110995775
0.000245218110995775
0.000245218110995775
0.000245218110995775
0.000245218110995775
0.000245218110995775
0.000245218110995775
0.000245218110995775
0.0001581668127208
0.000136930635504591
0.000136940258533963
0.000101094997075867
9.28627930665338e-05
9.28627930665338e-05
9.45831098619294e-05
9.21362729343454e-05
9.20011908535866e-05
9.20011908535866e-05
9.40191425518947e-05
9.38781103658665e-05
9.3751457004978e-05
9.16189560157829e-05
9.13918828061447e-05
9.13918828061447e-05
9.33714849852907e-05
9.33856304136475e-05
9.33866485408568e-05
9.33866485408568e-05
9.33866485408568e-05
9.33866485408568e-05
9.33866485408568e-05
9.33866485408568e-05
9.33866485408568e-05
8.57099859844496e-05
8.57099859844496e-05
8.56694982116015e-05
8.57133057016309e-05
8.57133057016309e-05
8.57133057016309e-05
8.57133057016309e-05
8.57133057016309e-05
8.57133057016309e-05
8.57133057016309e-05
8.57133057016309e-05
8.57133057016309e-05
8.57133057016309e-05
8.57133057016309e-05
8.57448866543609e-05
8.57448866543609e-05
8.57448866543609e-05
8.57448866543609e-05
8.57448866543609e-05
8.57448866543609e-05
8.57448866543609e-05
8.57448866543609e-05
8.57448866543609e-05
8.57448866543609e-05
8.57448866543609e-05
8.57448866543609e-05
8.57448866543609e-05
8.57448866543609e-05
8.57448866543609e-05
8.57448866543609e-05
8.57448866543609e-05
8.57448866543609e-05
8.57448866543609e-05
8.57448866543609e-05
8.57448866543609e-05
8.57448866543609e-05
8.57448866543609e-05
8.37305171248989e-05
8.37305171248989e-05
8.37305171248989e-05
8.55325007484717e-05
8.55325007484717e-05
8.43775959249302e-05
8.42685771463455e-05
8.42075604605079e-05
8.40477756093196e-05
8.2303848108978e-05
0.000248630239018
0.000115719634083067
0.000232323538969805
0.000232323538969805
0.000230718852678535
0.000233627994365372
0.000233699016706763
0.000233701292075366
0.000233701292075366
0.000233701292075366
0.000233701292075366
0.000233701292075366
0.000230479340609902
0.000230479340609902
0.000230469440515146
0.000230479340609902
0.000225359510087456
0.000225359510087456
0.000225359510087456
0.000225359510087456
0.000224407485961923
0.000224407485961923
0.000224407485961923
0.000224295448641251
0.000224295448641251
0.000224295448641251
0.000224295448641251
0.000224295448641251
0.000224295448641251
0.000224858404630553
0.000224858404630553
0.000223209664627087
0.000216871282340142
0.000216864780246156
0.000216863699384865
0.000216863699384865
0.000216731684667336
6.39987569150315e-06
9.50803108168382e-05
9.50803108168382e-05
9.50803108168382e-05
9.75956851135491e-05
0.000190310371119812
0.000206890187118447
0.000204616586340036
0.000204616586340036
0.000204623098003415
0.000204644716997955
0.000204644716997955
0.000204644716997955
0.00020320363466518
0.000203167688138847
0.000203167688138847
0.000203167688138847
0.000203167215795523
0.000203167215795523
0.000203167215795523
0.000203167215795523
0.00018869654587915
0.000188011917072325
0.000187868046410034
0.000187991736335063
0.000188011917072325
0.000188011917072325
0.000188011917072325
0.000188011917072325
0.000188011917072325
0.000136832840383824
0.000136832840383824
0.000136832840383824
0.000136842801144602
0.000136842801144602
0.000136842801144602
0.000136842801144602
0.000136842801144602
0.000136842801144602
0.000136790618423626
0.000136684410948743
0.000136684410948743
0.000136684410948743
0.000136684410948743
0.000136684410948743
0.000136684410948743
0.000136684410948743
0.000136684410948743
0.000136684410948743
0.000136684410948743
0.000135189859208969
0.000134753158042995
0.000134753158042995
0.00013352698839461
0.000132958685488353
0.000132958685488353
0.000132955631884661
0.000126286161193634
0.000126286161193634
0.000249056057511543
0.000249056057511543
0.000249056057511543
0.000249056057511543
0.000246912470200666
0.000220771472346049
0.000182873994687586
0.000163186615769827
0.000151018874446136
0.000151018874446136
0.000150793003632072
0.000150793003632072
0.000142452878123611
0.000141537824232939
0.000140561003372015
0.00013705176530519
0.000137053178462202
0.000137148860364274
0.000137148860364274
0.000120445864806009
0.000119518158194445
0.000119415458582445
0.000118690236581414
0.000182314532982069
0.000116694462684181
0.00011657186682225
0.000115784286381549
9.94946025363051e-05
9.76590524433961e-05
9.74324951800987e-05
9.74734197986464e-05
9.75826156351248e-05
9.61084107682995e-05
9.57203516058167e-05
9.57096455114021e-05
9.61621948131163e-05
9.50023453024717e-05
9.50023453024717e-05
9.49765211383749e-05
9.45281220905217e-05
8.3138419282445e-05
8.05109239339955e-05
8.04862872079788e-05
8.14001829953284e-05
7.53372717104891e-05
7.50201900366543e-05
7.50201900366543e-05
7.48478379045943e-05
7.45335075376213e-05
7.45215810430822e-05
7.44628821227095e-05
7.44627043839072e-05
7.46488202202193e-05
7.46488202202193e-05
7.46589302722776e-05
7.46542702001877e-05
7.46542702001877e-05
7.46542702001877e-05
7.46542702001877e-05
7.46412047419633e-05
7.46281492484966e-05
7.46020681102718e-05
7.45890424427747e-05
7.45630208542934e-05
7.45493605961429e-05
7.45159024826955e-05
7.45029328749702e-05
7.44695381339222e-05
7.44695381339222e-05
7.43754051425243e-05
7.43346929198036e-05
7.43346929198036e-05
7.43346929198036e-05
7.43089465514662e-05
7.43089465514662e-05
7.4122789000181e-05
7.40897875153697e-05
7.40745614312775e-05
7.4037987823565e-05
7.40234598774985e-05
7.39702742899666e-05
7.39223735429967e-05
9.70832178862478e-05
0.000106941810584988
0.00010772765071532
0.00010771786176331
0.000107700082694666
0.00010767240063101
0.000107666481624585
0.000107638822696933
0.000107638822696933
0.000107638822696933
0.000107638822696933
0.000107621087684943
0.000107603365858018
0.000107603365858018
0.000357874660275832
0.000357721597459216
0.000357721597459216
0.000357721597459216
0.000357721597459216
0.000357721597459216
0.000357324926815099
0.000357203295179927
0.000248857056851217
0.000248590011459083
0.000247145683657393
0.000285059156196256
0.00029344975844324
0.000293317728574783
0.000293283005019375
0.000293283005019375
0.000340511630087153
0.000340276762926411
0.000340146275310734
0.000339869636908136
0.000339480309958271
0.000339075851574624
0.000338947016680807
0.000338690046871466
0.000337671151350522
0.000241272099699385
0.000241861801190277
0.000241861801190277
0.00024185799684456
0.000241863434692342
0.000241863434692342
0.000241863434692342
0.000241850869794344
0.000241850869794344
0.000241517848731741
0.000241050646850608
0.000241055992242111
0.000241055992242111
0.000241055992242111
0.000241055992242111
0.000241055992242111
0.000240960257199538
0.000239197323866608
0.000238321811150522
0.000238321811150522
0.000238321811150522
0.000238159960712148
0.000238159960712148
0.000238159960712148
0.000238159960712148
0.000185135159699126
0.000176800975626666
0.000177626981917985
0.000179695084537237
0.000179726697406537
0.000179726697406537
0.000179837890751941
0.000179837890751941
0.000179470664784475
0.000179384782147849
0.000179384782147849
0.000179384782147849
0.000179384782147849
0.000179384782147849
0.000179384782147849
0.000179384782147849
0.000179384782147849
0.000179384782147849
0.000179384782147849
0.000179384782147849
0.000179384782147849
0.000179384782147849
0.000179384782147849
0.000179384782147849
0.000179384782147849
0.000179384782147849
0.000179384782147849
0.000179384782147849
0.000183834924227222
0.000159645565963722
0.000144232305306912
0.00014433963726458
0.000144384383366102
0.000144384383366102
0.000144434311869525
0.000144424327208168
0.000145760791541101
0.000145760791541101
0.000145760791541101
0.000145760791541101
0.000145760791541101
0.000144187699880417
0.000144187699880417
0.000144187699880417
0.000144187699880417
0.000137504545515168
0.000236829729860679
0.000236708670805278
0.00023671188019484
0.00023671188019484
0.00023671188019484
0.00023671188019484
0.00023671188019484
0.000236490394844529
0.000236249490465399
0.000236049586975948
0.0002359520965705
0.000235343866323883
0.000234727986194764
0.000234723626088639
0.000234486490469433
0.000234133228011147
0.000233569153033923
0.00023151213825868
0.00023151213825868
0.000232879071721491
0.000232533635001967
0.000107923585283013
0.000107692791961044
0.000107692791961044
0.000209669838149255
0.000209669838149255
0.000231297533272881
0.000231297533272881
0.000233640243827047
0.000233869703881601
0.000233639326128456
0.000217976365394376
0.000206117407555081
0.000204171066346148
0.000200045886949181
0.000199712058588442
0.000147600799818682
0.000150277642646567
0.000149467005219268
0.000149532972479671
0.000149411122083852
0.000149411122083852
0.000148374464592997
0.000129659544286764
0.000129487708449152
0.000129473402197309
0.000129110502614226
0.000128721346116198
0.000128490004490528
0.000128416171828229
0.00012792644985243
0.000126434402631146
0.000126090939499686
0.000126064910324413
0.000126035164078825
0.000105327579372222
0.000105330821809353
0.000105057137475512
0.000105057840525955
0.00010456661800571
0.000103233304554582
5.62575075572863e-05
4.05104849578522e-05
3.9857952577789e-05
4.34005532377707e-05
8.82214798700105e-05
0.000101793400783725
0.000101773890193783
0.000101741821259064
0.000101655882539259
0.000101613568017669
0.000101578253263483
0.000101532727554807
0.000101434231136244
0.000101365205684692
0.000101321199870217
0.000101252414926383
0.000101206577596855
0.000101174908631899
0.000101168986043684
0.000101146331568081
0.000101089677211124
0.000101045630010833
0.00010098882808707
0.0001009784238429
0.000100959567475335
0.000100931164251155
0.00010087732895905
0.000100784870828434
0.000100767661573152
0.00010073881133876
0.000100706299308834
0.000100684414761162
0.000100627488359611
0.00010055621850935
0.000100512265889953
0.000238527058932379
0.000238360121816373
0.000167769590486399
0.000168490429117637
0.00016844198798738
0.000168367934319637
0.000168295144629455
0.000168187924328757
0.000168142223112988
0.00016813331450695
0.000168132586591274
0.000168132586591274
0.000168132586591274
0.000168132586591274
0.000168133322991569
0.000168079919441892
0.000168079919441892
0.000168079919441892
0.000168079919441892
0.000168079919441892
0.000168026598188683
0.000165541839021518
0.000160808237804649
0.000160503517831866
0.000153834731131035
0.000143444847579204
0.000143439091007963
0.000142514736291462
0.000140502249574878
0.000136553065075077
0.000123314871649479
0.000123245791365781
0.000123240988009265
0.000122079985229998
0.000121187314559475
0.000121187314559475
0.000120647354152382
0.000120619349472902
0.000120595633344341
0.000114867356956771
0.000114800391966867
0.000114728981618886
0.000107060957433346
0.00010015311234606
9.8263896089617e-05
8.83010414319515e-05
8.82743210612715e-05
8.73936893742179e-05
8.73557512147569e-05
8.73417235030637e-05
8.73417235030637e-05
8.45972458227362e-05
8.23630473414415e-05
7.97009070574895e-05
7.677568082595e-05
6.93800869040058e-05
6.93727744956009e-05
6.93451651946315e-05
6.93433022597088e-05
6.93325143264898e-05
6.93110316920881e-05
6.92895787554704e-05
6.9115237608768e-05
6.90020415381683e-05
6.87951873913542e-05
6.87014191479957e-05
6.87038487902221e-05
6.87038487902221e-05
6.86968645977561e-05
6.86654750601991e-05
6.86028884168302e-05
6.86028884168302e-05
6.85578457965215e-05
6.85363520001155e-05
6.85363520001155e-05
6.84605135948432e-05
6.83840378093321e-05
6.83225184240762e-05
6.83020673197374e-05
6.83020673197374e-05
6.82441434169635e-05
6.82203668004937e-05
6.82135803445961e-05
6.81898517266744e-05
6.88333212785406e-05
6.88024320319893e-05
6.87946697587841e-05
6.87750805413279e-05
6.87176504297215e-05
6.86764147559688e-05
6.81676481992001e-05
6.80161892558987e-05
6.79614217556988e-05
6.7661906958562e-05
6.73234531377366e-05
6.72548770779834e-05
0.000243604092235599
0.000243524563759354
0.000243524563759354
0.000233923174460397
0.000230881833046935
0.000207602027734059
0.000199363327332482
0.000197131982619846
0.000196922681431862
0.000192929777689197
0.000184348028052117
0.000183382514569538
0.000182203668754139
0.000181431241003696
0.000181253428580155
0.000181017688053153
0.000180497853754286
0.000179943410984229
0.000179868654885479
0.000179250951645093
0.000178957006410869
0.000175703732845912
0.000175234985966158
0.000175187538048747
0.000174944531063522
0.000174834578076231
0.00017458169865834
0.000174155944896098
0.000173708040414181
0.000173010878585295
0.000172422258622498
0.000157196766732226
0.00015706479927233
0.000151848770954295
0.000151754199444167
0.000151654163152135
0.000151573683742482
0.000151331161628917
0.00015122181309712
0.00015097692959659
0.000150901677814447
0.000146795427250635
0.000145008351343661
0.000145008351343661
0.000144802192757958
0.000144594438685179
0.000144405236958748
0.000144275249042838
0.000144258137237716
0.000144148583293786
0.000140113504862642
0.000139816529052103
0.000139503720035322
0.000142108987257768
0.000142108987257768
0.000141921847469645
0.000141503615779601
0.000141462708968317
0.00014134366937711
0.000127223187534237
0.000127223187534237
0.000126947733841912
0.000126947733841912
0.000126947733841912
0.000126842167627123
0.000126842167627123
0.000126702055322908
0.000126702055322908
0.000126702055322908
0.000126702055322908
0.000126554547467716
0.00012638790758969
0.00012635585681352
0.000126354444468179
0.000126166681278821
0.000126166681278821
0.000126071100932759
0.000125975861370343
0.000125975861370343
0.000126035782345569
0.000126035782345569
0.000126035782345569
0.000125972281898934
0.000126128614849493
0.000126128614849493
0.000126054245065587
0.000125916676689805
0.000125883613376039
0.000125883613376039
0.000125600357690626
0.000125580031950548
0.00012142450297463
0.00012142450297463
0.000121394401590653
0.000118711372919662
0.000118418410326808
