0.0
0.0
0.0
0.0
0.0
0.0
0.0
0.0
0.0
0.0
0.0
0.0
0.0
0.0
0.0
0.0
0.0
0.0
0.0
0.0
0.0
0.0
0.0
0.0
0.0
0.0
0.0
0.0
0.0
0.0
0.0
0.0
0.0
0.0
0.0
0.0
0.0
0.0
0.0
0.0
0.0
0.0
0.0
0.0
0.0
0.0
0.0
0.0
0.0
0.0
0.0
0.0
0.0
0.0
0.0
0.0
0.0
0.0
0.0
0.0
0.0
0.0
0.0
0.0
1.08019065365037e-05
1.08019065365037e-05
1.08019065365037e-05
1.08019065365037e-05
1.08019065365037e-05
1.08019065365037e-05
1.08019065365037e-05
1.08019065365037e-05
1.08019065365037e-05
1.08019065365037e-05
1.08019065365037e-05
1.08019065365037e-05
1.08019065365037e-05
1.08019065365037e-05
1.08019065365037e-05
1.08019065365037e-05
1.08019065365037e-05
1.08019065365037e-05
1.08019065365037e-05
1.08019065365037e-05
1.08019065365037e-05
1.08019065365037e-05
1.08019065365037e-05
1.08019065365037e-05
1.08038029386344e-05
1.08038029386344e-05
1.08038029386344e-05
1.08038029386344e-05
1.08038029386344e-05
1.08038029386344e-05
1.08038029386344e-05
1.08038029386344e-05