0.00280849569949096
0.00280849569949096
0.00280849569949096
0.00280849569949096
0.00280849569949096
0.00280849569949096
0.00280849569949096
0.00280849569949096
0.00280849569949096
0.00280849569949096
0.00280849569949096
0.00280849569949096
0.00280849569949096
0.00280849569949096
0.00280849569949096
0.00280849569949096
0.00280849569949096
0.00280849569949096
0.00280849569949096
0.00280849569949096
0.00280849569949096
0.00280849569949096
0.00280849569949096
0.00280849569949096
0.00280849569949096
0.00280849569949096
0.00280849569949096
0.00280849569949096
0.00280849569949096
0.00280849569949096
0.00280849569949096
0.00280849569949096
0.00280849569949096
0.00280849569949096
0.00280849569949096
0.00280849569949096
0.00280849569949096
0.00280849569949096
0.00280849569949096
0.00280849569949096
0.00280849569949096
0.00280849569949096
0.00280849569949096
0.00280849569949096
0.00280849569949096
0.00280849569949096
0.00280849569949096
0.00280849569949096
0.00280849569949096
0.00280849569949096
0.00280849569949096
0.00280849569949096
0.00280849569949096
0.00280849569949096
0.00280849569949096
0.00280849569949096
0.00280849569949096
0.00280849569949096
0.00280849569949096
0.00280849569949096
0.00280849569949096
0.00280849569949096
0.00280849569949096
0.00280849569949096
0.00280849569949096
0.00280849569949096
0.00280849569949096
0.00280849569949096
0.00280849569949096
0.00280849569949096
0.00280849569949096
0.00280849569949096
0.00280849569949096
0.00280849569949096
0.00280849569949096
0.00280849569949096
0.00280849569949096
0.00280849569949096
0.00280849569949096
0.00280849569949096
0.00280849569949096
0.00280849569949096
0.00280849569949096
0.00280849569949096
0.00280849569949096
0.00280849569949096
0.00280849569949096
0.00280865499726994
0.00280898876404494
0.00280898876404494
0.00280898876404494
0.00280898876404494
0.00280898876404494
0.00280898876404494
0.00280898876404494
0.00280898876404494