0.00261741913052068
0.00261741913052068
0.00261741913052068
0.00261741913052068
0.00261741913052068
0.00605399451628093
0.00605399451628093
0.00605399451628093
0.00605399451628093
0.00605399451628093
0.00605399451628093
0.00605399451628093
0.00604319260974442
0.00604319260974442
0.00604319260974442
0.00604319260974442
0.00604319260974442
0.00266332723330082
0.00266332723330082
0.00266332723330082
0.00266332723330082
0.00266332723330082
0.00266332723330082
0.00266332723330082
0.00266332723330082
0.00266332723330082
0.00266332723330082
0.00266062675666669
0.00266062675666669
0.00266062675666669
0.00266062675666669
0.00266062675666669
0.00266062675666669
0.00266062675666669
0.00266062675666669
0.00266062675666669
0.00266062675666669
0.00266062675666669
0.00266062675666669
0.00266062675666669
0.00266062675666669
0.00266062675666669
0.00266062675666669
0.00266062675666669
0.00266062675666669
0.00266062675666669
0.00266062675666669
0.00250399911188739
0.00250399911188739
0.00250940006515564
0.00250940006515564
0.00250940006515564
0.00250940006515564
0.00250940006515564
0.00250940006515564
0.00523298874211815
0.00523298874211815
0.00523298874211815
0.00523298874211815
0.00290366965373803
0.00290366965373803
0.00290366965373803
0.00288746679393327
0.0025364048314969
0.00250940006515564
0.00250940006515564
0.00250940006515564
0.00250940006515564
0.00250940006515564
0.00250940006515564
0.00250940006515564
0.00250940006515564
0.00250940006515564
0.00250940006515564
0.00250940006515564
0.00250940006515564
0.00250940006515564
0.00250940006515564
0.00250940006515564
0.00250940006515564
0.00250940006515564
0.00250940006515564
0.00250940006515564
0.00250940006515564
0.00250940006515564
0.00250940006515564
0.00250940006515564
0.00250952051081255
0.00250989178057247
0.00250989178057247
0.00250989178057247
0.00250989178057247
0.00250989178057247
0.00250989178057247
0.00250989178057247
0.00250989178057247
