0.00574796451573703
0.00574796451573703
0.00576956832881004
0.00576956832881004
0.00576956832881004
0.00599640836607661
0.0059532007399306
0.00599370788944249
0.00602881408568612
0.00602881408568612
0.00602881408568612
0.00602881408568612
0.00600721027261312
0.00600721027261312
0.00600721027261312
0.00600721027261312
0.00600721027261312
0.00573716260920052
0.00575876642227353
0.00575876642227353
0.0058181769082243
0.0057965730951513
0.0057965730951513
0.0057965730951513
0.0057965730951513
0.0057965730951513
0.0057965730951513
0.0057965730951513
0.0057965730951513
0.00587758739417507
0.00587758739417507
0.00632316603880585
0.00632316603880585
0.00624215173978207
0.00632316603880585
0.00587758739417507
0.00601261122588137
0.0059532007399306
0.0059532007399306
0.0059532007399306
0.0058181769082243
0.0058181769082243
0.0058181769082243
0.0058181769082243
0.0058181769082243
0.0058181769082243
0.0058181769082243
0.0058181769082243
0.0058181769082243
0.00589379025397983
0.00590459216051633
0.00590459216051633
0.00591539406705284
0.00575876642227353
0.00575876642227353
0.00592079502032109
0.00592079502032109
0.0059640026464671
0.0059640026464671
0.00579657309515129
0.00579657309515129
0.00579657309515129
0.00579657309515129
0.00572636070266402
0.00572636070266402
0.00572636070266402
0.0056723511699815
0.0056723511699815
0.0056723511699815
0.0056723511699815
0.0056723511699815
0.0056723511699815
0.0056723511699815
0.0056723511699815
0.0056723511699815
0.0056723511699815
0.00575336546900528
0.00575336546900528
0.00575336546900528
0.00575336546900528
0.00575336546900528
0.00576416737554178
0.00578577118861479
0.00578577118861479
0.00578577118861479
0.00578577118861479
0.0058073750016878
0.00612963780628348
0.00607308772687986
0.00607308772687986
0.00607308772687986
0.00580569360414866
0.00580569360414866
0.00578408599827139
0.00578408599827139
0.00578408599827139
