0.00140427820816891
0.00140427820816891
0.00140427820816891
0.00140427820816891
0.00140427820816891
0.00140430858793769
0.00140430858793769
0.00140430858793769
0.00140427820816891
0.00140427820816891
0.00140427820816891
0.00140427820816891
0.00140427820816891
0.00140427820816891
0.00140427820816891
0.00140427820816891
0.00140427820816891
0.00140427820816891
0.00140427820816891
0.00140427820816891
0.00140427820816891
0.00140427820816891
0.00140427820816891
0.00140427820816891
0.00140427820816891
0.00140427820816891
0.00140427820816891
0.00140427820816891
0.00140427820816891
0.00140427820816891
0.00140427820816891
0.00140427820816891
0.00140427820816891
0.00140427820816891
0.00140427820816891
0.00140427820816891
0.00140427820816891
0.00140427820816891
0.00140427820816891
0.00140427820816891
0.00140427820816891
0.00140427820816891
0.00140429338738062
0.00140429338738062
0.00140427820816891
0.00140427820816891
0.00140427820816891
0.00140427820816891
0.00140427820816891
0.00140427820816891
0.00140427820816891
0.00140427820816891
0.00140427820816891
0.00140427820816891
0.00140427820816891
0.00140429718551701
0.00140429718551701
0.00140429338738062
0.00140427820816891
0.00140427820816891
0.00140427820816891
0.00140429338738062
0.00140429338738062
0.00140428959057833
0.00140427820816891
0.00140427820816891
0.00140427820816891
0.00140427820816891
0.00140427820816891
0.00140427820816891
0.00140427820816891
0.00140427820816891
0.00140427820816891
0.00140427820816891
0.00140427820816891
0.00140427820816891
0.00140427820816891
0.00140427820816891
0.00140427820816891
0.00140427820816891
0.00140427820816891
0.00140427820816891
0.00140427820816891
0.00140427820816891
0.00140427820816891
0.00140427820816891
0.00140427820816891
0.00140436165519478
0.00140452475111014
0.00140452475111014
0.00140452475111014
0.00140452475111014
0.00140452475111014
0.00140452475111014
0.00140452475111014
0.00140452475111014