0.00140424784974548
0.00140424784974548
0.00140424784974548
0.00140424784974548
0.00140424784974548
0.00140424784974548
0.00140424784974548
0.00140424784974548
0.00140424784974548
0.00140424784974548
0.00140424784974548
0.00140424784974548
0.00140424784974548
0.00140424784974548
0.00140424784974548
0.00140424784974548
0.00140424784974548
0.00140424784974548
0.00140424784974548
0.00140424784974548
0.00140424784974548
0.00140424784974548
0.00140424784974548
0.00140424784974548
0.00140424784974548
0.00140424784974548
0.00140424784974548
0.00140424784974548
0.00140424784974548
0.00140424784974548
0.00140424784974548
0.00140424784974548
0.00140424784974548
0.00140424784974548
0.00140424784974548
0.00140424784974548
0.00140426302895719
0.00140426302895719
0.00140426302895719
0.00140426302895719
0.00140426302895719
0.00140426302895719
0.00140427820816891
0.00140427820816891
0.00140426302895719
0.00140426302895719
0.00140426302895719
0.00140426302895719
0.00140426302895719
0.00140426302895719
0.00140426302895719
0.00140426302895719
0.00140426302895719
0.00140426302895719
0.00140426302895719
0.00140427820816891
0.00140427820816891
0.00140427820816891
0.00140426302895719
0.00140426302895719
0.00140426302895719
0.00140427820816891
0.00140427820816891
0.00140427441136661
0.00140426302895719
0.00140426302895719
0.00140426302895719
0.00140426302895719
0.00140426302895719
0.00140426302895719
0.00140426302895719
0.00140426302895719
0.00140426302895719
0.00140426302895719
0.00140426302895719
0.00140426302895719
0.00140426302895719
0.00140426302895719
0.00140426302895719
0.00140426302895719
0.00140426302895719
0.00140426302895719
0.00140426302895719
0.00140426302895719
0.00140426302895719
0.00140426302895719
0.00140426302895719
0.00140435405625947
0.00140450956656631
0.00140450956656631
0.00140450956656631
0.00140450956656631
0.00140450956656631
0.00140450956656631
0.00140450956656631
0.00140450956656631