2.16038130730074e-05
2.16038130730074e-05
2.16038130730074e-05
2.16038130730074e-05
2.16038130730074e-05
2.16038130730074e-05
2.16038130730074e-05
2.16038130730074e-05
2.16038130730074e-05
2.16038130730074e-05
2.16038130730074e-05
2.16038130730074e-05
2.16038130730074e-05
2.16038130730074e-05
2.16038130730074e-05
2.16038130730074e-05
2.16038130730074e-05
2.16038130730074e-05
2.16038130730074e-05
2.16038130730074e-05
2.16038130730074e-05
2.16038130730074e-05
2.16038130730074e-05
2.16038130730074e-05
2.16038130730074e-05
2.16038130730074e-05
2.16038130730074e-05
2.16038130730074e-05
2.16038130730074e-05
2.16038130730074e-05
2.16038130730074e-05
2.16038130730074e-05
2.16038130730074e-05
2.16038130730074e-05
2.16038130730074e-05
2.16038130730074e-05
2.16038130730074e-05
2.16038130730074e-05
2.16038130730074e-05
2.16038130730074e-05
2.16038130730074e-05
2.16038130730074e-05
2.16038130730074e-05
2.16038130730074e-05
2.16038130730074e-05
2.16038130730074e-05
2.16038130730074e-05
2.16038130730074e-05
2.16038130730074e-05
2.16038130730074e-05
2.16038130730074e-05
2.16038130730074e-05
2.16038130730074e-05
2.16038130730074e-05
2.16038130730074e-05
2.16038130730074e-05
2.16038130730074e-05
2.16038130730074e-05
2.16038130730074e-05
2.16038130730074e-05
2.16038130730074e-05
2.16038130730074e-05
2.16038130730074e-05
2.16038130730074e-05
2.16038130730074e-05
2.16038130730074e-05
0
0
0
0
0
0
0
0
0
0
0
0
0
0
0
0
0
0
0
0
0
2.16038130730074e-05
2.16076058772688e-05
2.16076058772688e-05
2.16076058772688e-05
2.16076058772688e-05
2.16076058772688e-05
2.16076058772688e-05
2.16076058772688e-05
2.16076058772688e-05
