0.0361896380073722
0.0369052643154156
0.0369052643154156
0.0369052643154156
0.0369052643154156
0.0369808152611087
0.0369159582629092
0.0369159582629092
0.036915756996941
0.036915756996941
0.036915756996941
0.036915756996941
0.036915756996941
0.036915756996941
0.036915756996941
0.036915756996941
0.036915756996941
0.0369079647920497
0.0369295686051227
0.0369295686051227
0.0366433180819054
0.0365785066426864
0.0365893085492229
0.0366109123622959
0.0366109123622959
0.0366271152221006
0.0367135304743926
0.0367135304743926
0.0367135304743926
0.0367297333341974
0.0367081295211244
0.043459937780354
0.0433870249112326
0.0433384163318183
0.0433384163318183
0.0377319848429661
0.0406162901864426
0.0409133426161964
0.0409025407096599
0.0409025407096599
0.0371591091190234
0.037277930090925
0.0372887319974615
0.0372887319974615
0.0372887319974615
0.0372887319974615
0.0372887319974615
0.0372887319974615
0.0372887319974615
0.0378244511193605
0.0379432720912621
0.0379432720912621
0.0379432720912621
0.0368269504930259
0.0368269504930259
0.036751355355321
0.0367405534487845
0.0367080997977039
0.036708014414638
0.0369079572024439
0.0369079572024439
0.0370808730900938
0.0370808730900938
0.0368675140789849
0.036867450052932
0.036867450052932
0.0376358599903583
0.0376358599903583
0.0376682732995737
0.0376682732995737
0.0376682732995737
0.0376682732995737
0.0376682732995737
0.0376682732995737
0.0376682732995737
0.0376682732995737
0.0382866824487885
0.0382866824487885
0.0382866824487885
0.0382866824487885
0.0382866824487885
0.0390243329455897
0.0385560648621552
0.0386208763013743
0.0386208763013743
0.0386208763013743
0.0397438404961541
0.0394368402486429
0.0394579810834184
0.0394579810834184
0.0383130363582963
0.0373699393023105
0.0373699393023105
0.0373591354993719
0.0373591354993719
0.0373591354993719