0.087931226973317
0.087931226973317
0.087931226973317
0.087931226973317
0.0211284551754475
0.0
0.0
0.0
0.0
0.0
0.0
0.0
0.0
0.0
0.0
0.0
0.0
0.0
0.0
0.0
0.0
0.0
0.0
0.0909520251648571
0.0909473289309823
0.0876334206037225
0.0876334206037225
0.0876334206037225
0.0876334206037225
0.087608027500458
0.0876334206037225
0.0876334206037225
0.0876334206037225
0.0876334206037225
0.0876334206037225
0.0876334206037225
0.0876334206037225
0.0876334206037225
0.0876334206037225
0.0876334206037225
0.0876334206037225
0.0876334206037225
0.0876334206037225
0.0876334206037225
0.0876334206037225
0.0878374014167773
0.0878374014167773
0.0878374014167773
0.0878374014167773
0.0878374014167773
0.0878374014167773
0.0878374014167773
0.0878374014167773
0.0878374014167773
0.0878374014167773
0.0878374014167773
0.0878374014167773
0.0878374014167773
0.0876379483628395
0.0876379483628395
0.0876379483628395
0.0876379483628395
0.0876379483628395
0.0876379483628395
0.0876379483628395
0.0876379483628395
0.0876379483628395
0.0876379483628395
0.0876379483628395
0.0876379483628395
0.0876379483628395
0.0876379483628395
0.0876379483628395
0.0876379483628395
0.0876379483628395
0.0876379483628395
0.0876379483628395
0.0876379483628395
0.0878374014167773
0.0878374014167773
0.0878374014167773
0.0878374014167773
0.0878374014167773
0.0878374014167773
0.0878374014167773
0.0878374014167773
0.0878374014167773
0.0878374014167773
0.0876379483628395
0.0876379483628395
0.0876379483628395
0.0876379483628395
0.0876379483628395
0.0876379483628395
0.0876379483628395
0.0876379483628395