0.0332211571689075
0.0332211571689075
0.0332211571689075
0.0332211571689075
0.00464054652306061
0.0
0.0
0.0
0.0
0.0
0.0
0.0
0.0
0.0
0.0
0.0
0.0
0.0
0.0
0.0
0.0
0.0
0.0
0.0325496197778297
0.0325496197778297
0.0326135220145295
0.0326135220145295
0.0326135220145295
0.0326135220145295
0.0322438067908677
0.0326135220145295
0.0326135220145295
0.0326135220145295
0.0326135220145295
0.0326135220145295
0.0326135220145295
0.0326135220145295
0.0326135220145295
0.0326135220145295
0.0326135220145295
0.0326135220145295
0.0326135220145295
0.0326135220145295
0.0326135220145295
0.0326135220145295
0.0327795736252398
0.0327795736252398
0.0327795736252398
0.0327795736252398
0.0327795736252398
0.0327795736252398
0.0327795736252398
0.0327795736252398
0.0327795736252398
0.0327795736252398
0.0327795736252398
0.0327795736252398
0.0327795736252398
0.0328552460565013
0.0328552460565013
0.0328552460565013
0.0328552460565013
0.0328552460565013
0.0328552460565013
0.0328552460565013
0.0328552460565013
0.0328552460565013
0.0328552460565013
0.0328552460565013
0.0328552460565013
0.032848892715438
0.032848892715438
0.032848892715438
0.032848892715438
0.032848892715438
0.032848892715438
0.032848892715438
0.032848892715438
0.0327795736252398
0.0327795736252398
0.0327795736252398
0.0327795736252398
0.0327795736252398
0.0327795736252398
0.0327795736252398
0.0327795736252398
0.0329835544382945
0.0329835544382945
0.033059226869556
0.033059226869556
0.033059226869556
0.033059226869556
0.033059226869556
0.033059226869556
0.033059226869556
0.033059226869556