0.0603901178647187
0.0603901178647187
0.0603901178647187
0.0603901178647187
0.0243366457394312
0.0
0.0
0.0
0.0
0.0
0.0
0.0
0.0
0.0
0.0
0.0
0.0
0.0
0.0
0.0
0.0
0.0
0.0
0.0595230371068789
0.0595207205789586
0.0595334693797745
0.0595334693797745
0.0595334693797745
0.0595334693797745
0.0595589669814063
0.0595334693797745
0.0595334693797745
0.0595334693797745
0.0595334693797745
0.0595334693797745
0.0595334693797745
0.0595334693797745
0.0595334693797745
0.0595334693797745
0.0595334693797745
0.0595334693797745
0.0595334693797745
0.0595334693797745
0.0595334693797745
0.0595334693797745
0.0598147465713197
0.0598147465713197
0.0598147465713197
0.0598147465713197
0.0598147465713197
0.0598147465713197
0.0598147465713197
0.0598147465713197
0.0598147465713197
0.0598147465713197
0.0598147465713197
0.0598147465713197
0.0598147465713197
0.0598147465713197
0.0598147465713197
0.0598147465713197
0.0598147465713197
0.0598147465713197
0.0598147465713197
0.0598147465713197
0.0598043142984241
0.0598043142984241
0.0598043142984241
0.0598043142984241
0.0598043142984241
0.0598043142984241
0.0598043142984241
0.0598043142984241
0.0598043142984241
0.0598043142984241
0.0598043142984241
0.0598043142984241
0.0598043142984241
0.0598043142984241
0.0598043142984241
0.0598043142984241
0.0598043142984241
0.0598147465713197
0.0600180534853431
0.0600180534853431
0.0600180534853431
0.0600180534853431
0.0600180534853431
0.0600180534853431
0.0600180534853431
0.0600180534853431
0.0600180534853431
0.0600180534853431
0.0600180534853431
0.0600180534853431
0.0600180534853431