0.416013014561636
0.416013014561636
0.416013014561636
0.416013014561636
0.508437544648192
0.00623295427359288
0.00623295427359288
0.00623295427359288
0.00623295427359288
0.0
0.0
0.0
0.0
0.0
0.0
0.0
0.0
0.0
0.0
0.0
0.0
0.0
0.0
0.445591592156222
0.443960420945301
0.411253528464445
0.411253528464445
0.411253528464445
0.411049547651391
0.41021830606239
0.411049547651391
0.411049547651391
0.411049547651391
0.411049547651391
0.411049547651391
0.411049547651391
0.411049547651391
0.411049547651391
0.411049547651391
0.411049547651391
0.411049547651391
0.411049547651391
0.411049547651391
0.411049547651391
0.411049547651391
0.411881486049946
0.411881486049946
0.411881486049946
0.411881486049946
0.411881486049946
0.411881486049946
0.411881486049946
0.411881486049946
0.411881486049946
0.411881486049946
0.411881486049946
0.411881486049946
0.411881486049946
0.411881486049946
0.411881486049946
0.411881486049946
0.411881486049946
0.411881486049946
0.411881486049946
0.411881486049946
0.411881486049946
0.411881486049946
0.411881486049946
0.411881486049946
0.411881486049946
0.411881486049946
0.411881486049946
0.411881486049946
0.411881486049946
0.411881486049946
0.411881486049946
0.411881486049946
0.411881486049946
0.411881486049946
0.411881486049946
0.411881486049946
0.411881486049946
0.411881486049946
0.411881486049946
0.411881486049946
0.411881486049946
0.411881486049946
0.411881486049946
0.411881486049946
0.411881486049946
0.411881486049946
0.411881486049946
0.411881486049946
0.411881486049946
0.411881486049946
0.411881486049946