0.0659691542129859
0.0659691542129859
0.0659691542129859
0.0659691542129859
0.0778752376346716
0.042400943934838
0.042400943934838
0.042400943934838
0.042400943934838
0.042400943934838
0.042400943934838
0.042400943934838
0.042400943934838
0.042400943934838
0.042400943934838
0.042400943934838
0.042400943934838
0.042400943934838
0.042400943934838
0.042400943934838
0.042400943934838
0.042400943934838
0.042400943934838
0.0600259260924351
0.0594139836532708
0.0578586721770387
0.0578586721770387
0.0578586721770387
0.0578586721770387
0.0600644237149281
0.0578586721770387
0.0578586721770387
0.0578586721770387
0.0578586721770387
0.0578586721770387
0.0578586721770387
0.0578586721770387
0.0578586721770387
0.0578586721770387
0.0578586721770387
0.0578586721770387
0.0578586721770387
0.0578586721770387
0.0578586721770387
0.0578586721770387
0.0578586721770387
0.0578586721770387
0.0578586721770387
0.0578586721770387
0.0578586721770387
0.0578586721770387
0.0578586721770387
0.0578586721770387
0.0578586721770387
0.0578586721770387
0.0578586721770387
0.0578586721770387
0.0578586721770387
0.0578586721770387
0.0578586721770387
0.0578586721770387
0.0578586721770387
0.0578586721770387
0.0578586721770387
0.0578586721770387
0.0578586721770387
0.0578586721770387
0.0578586721770387
0.0578586721770387
0.0578586721770387
0.0578586721770387
0.0578586721770387
0.0578586721770387
0.0578586721770387
0.0578586721770387
0.0578586721770387
0.0578586721770387
0.0578586721770387
0.0578586721770387
0.0578586721770387
0.0578586721770387
0.0578586721770387
0.0578586721770387
0.0578586721770387
0.0578586721770387
0.0578586721770387
0.0578586721770387
0.0578586721770387
0.0578586721770387
0.0578586721770387
0.0578586721770387
0.0578586721770387
0.0578586721770387
0.0578586721770387
0.0578586721770387
0.0578586721770387