0.0
0.0
0.0
0.0
0.0
0.0
0.0
0.0
0.0
0.0
0.0
0.0
0.0
0.0
0.0
0.0
0.0
0.0
0.0
0.0
0.0
0.0
0.0
0.0
0.0
0.0
0.0
0.0
0.0
0.0
0.0
0.0
0.0
0.0
0.0
0.0
0.0
0.0
0.0
0.0
0.0
0.0
0.0
0.0
0.0
0.0
0.0
0.0
0.0
0.0
0.0
0.0
0.0
0.0
0.0
0.0
0.0
0.0
0.193262411347518
0.193262411347518
0.201854882705947
0.0334151663938898
0.0135706492089471
0.0135706492089471
0.0135706492089471
0.0135706492089471
0.0135706492089471
0.205707855973813
0.201513911620295
0.201718494271686
0.525197763229678
0.210379159847245
0.737929623567921
0.760229132569558
0.757842334969994
0.757842334969994
0.226029732678669
0.19360338243317
0.193398799781778
0.19012547735952
0.180919258046918
0.180919258046918
0.180919258046918
0.180919258046918
0.180919258046918
0.180919258046918
0.180919258046918
0.180919258046918
0.180919258046918
0.180919258046918
0.180919258046918
0.180919258046918
0.180919258046918
0.180919258046918
0.180919258046918
0.180919258046918