0.00275161731626755
0.00275161731626755
0.00275197732298941
0.00275197732298941
0.00275197732298941
0.00275197732298941
0.00275197732298941
0.00275197732298941
0.00275197732298941
0.00275197732298941
0.00275197732298941
0.00275197732298941
0.00275197732298941
0.00275197732298941
0.00275197732298941
0.00275197732298941
0.00275197732298941
0.00275197732298941
0.00275197732298941
0.00275197732298941
0.00275197732298941
0.00275197732298941
0.00275197732298941
0.00275197732298941
0.0027494900558972
0.00274840355795696
0.00274816346859621
0.00274816346859621
0.00274476209363745
0.00274299261411046
0.00274288045111685
0.00274233285150737
0.00269787529245711
0.00257032447803593
0.00246583648796542
0.00253468244950657
0.00253640005623298
0.00249658083107105
0.00249607979958796
0.00245584507629654
0.00244798005392469
0.00241722902629859
0.00241780456682896
0.0024187638967689
0.00241883851797968
0.00241616030083885
0.00241607563749855
0.00238323994244119
0.00238323994244119
0.00237599683434028
0.00237480071842646
0.00237481145318657
0.00237571642747417
0.00237571642747417
0.00237571642747417
0.00237571642747417
0.00237571642747417
0.00237571642747417
0.00237571642747417
0.00237571642747417
0.00237571642747417
0.00237571642747417
0.00237571642747417
0.00237571642747417
0.00237571642747417
0.00237571642747417
0.00237571642747417
0.00237571642747417
0.00237571642747417
0.00237571642747417
0.00237571642747417
0.00237571642747417
0.00237571642747417
0.00237571642747417
0.00237571642747417
0.00237571642747417
0.00237571642747417
0.00237571642747417
0.00237571642747417
0.00237571642747417
0.00237571642747417
0.00237571642747417
0.00237571642747417
0.00237128760768603
0.00237128760768603
0.00235198365497638
0.00234690595906354
0.00234695876037429
0.00231974654908958
0.00231678106145098
0.00231678106145098
0.0023129785749434
0.00231299860399815
0.00231257454936632
0.00231159181664753
0.00231159181664753