0.00732335159605329
0.00732335159605329
0.0073244624739379
0.0073244624739379
0.0073244624739379
0.0073244624739379
0.0073244624739379
0.0073244624739379
0.0073244624739379
0.0073244624739379
0.0073244624739379
0.0073244624739379
0.0073244624739379
0.0073244624739379
0.0073244624739379
0.0073244624739379
0.0073244624739379
0.0073244624739379
0.0073244624739379
0.0073244624739379
0.0073244624739379
0.0073244624739379
0.0073241794259641
0.0073241794259641
0.0073172445708021
0.0073172445708021
0.00731665807389497
0.00731665807389497
0.00730685281586182
0.00730118406870098
0.00730083796574926
0.00729519079648961
0.00712941665681479
0.00676322284263239
0.00674405862593602
0.00676866763826517
0.00677428889664251
0.00676029662855861
0.00675884838291411
0.00665455893810699
0.00664364244175404
0.00655349323262033
0.00655257282981697
0.00655380156896687
0.00655480895531244
0.00655088105725615
0.00655088105725615
0.00645136027053523
0.00645136027053523
0.00643177147689579
0.00643141405244505
0.00643162550070223
0.00643162550070223
0.00643162550070223
0.00643162550070223
0.00643162550070223
0.00643162550070223
0.00643162550070223
0.00643162550070223
0.00643162550070223
0.00643162550070223
0.00643162550070223
0.00643162550070223
0.00643162550070223
0.00643162550070223
0.00643162550070223
0.00643162550070223
0.00643162550070223
0.00643162550070223
0.00643162550070223
0.00643162550070223
0.00643162550070223
0.00643162550070223
0.00643162550070223
0.00643162550070223
0.00643162550070223
0.00643162550070223
0.00643162550070223
0.00643162550070223
0.00643162550070223
0.00643162550070223
0.00643162550070223
0.00643162550070223
0.0
0.0
0.0
0.0
0.0
0.0
0.0
0.0
0.0
0.0
0.0
0.0
0.0