0.0125741696368777
0.0125741696368777
0.0125762268181455
0.0125762268181455
0.0125762268181455
0.0125762268181455
0.0125762268181455
0.0125762268181455
0.0125762268181455
0.0125762268181455
0.0125762268181455
0.0125762268181455
0.0125762268181455
0.0125762268181455
0.0125762268181455
0.0125762268181455
0.0125762268181455
0.0125762268181455
0.0125762268181455
0.0125762268181455
0.0125762268181455
0.0125762268181455
0.0125758703873637
0.0125758703873637
0.0125641992746711
0.012562187449935
0.0125616209678646
0.0125618744233091
0.012546321120016
0.0125353244080432
0.0125331205878111
0.0125253276223955
0.0123095201428407
0.011722978317977
0.0115973296781726
0.0114894018350123
0.0114998115727481
0.0114128916790911
0.0114066816288574
0.0113884281567602
0.0112821181595834
0.0111313287937197
0.0111344946328838
0.0111325040053068
0.0111325319882609
0.0111251585356359
0.0111245821730191
0.0110368596708349
0.0110183359599285
0.0109829114496745
0.0109644445190908
0.0109642767605528
0.0109694480421962
0.0109694480421962
0.0109694480421962
0.0109694480421962
0.0109694480421962
0.0109694480421962
0.0109694480421962
0.0109694480421962
0.0109694480421962
0.0109694480421962
0.0109694480421962
0.0109694480421962
0.0109694480421962
0.0109694480421962
0.0109694480421962
0.0109694480421962
0.0109694480421962
0.0109694480421962
0.0109694480421962
0.0109694480421962
0.0109694480421962
0.0109694480421962
0.0109694480421962
0.0109694480421962
0.0109694480421962
0.0109694480421962
0.0109694480421962
0.0109694480421962
0.0109694480421962
0.0109694480421962
0.0109694480421962
0.0119226933792996
0.0119226933792996
0.0118156494948354
0.0117882024899011
0.0117884879023917
0.0116592148638448
0.0116326587892815
0.0116326587892815
0.0116283872381307
0.0116284955032915
0.0116265988300259
0.011614482291825
0.011614482291825
