0.000850058573215396
0.000850058573215396
0.00085012028865343
0.00085012028865343
0.00085012028865343
0.00085012028865343
0.00085012028865343
0.00085012028865343
0.00085012028865343
0.00085012028865343
0.00085012028865343
0.00085012028865343
0.00085012028865343
0.00085012028865343
0.00085012028865343
0.00085012028865343
0.00085012028865343
0.00085012028865343
0.00085012028865343
0.00085012028865343
0.00085012028865343
0.00085012028865343
0.00085012028865343
0.00085012028865343
0.000849293997387826
0.000849293997387826
0.000849265669834023
0.000849265669834023
0.000848228393921034
0.000847517522084432
0.000847457755398208
0.000846979099647113
0.000831301049190108
0.000789337042621237
0.000784642165960585
0.000778211771129329
0.000778524063261403
0.000762742122655466
0.000762496249405927
0.000750077415527608
0.000748615798482242
0.000736573435758949
0.000736669177936207
0.000736652019999014
0.000736698658255754
0.000735706639083368
0.000735581233143502
0.000725436303185137
0.000724750239818233
0.000722741686348948
0.000722057730912234
0.000722075039992317
0.000722230178441621
0.000722230178441621
0.000722230178441621
0.000722230178441621
0.000722230178441621
0.000722230178441621
0.000722230178441621
0.000722230178441621
0.000722230178441621
0.000722230178441621
0.000722230178441621
0.000722230178441621
0.000722230178441621
0.000722230178441621
0.000722230178441621
0.000722230178441621
0.000722230178441621
0.000722230178441621
0.000722230178441621
0.000722230178441621
0.000722230178441621
0.000722230178441621
0.000722230178441621
0.000722230178441621
0.000722230178441621
0.000722230178441621
0.000722230178441621
0.000722230178441621
0.000722230178441621
0.000722230178441621
0.000722230178441621
0.000743945145077446
0.000743945145077446
0.000741401209537983
0.000740577799389955
0.000740586361764672
0.000734371390414996
0.000734003872406737
0.000734003872406737
0.000730421527976373
0.000730424775931197
0.000733239508705117
0.000729795126996676
0.000729795126996676