0.0361904639333364
0.0361904639333364
0.0361904639333364
0.0361904639333364
0.0361904639333364
0.0361904639333364
0.0361904639333364
0.0361904639333364
0.0361904639333364
0.0361904639333364
0.0361904639333364
0.0361904639333364
0.0361904639333364
0.0361904639333364
0.0361904639333364
0.0361904639333364
0.0361904639333364
0.0361904639333364
0.0361904639333364
0.0361904639333364
0.0361904639333364
0.0361904639333364
0.0361879558137908
0.0361879558137908
0.0361611029536925
0.0364343932490381
0.0364301837285277
0.0364506214539144
0.0364104290797001
0.036385329594294
0.036385329594294
0.0365016603771146
0.0365876184843669
0.0399675832994507
0.0400635025162761
0.0402663854241605
0.0402663854241605
0.04038159155033
0.0404235968430443
0.0403549455227865
0.0378017727518117
0.038139191682631
0.038139191682631
0.0381000274373164
0.0381000274373164
0.0380165396149987
0.0380047653077703
0.0381914323014884
0.0381914323014884
0.0383919772002982
0.0383919765364163
0.0383919765364163
0.0383919765364163
0.0383919765364163
0.0383919765364163
0.0383919765364163
0.0383919765364163
0.0383919765364163
0.0383919765364163
0.0383919765364163
0.0383919765364163
0.0383919765364163
0.0383919765364163
0.0383919765364163
0.0383919765364163
0.0383919765364163
0.0383919765364163
0.0383919765364163
0.0383919765364163
0.0383919765364163
0.0383919765364163
0.0383919765364163
0.0383919765364163
0.0383919765364163
0.0383919765364163
0.0383919765364163
0.0383919765364163
0.0383919765364163
0.0383919765364163
0.0383919765364163
0.0383919765364163
0.0383919765364163
0.0383919765364163
0.0373814986846257
0.0373814986846257
0.0373814986846257
0.0373814986846257
0.0373814986846257
0.0369738202488556
0.0369738202488556
0.0369738202488556
0.0369715005665398
0.0369715005665398
0.0369684419860517
0.0370212197282354
0.0370212197282354