0.0512820512820513
0.0512820512820513
0.0512820512820513
0.0512820512820513
0.0512820512820513
0.0512820512820513
0.0512820512820513
0.0512820512820513
0.0512820512820513
0.0512820512820513
0.0512820512820513
0.0512820512820513
0.0512820512820513
0.0512820512820513
0.0512820512820513
0.0512820512820513
0.0512820512820513
0.0512820512820513
0.0512820512820513
0.0512820512820513
0.0512820512820513
0.0512820512820513
0.0512820512820513
0.0512820512820513
0.0512820512820513
0.0512820512820513
0.0512820512820513
0.0512820512820513
0.0512820512820513
0.0512820512820513
0.0512820512820513
0.0512820512820513
0.0512820512820513
0.0512820512820513
0.0512820512820513
0.0512820512820513
0.0512820512820513
0.0512820512820513
0.0512820512820513
0.0512820512820513
0.0512820512820513
0.0512820512820513
0.0512820512820513
0.0512820512820513
0.0512820512820513
0.0512820512820513
0.0512820512820513
0.0512820512820513
0.0512820512820513
0.0512820512820513
0.0512820512820513
0.0512820512820513
0.0512820512820513
0.0512820512820513
0.0512820512820513
0.0512820512820513
0.0512820512820513
0.0512820512820513
0.0512820512820513
0.0512820512820513
0.0512820512820513
0.0512820512820513
0.0512820512820513
0.0512820512820513
0.0512820512820513
0.0512820512820513
0.0512820512820513
0.0512820512820513
0.0512820512820513
0.0512820512820513
0.0512820512820513
0.0512820512820513
0.0512820512820513
0.0512820512820513
0.0512820512820513
0.0512820512820513
0.0512820512820513
0.0512820512820513
0.0512820512820513
0.0512820512820513
0.0512820512820513
0.0461538461538462
0.0461538461538462
0.0461538461538462
0.0461538461538462
0.0512820512820513
0.0512820512820513
0.0512820512820513
0.0512820512820513
0.0512820512820513
0.0461538461538462
0.0461538461538462
0.0461538461538462
0.0461538461538462
0.0461538461538462
0.0461538461538462