0.0237133146660529
0.0237133146660529
0.0237133146660529
0.0237133146660529
0.0242253629180108
0.0235240509709617
0.021839165699541
0.0204668035386017
0.0187563930997066
0.0187563930997066
0.0190740622026636
0.0190740622026636
0.0173800835769539
0.0170482814258804
0.0175564694122398
0.0168937038080661
0.0168937038080661
0.0168937038080661
0.0168937038080661
0.0158157619364621
0.0162460435251166
0.0162460435251166
0.0162314635732595
0.0170986525583753
0.0161451451253518
0.0161378713191319
0.0160878995346612
0.0157872658898363
0.0156204834112281
0.0156085450031833
0.0156052378918414
0.0156052378918414
0.0154137841617655
0.0153775658065178
0.0153775658065178
0.0153771367069047
0.0152850777099563
0.0152850777099563
0.0152833617227518
0.0152562700689609
0.0144970241537142
0.0144228294902054
0.0143992203606112
0.0143594067044404
0.0141457557126042
0.01407620619368
0.0140766557658203
0.0140511576455929
0.0140125497056027
0.0140094332789844
0.0139972836094016
0.0139972836094016
0.0140617635937148
0.0140617635937148
0.0140638815613863
0.0140632322118674
0.0140632322118674
0.0140632322118674
0.0140632322118674
0.0140632322118674
0.0140632322118674
0.0140632322118674
0.0140632322118674
0.0140632322118674
0.0140632322118674
0.0140632322118674
0.0140632322118674
0.0140632322118674
0.0140632322118674
0.0140505974346182
0.0140503504794393
0.0140503504794393
0.0140503504794393
0.0140081318201417
0.0140081318201417
0.0139894812579254
0.0139894609627318
0.0139900997284168
0.0139905827190142
0.013990105723606
0.013992370464531
0.0139966731559064
0.0161063675795121
0.0152119559088491
0.0151832929196764
0.0151832929196764
0.0151832929196764
0.0151832929196764
0.0151832929196764
0.0151832929196764
0.0151832929196764
0.0151832929196764
0.0151832929196764
0.0151832929196764
0.0151832929196764
0.0151832929196764