0.0068963249857361
0.0068963249857361
0.0068963249857361
0.0068963249857361
0.00686596538609582
0.00660701440455869
0.00577001939185146
0.00533967867554084
0.00494960002985771
0.00494960002985771
0.00494668071986205
0.00494668071986205
0.00474719381826268
0.00467190533764048
0.00466384227697214
0.00458896538666656
0.00458896538666656
0.00458896538666656
0.00458896538666656
0.00403611831960824
0.00401480554876348
0.00400371399066753
0.00401499371931198
0.00398274756641753
0.00395514842114272
0.00394220522517037
0.00392374164202595
0.00412754971996625
0.0040482288926546
0.00402002139124042
0.00402389434885125
0.0040354704131957
0.00397358177155936
0.003957120609673
0.00395596435147623
0.00395579850115162
0.00391850745416625
0.00391850745416625
0.00391718561887475
0.00390432770511016
0.00360474403834419
0.00356201333201385
0.00355092174719163
0.00356643928459454
0.00341852818962675
0.0034057305897808
0.00340584443662351
0.00339757097506868
0.00338992244935264
0.00338919881517991
0.00338587195228148
0.00338586528431029
0.00339833520065952
0.00339833520065952
0.00339919386325481
0.00339919515121256
0.00339919515121256
0.00339919515121256
0.00339919515121256
0.00339919515121256
0.00339919515121256
0.00339919515121256
0.00339919515121256
0.00339919515121256
0.00339916328995725
0.00339911552045085
0.00339911552045085
0.00339906777777623
0.00339906777777623
0.00339644431580672
0.00339606984655365
0.00339606984655365
0.00339606984655365
0.00339606984655365
0.00339606984655365
0.00339008183903763
0.00339002596939957
0.0033893165722159
0.00338793053946703
0.00338746326189538
0.00338558492774162
0.0033839322220704
0.00338097559423438
0.00338221817215995
0.00337991149442375
0.00337956129436057
0.00337956129436057
0.0033795144897586
0.0033795144897586
0.00337946771117967
0.00337946771117967
0.00337946771117967
0.00337946771117967
0.00337946771117967
0.00337946771117967
0.00337946771117967
