0.0104145889086291
0.010414599368956
0.010414599368956
0.0104108837436769
0.0103698058587252
0.0100162274980572
0.00863626516721456
0.00803275957794989
0.0075929008453185
0.00758588050988741
0.00757268568293315
0.00756048187428342
0.000699272660551892
0.00068949933142325
0.0068272605534282
0.000697768057360883
0.000697768057360883
0.000699849522035185
0.000699962258808145
0.000626338442567196
0.00615712116573666
0.00614531552688406
0.00621360972360625
0.00612643034261924
0.0061124872048565
0.0060858778655696
0.00606749250417998
0.0058916494202126
0.00578444115360398
0.00573267485093644
0.00574075371522338
0.00576197046968835
0.00567464887891821
0.00564594862654596
0.00564381545086769
0.00564096321345745
0.00559092835101217
0.00559092835101217
0.00559014775685401
0.00556868108637895
0.00515767155015945
0.00508905451357625
0.00507118125178199
0.00504410249990042
0.00490018526174638
0.00489295252161373
0.00489300065128281
0.0048834580896748
0.00487264611030095
0.00487164861394449
0.00486755491824604
0.00486755227659061
0.00488326626679828
0.00488327068281951
0.00488444075370916
0.00488413351110741
0.00488413351110741
0.00488413351110741
0.00488413351110741
0.00488584960193649
0.0048857246422133
0.00488547500846173
0.00488535033421568
0.00488510127044022
0.00488501833342451
0.00488476977465728
0.00488464563698333
0.00488439764451659
0.00488439764451659
0.00488041156065401
0.00487987686019106
0.00487959969393135
0.00487959969393135
0.00487907477720731
0.00487907477720731
0.00486961894629484
0.00486936785064815
0.00486835824309427
0.00486643401678838
0.00486568738354233
0.00486312872088169
0.00486087236706869
0.00487641522107863
0.0049625777030921
0.00496625742935621
0.00496546244950229
0.00496534332974238
0.00497890762096239
0.00497886796361934
0.00497874905060044
0.00497874905060044
0.00497874905060044
0.00497874905060044
0.00497863022602011
0.00497851148977971
0.00497851148977971