0.0588907064531324
0.0588508944488737
0.0588508944488737
0.0589261436077345
0.0718811981192797
0.058732415796293
0.0611229479736295
0.0573906525341303
0.0536072484011273
0.0536072484011273
0.0536636334201178
0.0535873677144279
0.043286430974169
0.0425404322824646
0.0428006397070577
0.0424963523161276
0.0424963523161276
0.0424978116198758
0.0424727334727315
0.0476586507287988
0.0477909616801252
0.0479487959138133
0.0478820011368143
0.0491518278728905
0.0481523322719992
0.0481231815344285
0.0489827255334388
0.0509090725337353
0.0509819982918583
0.0510186573269521
0.0511913117976008
0.0511873911514783
0.0530961994948712
0.0528554623973377
0.0528554623973377
0.0528536515905271
0.0536753206134235
0.0536753206134235
0.0536969167572315
0.0535399460264581
0.058475386006064
0.0585499461448952
0.0590243595881983
0.0596755908467324
0.0626023387151461
0.0633940716190858
0.0633940716190858
0.063641715215375
0.0642828807709705
0.0642845189517551
0.0644201193761834
0.0644201193761834
0.0637502683402065
0.0637254900450348
0.0637089784736996
0.0637089784736996
0.0637089784736996
0.0637089784736996
0.0637089784736996
0.0637089751140104
0.0637089717568835
0.0637089650503051
0.0637089617008477
0.0637089550095821
0.063708910254748
0.0637088398169035
0.0637088364818615
0.0637087660950447
0.0637087660950447
0.0638515016731192
0.0638592485974909
0.0638839827058263
0.0638839827058263
0.0637403323883282
0.0637403323883282
0.0638088184816994
0.0637840146508401
0.0637699562757491
0.0637464739728923
0.0637386072743467
0.0637066299344021
0.0636771965850227
0.0596252832628329
0.0600481610078319
0.0600503905358165
0.0600503823513504
0.0600503741729788
0.0600502965870904
0.0600502938643474
0.0600502163251589
0.0600502163251589
0.0600502163251589
0.0600502163251589
0.0600502081670534
0.060050200015013
0.060050200015013
