0.0701754385964912
0.0701754385964912
0.0701754385964912
0.0701754385964912
0.0701754385964912
0.0701754385964912
0.0701754385964912
0.0701754385964912
0.0701754385964912
0.0701754385964912
0.0701754385964912
0.0701754385964912
0.0701754385964912
0.0701754385964912
0.0701754385964912
0.0701754385964912
0.0701754385964912
0.0701754385964912
0.0701754385964912
0.0701754385964912
0.0701754385964912
0.0701754385964912
0.0701754385964912
0.0701754385964912
0.0701754385964912
0.0701754385964912
0.0701754385964912
0.0701754385964912
0.0701754385964912
0.0701754385964912
0.0701754385964912
0.0701754385964912
0.0701754385964912
0.0701754385964912
0.0701754385964912
0.0701754385964912
0.0701754385964912
0.0701754385964912
0.0701754385964912
0.0701754385964912
0.0701754385964912
0.0701754385964912
0.0701754385964912
0.0701754385964912
0.0701754385964912
0.0701754385964912
0.0701754385964912
0.0701754385964912
0.0701754385964912
0.0701754385964912
0.0701754385964912
0.0701754385964912
0.0701754385964912
0.0701754385964912
0.0701754385964912
0.0701754385964912
0.0701754385964912
0.0701754385964912
0.0701754385964912
0.0701754385964912
0.0701754385964912
0.0701754385964912
0.0701754385964912
0.0701754385964912
0.0701754385964912
0.0701754385964912
0.0701754385964912
0.0701754385964912
0.0701754385964912
0.0701754385964912
0.0701754385964912
0.0701754385964912
0.0701754385964912
0.0701754385964912
0.0701754385964912
0.0701754385964912
0.0701754385964912
0.0701754385964912
0.0701754385964912
0.0701754385964912
0.0701754385964912
0.0701754385964912
0.0701754385964912
0.0701754385964912
0.0701754385964912
0.00908628426781737
0.00908628426781737
0.00908628426781737
0.00908628426781737
0.00908628426781737
0.00908628426781737
0.00908628426781737
0.00908628426781737
0.00908628426781737
0.00908628426781737
0.00908628426781737