0.000702247191011236
0.000702247191011236
0.000702247191011236
0.000702247191011236
0.000702247191011236
0.000702247191011236
0.000702247191011236
0.000702247191011236
0.000702247191011236
0.000702247191011236
0.000702247191011236
0.000702247191011236
0.000702247191011236
0.000702247191011236
0.000702247191011236
0.000702370500438982
0.000702370500438982
0.000702370500438982
0.000702370500438982
0.000702370500438982
0.000702370500438982
0.000702370500438982
0.000702370500438982
0.000702370500438982
0.000702247191011236
0.000702247191011236
0.000702247191011236
0.000702247191011236
0.000702247191011236
0.000702247191011236
0.000702247191011236
0.000702247191011236
0.000702247191011236
0.000702247191011236
0.000702247191011236
0.000702247191011236
0.000702247191011236
0.000702247191011236
0.000702247191011236
0.000702247191011236
0.000702247191011236
0.000702247191011236
0.000702247191011236
0.000702247191011236
0.000702247191011236
0.000702247191011236
0.000702247191011236
0.000702247191011236
0.000702247191011236
0.000702247191011236
0.000702247191011236
0.000702247191011236
0.000702247191011236
0.000702247191011236
0.000702247191011236
0.000702247191011236
0.000702247191011236
0.000702247191011236
0.000702247191011236
0.000702247191011236
0.000702247191011236
0.000702247191011236
0.000702247191011236
0.000702247191011236
0.000702247191011236
0.000702247191011236
0.000702247191011236
0.000702247191011236
0.000702247191011236
0.000702247191011236
0.000702247191011236
0.000702247191011236
0.000702247191011236
0.000702247191011236
0.000702247191011236
0.000702247191011236
0.000702247191011236
0.000702247191011236
0.000702247191011236
0.000702247191011236
0.000702247191011236
0.000702247191011236
0.000702247191011236
0.000702247191011236
0.000702247191011236
0.000702247191011236
0.000702247191011236
0.000702247191011236
0.000702247191011236
0.000702247191011236
0.000702247191011236
0.000702247191011236
0.000702247191011236
0.000702247191011236
0.000702247191011236
0.000702256824560279
