0.00213965941011236
0.00213965941011236
0.00213965941011236
0.00213965941011236
0.00213965941011236
0.00213965941011236
0.00213965941011236
0.00213965941011236
0.00213965941011236
0.00213965941011236
0.00213965941011236
0.00213965941011236
0.00213965941011236
0.00213965941011236
0.00213965941011236
0.00214003511852502
0.00214003511852502
0.00214003511852502
0.00214003511852502
0.00214003511852502
0.00214003511852502
0.00181634406805626
0.00181634406805626
0.00181634406805626
0.00181602517726436
0.00181328202417448
0.00181328202417448
0.00181328202417448
0.00181328202417448
0.00181328202417448
0.00181328202417448
0.00181602517726436
0.00181602517726436
0.00181602517726436
0.00181602517726436
0.00181602517726436
0.00181602517726436
0.00181602517726436
0.00181602517726436
0.00181602517726436
0.00181602517726436
0.00181602517726436
0.00181602517726436
0.00181602517726436
0.00181602517726436
0.00181602517726436
0.00181602517726436
0.00181602517726436
0.00181602517726436
0.00181602517726436
0.00181602517726436
0.00181602517726436
0.00181602517726436
0.00181602517726436
0.00181602517726436
0.00181602517726436
0.00181602517726436
0.00181602517726436
0.00181602517726436
0.00181602517726436
0.00181602517726436
0.00181602517726436
0.00181602517726436
0.00181602517726436
0.00181602517726436
0.00213965941011236
0.00213965941011236
0.00213965941011236
0.00213965941011236
0.00213965941011236
0.00213965941011236
0.00213965941011236
0.00213965941011236
0.00213965941011236
0.00213965941011236
0.00213965941011236
0.00213965941011236
0.00213965941011236
0.00213965941011236
0.00213955183548138
0.00213955183548138
0.00213955183548138
0.00213955183548138
0.00213955183548138
0.00213955183548138
0.00213955183548138
0.0021368086823915
0.0021368086823915
0.0021368086823915
0.0021368086823915
0.00213955183548138
0.00213955183548138
0.00213955183548138
0.00213955183548138
0.00213955183548138
0.00213957977277361
