0.0263071766280362
0.0262852314033171
0.0263291372745576
0.0263291372745576
0.0263291372745576
0.0263291372745576
0.0263291372745576
0.0263291372745576
0.0263291372745576
0.0263291372745576
0.0263291372745576
0.0263291372745576
0.0263949729487149
0.0265266442970295
0.0265480478309417
0.0279087217544996
0.0284936795913165
0.0285183723042225
0.0285183723042225
0.0266983973787432
0.0266983973787432
0.0286399762490973
0.0286399762490973
0.0286509507881666
0.0286298211896963
0.0265249083853892
0.0264261548741532
0.0261408592419037
0.0261408592419037
0.0258958042325404
0.0258958042325404
0.0258930610794506
0.0258930610794506
0.0258930610794506
0.0258930610794506
0.0254688280046974
0.0254247518410867
0.0254247518410867
0.0254247518410867
0.0255015601276035
0.0255015601276035
0.0255015601276035
0.0255015601276035
0.0254247518410867
0.0254247518410867
0.0254247518410867
0.0254247518410867
0.0254247518410867
0.0254247518410867
0.0256003136388395
0.0257319926980552
0.0259843627823249
0.0259843627823249
0.0259843627823249
0.0259843627823249
0.025611286251199
0.025611286251199
0.0256003136388395
0.0256003136388395
0.0256003136388395
0.0256003136388395
0.0256003136388395
0.0256003136388395
0.0256003136388395
0.0256003136388395
0.0253589161669294
0.0253589161669294
0.0253369709422103
0.0253369709422103
0.0253369709422103
0.0253369709422103
0.0253369709422103
0.0256057999450192
0.0256057999450192
0.0256057999450192
0.0256057999450192
0.0253369709422103
0.0253369709422103
0.0255125327399631
0.0255125327399631
0.0253369709422103
0.0253369709422103
0.0253369709422103
0.0253369709422103
0.0253369709422103
0.0253369709422103
0.0253397140953001
0.0253397140953001
0.0253397140953001
0.0253397140953001
0.0253369709422103
0.0253369709422103
0.0253369709422103
0.0253369709422103
0.0253369709422103
0.0253374278132736