8.4123361423221e-05
8.4123361423221e-05
8.4123361423221e-05
8.4123361423221e-05
8.4123361423221e-05
8.4123361423221e-05
8.4123361423221e-05
8.4123361423221e-05
8.4123361423221e-05
8.4123361423221e-05
8.4123361423221e-05
8.4123361423221e-05
8.4123361423221e-05
8.4123361423221e-05
8.4123361423221e-05
8.41381328650863e-05
8.41381328650863e-05
8.41381328650863e-05
8.41381328650863e-05
8.41381328650863e-05
8.41381328650863e-05
9.51126719344454e-05
9.51126719344454e-05
9.51126719344454e-05
9.50959737827715e-05
9.50959737827715e-05
9.50959737827715e-05
9.50959737827715e-05
9.50959737827715e-05
9.50959737827715e-05
9.50959737827715e-05
9.50959737827715e-05
9.50959737827715e-05
9.50959737827715e-05
9.50959737827715e-05
9.50959737827715e-05
9.50959737827715e-05
9.50959737827715e-05
9.50959737827715e-05
9.50959737827715e-05
9.50959737827715e-05
9.50959737827715e-05
9.50959737827715e-05
9.50959737827715e-05
9.50959737827715e-05
9.50959737827715e-05
9.50959737827715e-05
9.50959737827715e-05
9.50959737827715e-05
9.50959737827715e-05
9.50959737827715e-05
9.50959737827715e-05
9.50959737827715e-05
9.50959737827715e-05
9.50959737827715e-05
9.50959737827715e-05
9.50959737827715e-05
9.50959737827715e-05
9.50959737827715e-05
9.50959737827715e-05
9.50959737827715e-05
9.50959737827715e-05
9.50959737827715e-05
9.50959737827715e-05
9.50959737827715e-05
8.4123361423221e-05
8.4123361423221e-05
8.4123361423221e-05
8.4123361423221e-05
8.4123361423221e-05
8.4123361423221e-05
8.4123361423221e-05
8.4123361423221e-05
8.4123361423221e-05
8.4123361423221e-05
8.4123361423221e-05
8.4123361423221e-05
8.4123361423221e-05
8.4123361423221e-05
7.31507490636704e-05
7.31507490636704e-05
7.31507490636704e-05
7.31507490636704e-05
7.31507490636704e-05
7.31507490636704e-05
7.31507490636704e-05
7.31507490636704e-05
7.31507490636704e-05
7.31507490636704e-05
7.31507490636704e-05
7.31507490636704e-05
7.31507490636704e-05
7.31507490636704e-05
7.31507490636704e-05
7.31507490636704e-05
7.31507490636704e-05