0.00371272535164705
0.00371272535164705
0.00371272535164705
0.00371272535164705
0.00371272535164705
0.00371272535164705
0.00371272535164705
0.00371272535164705
0.00371272535164705
0.00371272535164705
0.00371272535164705
0.00371272535164705
0.00371272535164705
0.00371272535164705
0.00371267908624005
0.00400789936917891
0.00561579308704943
0.00562676762611879
0.00562676762611879
0.00374630095330763
0.00374630095330763
0.00374630095330763
0.00374630095330763
0.00374630095330763
0.0037456431887257
0.0037456431887257
0.0037456431887257
0.0037456431887257
0.0037456431887257
0.0037456431887257
0.0037456431887257
0.0037456431887257
0.0037456431887257
0.0037456431887257
0.0037456431887257
0.0037456431887257
0.00373462414782302
0.00373462414782302
0.00373462414782302
0.00373462414782302
0.00373462414782302
0.00373462414782302
0.00373462414782302
0.00373462414782302
0.00373462414782302
0.00373462414782302
0.00373462414782302
0.00373462414782302
0.00373462414782302
0.00373462414782302
0.00373462414782302
0.00373462414782302
0.00373462414782302
0.00373462414782302
0.00373462414782302
0.00373462414782302
0.00373462414782302
0.00373462414782302
0.00373462414782302
0.00373462414782302
0.00373462414782302
0.00373462414782302
0.00373462414782302
0.00373462414782302
0.00373462414782302
0.00373462414782302
0.00373462414782302
0.00373462414782302
0.00373462414782302
0.00373462414782302
0.00373462414782302
0.00373462414782302
0.00373462414782302
0.00373462414782302
0.00373462414782302
0.00373462414782302
0.00373462414782302
0.00373462414782302
0.00373462414782302
0.00373462414782302
0.00373462414782302
0.00373462414782302
0.00373462414782302
0.00373462414782302
0.00373462414782302
0.00373462414782302
0.00373462414782302
0.00373462414782302
0.00373462414782302
0.00373462414782302
0.00373462414782302
0.00373462414782302
0.00373462414782302
0.00373462414782302
0.00373462414782302
0.00373472433673306