0.0187761165418655
0.018765143929506
0.0187431987047869
0.0187431987047869
0.0187431987047869
0.0187431987047869
0.0187431987047869
0.0187431987047869
0.0186993082553487
0.0186993082553487
0.0186993082553487
0.0186993082553487
0.0187102808677082
0.0186883356429891
0.0187541636062453
0.0226542059300449
0.0226468281864135
0.0226468281864135
0.0226578027254828
0.0190407929844272
0.0190407929844272
0.0145493121488958
0.0145163885316877
0.014340795906578
0.0145190030114624
0.0181571420661619
0.0181461694538023
0.0181351968414428
0.0183844822555712
0.0185161536038858
0.0185161536038858
0.0185161536038858
0.0184942083791667
0.0185161536038858
0.0185161536038858
0.0190175256209114
0.0190065065800088
0.0190065065800088
0.0190065065800088
0.0187431638833795
0.0187431638833795
0.0187431638833795
0.0187431638833795
0.0189735887429301
0.0189735887429301
0.0189735887429301
0.0189735887429301
0.0189735887429301
0.0189735887429301
0.0189735887429301
0.0189955339676492
0.0189955339676492
0.019171095765402
0.019171095765402
0.019171095765402
0.0191491505406829
0.0191491505406829
0.0191491505406829
0.0191491505406829
0.0191491505406829
0.0191491505406829
0.0191491505406829
0.0191491505406829
0.0191491505406829
0.0191491505406829
0.0191491505406829
0.0191491505406829
0.0191491505406829
0.0191491505406829
0.0191491505406829
0.0191491505406829
0.0191491505406829
0.0191491505406829
0.0191491505406829
0.0191491505406829
0.0191491505406829
0.0191491505406829
0.0188888925141949
0.0188888925141949
0.018925944290664
0.018925944290664
0.0191862023171519
0.0191862023171519
0.0191862023171519
0.0191862023171519
0.0191862023171519
0.0191862023171519
0.0191862023171519
0.0191862023171519
0.0191862023171519
0.0191862023171519
0.0191862023171519
0.0191862023171519
0.0191862023171519
0.0191862023171519
0.0191232378993498
