0.00058154845505618
0.00058154845505618
0.00058154845505618
0.00058154845505618
0.00058154845505618
0.00058154845505618
0.00058154845505618
0.00058154845505618
0.00058154845505618
0.00058154845505618
0.00058154845505618
0.00058154845505618
0.00058154845505618
0.00058154845505618
0.00058154845505618
0.000581650570676032
0.000581650570676032
0.000581650570676032
0.000581650570676032
0.000581650570676032
0.000581650570676032
0.000592625109745391
0.000592625109745391
0.000592625109745391
0.00059252106741573
0.00059252106741573
0.00059252106741573
0.00059252106741573
0.00059252106741573
0.00059252106741573
0.00059252106741573
0.00059252106741573
0.00059252106741573
0.00059252106741573
0.00059252106741573
0.00059252106741573
0.00059252106741573
0.00059252106741573
0.00059252106741573
0.00059252106741573
0.00059252106741573
0.00059252106741573
0.00059252106741573
0.00059252106741573
0.00059252106741573
0.00059252106741573
0.00059252106741573
0.00059252106741573
0.00059252106741573
0.00059252106741573
0.00059252106741573
0.00058154845505618
0.00058154845505618
0.00058154845505618
0.00058154845505618
0.00058154845505618
0.00058154845505618
0.00058154845505618
0.00058154845505618
0.00058154845505618
0.00058154845505618
0.00058154845505618
0.00058154845505618
0.00058154845505618
0.00058154845505618
0.00058154845505618
0.00058154845505618
0.00058154845505618
0.00058154845505618
0.00058154845505618
0.00058154845505618
0.00058154845505618
0.00058154845505618
0.00058154845505618
0.00058154845505618
0.00058154845505618
0.00058154845505618
0.00058154845505618
0.00058154845505618
0.00058151771944733
0.00058151771944733
0.00058151771944733
0.00058151771944733
0.00058151771944733
0.00058151771944733
0.00058151771944733
0.00058151771944733
0.00058151771944733
0.00058151771944733
0.00058151771944733
0.00058151771944733
0.00058151771944733
0.00058151771944733
0.00058151771944733
0.00058151771944733
0.000581523499576755