0.0825831969448991
0.0825831969448991
0.0825831969448991
0.0825831969448991
0.0825831969448991
0.0825831969448991
0.0825831969448991
0.0825831969448991
0.0825831969448991
0.0825831969448991
0.0825831969448991
0.0825831969448991
0.0825831969448991
0.0825831969448991
0.0825831969448991
0.0825831969448991
0.0825831969448991
0.0825831969448991
0.0825831969448991
0.0825831969448991
0.0825831969448991
0.0825831969448991
0.0825831969448991
0.0825831969448991
0.0825831969448991
0.0825831969448991
0.0825831969448991
0.0825831969448991
0.0825831969448991
0.0825831969448991
0.0825831969448991
0.0825831969448991
0.0825831969448991
0.0825831969448991
0.0825831969448991
0.0825831969448991
0.0825831969448991
0.0825831969448991
0.0825831969448991
0.0825831969448991
0.0825831969448991
0.0825831969448991
0.0825831969448991
0.0825831969448991
0.0825831969448991
0.0825831969448991
0.0825831969448991
0.0825831969448991
0.0825831969448991
0.0825831969448991
0.0825831969448991
0.0825831969448991
0.0825831969448991
0.0825831969448991
0.0825831969448991
0.0825831969448991
0.0825831969448991
0.0791052918712493
0.0791052918712493
0.0791052918712493
0.0791052918712493
0.0791052918712493
0.0791052918712493
0.0791052918712493
0.0791052918712493
0.0791052918712493
0.0791052918712493
0.0791052918712493
0.0791052918712493
0.0791052918712493
0.0791052918712493
0.0791052918712493
0.0791052918712493
0.0791052918712493
0.0791052918712493
0.0791052918712493
0.0791052918712493
0.0791052918712493
0.0791052918712493
0.0791052918712493
0.0791052918712493
0.0791052918712493
0.0791052918712493
0.0791052918712493
0.0791052918712493
0.0791052918712493
0.0791052918712493
0.0791052918712493
0.0791052918712493
0.0791052918712493
0.0791052918712493
0.0791052918712493
0.0791052918712493
0.0791052918712493
0.0791052918712493
0.0791052918712493