0.887138570649209
0.887138570649209
0.887138570649209
0.887138570649209
0.887138570649209
0.887138570649209
0.887138570649209
0.887138570649209
0.887138570649209
0.887138570649209
0.887138570649209
0.887138570649209
0.887138570649209
0.887138570649209
0.887138570649209
0.887138570649209
0.887138570649209
0.887138570649209
0.887138570649209
0.887138570649209
0.887138570649209
0.887138570649209
0.887138570649209
0.887138570649209
0.887138570649209
0.887138570649209
0.887138570649209
0.887138570649209
0.887138570649209
0.887138570649209
0.887138570649209
0.887138570649209
0.887138570649209
0.887138570649209
0.887138570649209
0.887138570649209
0.887138570649209
0.887138570649209
0.887138570649209
0.887138570649209
0.887138570649209
0.887138570649209
0.887138570649209
0.887138570649209
0.887138570649209
0.887138570649209
0.887138570649209
0.887138570649209
0.887138570649209
0.887138570649209
0.887138570649209
0.887138570649209
0.887138570649209
0.887138570649209
0.887138570649209
0.887138570649209
0.887138570649209
0.890616475722859
0.890616475722859
0.890616475722859
0.890616475722859
0.890616475722859
0.890616475722859
0.890616475722859
0.890616475722859
0.890616475722859
0.890616475722859
0.890616475722859
0.890616475722859
0.890616475722859
0.890616475722859
0.890616475722859
0.890616475722859
0.890616475722859
0.890616475722859
0.890616475722859
0.890616475722859
0.890616475722859
0.890616475722859
0.890616475722859
0.890616475722859
0.890616475722859
0.890616475722859
0.890616475722859
0.890616475722859
0.890616475722859
0.890616475722859
0.890616475722859
0.890616475722859
0.890616475722859
0.890616475722859
0.890616475722859
0.890616475722859
0.890616475722859
0.890616475722859
0.890616475722859