0.157365780997807
0.157365780997807
0.157365780997807
0.157365780997807
0.157365780997807
0.157365780997807
0.157365780997807
0.157365780997807
0.157365780997807
0.157365780997807
0.157365780997807
0.157365780997807
0.157365780997807
0.157365780997807
0.157365780997807
0.157365780997807
0.157365780997807
0.157365780997807
0.157365780997807
0.157365780997807
0.168312688496439
0.168312688496439
0.157365780997807
0.157365780997807
0.157365780997807
0.157365780997807
0.157365780997807
0.157365780997807
0.157365780997807
0.157365780997807
0.157365780997807
0.157365780997807
0.157365780997807
0.157365780997807
0.157365780997807
0.157365780997807
0.157365780997807
0.157365780997807
0.157365780997807
0.157374347610719
0.157374347610719
0.157374347610719
0.157374347610719
0.157292200668797
0.157292200668797
0.157292200668797
0.157292200668797
0.157292200668797
0.157292200668797
0.157292200668797
0.157292200668797
0.157292200668797
0.157292200668797
0.157292200668797
0.157292200668797
0.157292200668797
0.157292200668797
0.157292200668797
0.157292200668797
0.157292200668797
0.157292200668797
0.157292200668797
0.157292200668797
0.157292200668797
0.157325157643195
0.157325157643195
0.157325157643195
0.157325157643195
0.157325157643195
0.157325157643195
0.157325157643195
0.157325157643195
0.157325157643195
0.157325157643195
0.157325157643195
0.157325157643195
0.157325157643195
0.157325157643195
0.157325157643195
0.157325157643195
0.157325157643195
0.157325157643195
0.157325157643195
0.165338039352949
0.168819410516758
0.168819410516758
0.168819410516758
0.168819410516758
0.168819410516758
0.168819410516758
0.168819410516758
0.168819410516758
0.168819410516758
0.168819410516758
0.168819410516758
0.168819410516758
