0.0845693606967568
0.0845693606967568
0.0845693606967568
0.0845693606967568
0.0845693606967568
0.0845693606967568
0.0845693606967568
0.0845693606967568
0.0845693606967568
0.0845693606967568
0.0845693606967568
0.0845693606967568
0.0845693606967568
0.0845693606967568
0.0845693606967568
0.0845693606967568
0.0845693606967568
0.0845693606967568
0.0845693606967568
0.0845693606967568
0.0845693606967568
0.0845693606967568
0.0845693606967568
0.0845693606967568
0.0845693606967568
0.0845693606967568
0.0845693606967568
0.0845693606967568
0.0845693606967568
0.0845693606967568
0.0845693606967568
0.0845693606967568
0.0845693606967568
0.0845693606967568
0.0845693606967568
0.0845693606967568
0.0845693606967568
0.0845693606967568
0.0845693606967568
0.0845607940838456
0.0845607940838456
0.0845607940838456
0.0845607940838456
0.0845607940838456
0.0845607940838456
0.0845607940838456
0.0845607940838456
0.0845607940838456
0.0845607940838456
0.0845607940838456
0.0845607940838456
0.0845607940838456
0.0845607940838456
0.0845607940838456
0.0845607940838456
0.0845607940838456
0.0845607940838456
0.0845607940838456
0.0845607940838456
0.0845607940838456
0.0845607940838456
0.0845607940838456
0.0845607940838456
0.0845607940838456
0.084560788002101
0.084560788002101
0.084560788002101
0.084560788002101
0.084560788002101
0.084560788002101
0.084560788002101
0.084560788002101
0.084560788002101
0.084560788002101
0.084560788002101
0.084560788002101
0.084560788002101
0.084560788002101
0.084560788002101
0.084560788002101
0.084560788002101
0.084560788002101
0.084560788002101
0.084560788002101
0.084560788002101
0.084560788002101
0.084560788002101
0.084560788002101
0.084560788002101
0.084560788002101
0.084560788002101
0.084560788002101
0.084560788002101
0.084560788002101
0.084560788002101
0.084560788002101
