0.0803418803418803
0.0803418803418803
0.0803418803418803
0.0803418803418803
0.0803418803418803
0.0803418803418803
0.0803418803418803
0.0803418803418803
0.0803418803418803
0.0803418803418803
0.0803418803418803
0.0803418803418803
0.0803418803418803
0.0803418803418803
0.0803418803418803
0.0803418803418803
0.0803418803418803
0.0803418803418803
0.0803418803418803
0.0803418803418803
0.0803418803418803
0.0803418803418803
0.0803418803418803
0.0803418803418803
0.0803418803418803
0.0803418803418803
0.0803418803418803
0.0803418803418803
0.0803418803418803
0.0803418803418803
0.0803418803418803
0.0803418803418803
0.0803418803418803
0.0803418803418803
0.0803418803418803
0.0803418803418803
0.0803418803418803
0.0803418803418803
0.0803418803418803
0.0803418803418803
0.0803418803418803
0.0803418803418803
0.0803418803418803
0.0803418803418803
0.0803418803418803
0.0803418803418803
0.0803418803418803
0.0803418803418803
0.0803418803418803
0.0803418803418803
0.0803418803418803
0.0803418803418803
0.0803418803418803
0.0803418803418803
0.0803418803418803
0.0803418803418803
0.0803418803418803
0.0803418803418803
0.0803418803418803
0.0803418803418803
0.0803418803418803
0.0803418803418803
0.0803418803418803
0.0803418803418803
0.0803418803418803
0.0803418803418803
0.0803418803418803
0.0803418803418803
0.0803418803418803
0.0803418803418803
0.0803418803418803
0.0803418803418803
0.0803418803418803
0.0803418803418803
0.0803418803418803
0.0803418803418803
0.0803418803418803
0.0803418803418803
0.0803418803418803
0.0803418803418803
0.0717948717948718
0.0717948717948718
0.0717948717948718
0.0717948717948718
0.0717948717948718
0.0717948717948718
0.0717948717948718
0.0717948717948718
0.0803418803418803
0.0803418803418803
0.0803418803418803
0.0803418803418803
0.0803418803418803
0.0803418803418803
0.0803418803418803
0.0803418803418803