0.000489273405148348
0.000489338391841004
0.000489273405148348
0.000489273405148348
0.000489273405148348
0.000489273405148348
0.000489273405148348
0.000489252028126539
0.000489252028126539
0.000489252028126539
0.000489252028126539
0.000489248401112163
0.000489248401112163
0.000489248401112163
0.000489248401112163
0.000489248401112163
0.000489248401112163
0.000489248401112163
0.000489248401112163
0.000489248401112163
0.000489248401112163
0.000504632217721685
0.000504632217721685
0.000504632217721685
0.000504632217721685
0.000504632217721685
0.000504632217721685
0.000504561338549424
0.000504561338549424
0.000504561338549424
0.0005045624906663
0.0005045624906663
0.0005045624906663
0.000504568415621692
0.0005045624906663
0.0005045624906663
0.00050456364303679
0.00050456364303679
0.00050456364303679
0.00050456364303679
0.00050456364303679
0.00050456364303679
0.00050456364303679
0.000504564959918999
0.000504564959918999
0.000504564959918999
0.000504563485453729
0.000504563485453729
0.000504515744906683
0.000504525291457355
0.000504600769654358
0.000504532863361138
0.000504532863361138
0.00050453187722136
0.000504537647964003
0.000504537485091492
0.000504546733561571
0.000504545576609866
0.000504545576609866
0.000504545576609866
0.000504545576609866
0.000504545245294303
0.000504543263472313
0.000504543263472313
0.000504538640257971
0.000504538640257971
0.000504537982042283
0.000504542605256625
0.000504542605256625
0.000504543761697791
0.000504537982042283
0.000504537982042283
0.000504528747835442
0.000504528747835442
0.000504528747835442
0.000504663428887225
0.000504605541505476
0.000504605212341307
0.000504600438008524
0.000504598792187678
0.000504598792187678
0.00050459846234639
0.00050459846234639
0.000504593850778038
0.000504593850778038
0.000504593850778038
0.000504593850778038
0.000504656346317625
0.000504595496598883
0.000504595496598883
0.000504593850778038
0.000504593850778038
0.000504593850778038
0.000504593850778038
0.000504593850778038
0.000504593850778038
