0.000171144959780934
0.000171170744266829
0.000171144959780934
0.000171144959780934
0.000171144959780934
0.000171144959780934
0.000171144959780934
0.000171144959780934
0.000171144959780934
0.000171144959780934
0.000171144959780934
0.000171144959780934
0.000171144959780934
0.000171144959780934
0.000171144959780934
0.000171144959780934
0.000171144959780934
0.000171144959780934
0.000171144959780934
0.000171144959780934
0.000171144959780934
0.000171144959780934
0.000171144959780934
0.000171144959780934
0.000171144959780934
0.000171144959780934
0.000171144959780934
0.000171120510525186
0.000171120510525186
0.000171120510525186
0.000171120510525186
0.000171120510525186
0.000171120510525186
0.000171121168628223
0.000171120510525186
0.000171120510525186
0.000171120510525186
0.000171120510525186
0.000171120510525186
0.000171120510525186
0.000171120510525186
0.000171120510525186
0.000171120510525186
0.000171120839576705
0.000171120839576705
0.000171120839576705
0.000171120839576705
0.000171120839576705
0.000171120839576705
0.000171124295223202
0.000171150732848455
0.000171129233587868
0.000171129233587868
0.000171128904536349
0.000171128904536349
0.000171128245869828
0.000171128245869828
0.000171128245869828
0.000171128245869828
0.000171128245869828
0.000171128245869828
0.000171128245869828
0.000171128245869828
0.000171128245869828
0.000171128245869828
0.000171128245869828
0.00017112758765414
0.00017112758765414
0.00017112758765414
0.00017112758765414
0.00017112758765414
0.00017112758765414
0.000171127422945219
0.000171127422945219
0.000171127422945219
0.000171174214598429
0.000171152213903961
0.000171151884739792
0.000171150732510157
0.000171150403345988
0.000171150403345988
0.000171150403345988
0.000171150403345988
0.000171149085787357
0.000171149085787357
0.000171149085787357
0.000171149085787357
0.000171172073353989
0.000171149414951526
0.000171149414951526
0.000171149085787357
0.000171149085787357
0.000171149085787357
0.000171149085787357
0.000171149085787357
0.000171149085787357
