0.013137507826153
0.0120100004323904
0.0120285444927137
0.0120266215156375
0.0120266215156375
0.0119496994698588
0.0120782293873761
0.0126163506200405
0.012995193404145
0.012995193404145
0.012995193404145
0.012995193404145
0.012995193404145
0.012995193404145
0.012995193404145
0.012995193404145
0.012995193404145
0.012995193404145
0.0134445393352279
0.0134695380372183
0.013459309114488
0.0133156998711231
0.012843278215126
0.0131374945306935
0.0131066952706458
0.0135118125643941
0.0132868235881515
0.0132848776360259
0.0132848776360259
0.012810613806923
0.0128058450507014
0.0128750603795896
0.0128750603795896
0.012832968508993
0.0128077676987261
0.0128077676987261
0.0128078063971752
0.0128078063971752
0.0128001158050765
0.0128001158050765
0.0128019907569569
0.0128019907569569
0.0128096813490556
0.0127943370375601
0.0127943370375601
0.0127943370375601
0.0127991453036118
0.0127991453036118
0.0127951136588561
0.0127956811602665
0.0127966212810992
0.0127958862675457
0.0127958862675457
0.0127958918898354
0.0116706979173432
0.0128060161864348
0.0129587793544308
0.0127395370265699
0.0127414596745945
0.0127414596745945
0.0127414596745945
0.0127414328380339
0.012741391815354
0.012741391815354
0.0127412562219423
0.0127412562219423
0.0127412351590402
0.012741370752452
0.012741370752452
0.0127414046768568
0.0127652991740729
0.0127652991740729
0.0128034879957607
0.0128034879957607
0.0128034879957607
0.0128050580007379
0.0128055562241147
0.0128055183702353
0.0128053821072366
0.012805369269834
0.0128821602969494
0.0129051789593209
0.0129051789593209
0.0128819203551493
0.0128819203551493
0.0128819203551493
0.0128771141469301
0.0128807479222445
0.0128790533376036
0.0129021290625179
0.012879040500201
0.012879040500201
0.012879040500201
0.012879040500201
0.012879040500201
0.0128713433225636
