0.00157542492084053
0.00157566151574562
0.00157542492084053
0.00157542492084053
0.00157542492084053
0.00157542492084053
0.00157542492084053
0.00157525390466605
0.00157525390466605
0.00157525390466605
0.00157525390466605
0.00157522488855105
0.00157522488855105
0.00157522488855105
0.00157522488855105
0.00157522488855105
0.00157522488855105
0.00157522488855105
0.00157522488855105
0.00157522488855105
0.00157552553197458
0.00157522488855105
0.00157522488855105
0.00157522488855105
0.00157522488855105
0.00157522488855105
0.00157522488855105
0.00157499370780577
0.00157499370780577
0.00157499370780577
0.00157499798770079
0.00157499798770079
0.00157499798770079
0.00157500983625954
0.00157499798770079
0.00157499798770079
0.00157500226877963
0.00157500226877963
0.00157500226877963
0.00157500226877963
0.00157500226877963
0.00157500226877963
0.00157500226877963
0.0015750128038373
0.0015750128038373
0.0015750128038373
0.00157500100811514
0.00157500100811514
0.0015750181442795
0.00157506159372869
0.00157529148646848
0.00157509451262901
0.00157509451262901
0.00157509715315939
0.00157511860006533
0.00157511235073726
0.00157514673718633
0.00157514243470665
0.00157514243470665
0.00157514243470665
0.00157514243470665
0.00157513978418215
0.00157513383332732
0.00157513383332732
0.00157511664487364
0.00157511664487364
0.00157511137914813
0.00157512856760182
0.00157512856760182
0.00157513286769499
0.00157511137914813
0.00157511137914813
0.00157507705933968
0.00157507705933968
0.00157507705933968
0.0015755102466048
0.00157530564049667
0.00157530300718331
0.00157529345445504
0.00157529082114168
0.00157529082114168
0.00157528818241138
0.00157528818241138
0.00157527104986018
0.00157527104986018
0.00157527104986018
0.00158296295816494
0.00158318073473417
0.0015829655914783
0.0015829655914783
0.00158296295816494
0.00158296295816494
0.00158296295816494
0.00158296295816494
0.00158296295816494
0.00158296295816494
