9.42257122638892e-05
9.42395370745276e-05
9.4226041315408e-05
9.4226041315408e-05
9.4226041315408e-05
9.4226041315408e-05
9.4226041315408e-05
9.4226041315408e-05
9.4226041315408e-05
9.4226041315408e-05
9.4226041315408e-05
9.42191548013221e-05
9.42191548013221e-05
9.42191548013221e-05
9.42191548013221e-05
9.42191548013221e-05
9.42191548013221e-05
9.42191548013221e-05
9.42191548013221e-05
9.42087553952862e-05
9.42087553952862e-05
9.42087553952862e-05
9.42087553952862e-05
9.42087553952862e-05
9.42087553952862e-05
9.42087553952862e-05
9.42087553952862e-05
9.41825185623979e-05
9.41825185623979e-05
9.41825185623979e-05
9.41826008463977e-05
9.41826008463977e-05
9.41826008463977e-05
9.4172592115519e-05
9.41724276038372e-05
9.41623630026122e-05
9.41624453006969e-05
9.41524876097588e-05
9.41524876097588e-05
9.41524876097588e-05
9.41524876097588e-05
9.41524876097588e-05
9.41524876097588e-05
9.41427996463222e-05
9.41427996463222e-05
9.41427996463222e-05
9.41427996463222e-05
9.41427996463222e-05
9.4133380061437e-05
9.41346962675124e-05
9.4149148838853e-05
9.41350253190312e-05
9.41350253190312e-05
9.41346962675124e-05
9.41338968367515e-05
9.41351906905654e-05
9.41358507124248e-05
9.41357681601921e-05
9.41357681601921e-05
9.41357681601921e-05
9.41357681601921e-05
9.41357681601921e-05
9.41356030981738e-05
9.41356030981738e-05
9.4135273143823e-05
9.4135273143823e-05
9.41349440923042e-05
9.41352740466549e-05
9.41352740466549e-05
9.41353565705908e-05
9.41349440923042e-05
9.41349440923042e-05
9.4134284861533e-05
9.4134284861533e-05
9.41150912333166e-05
9.4142918768321e-05
9.4129866554855e-05
9.4129866554855e-05
9.41297841862915e-05
9.41297841862915e-05
9.41274122504294e-05
9.41274122504294e-05
9.41274122504294e-05
9.41270829171691e-05
9.41270829171691e-05
9.41270829171691e-05
9.41270829171691e-05
9.4139887282436e-05
9.4127082917169e-05
9.4127082917169e-05
9.41270829171691e-05
9.41270829171691e-05
9.41270829171691e-05
9.41270829171691e-05
9.41270829171691e-05
9.41270829171691e-05
