0.00344225418655258
0.00342603981510544
0.0034255666625777
0.0034255666625777
0.0034255666625777
0.0034255666625777
0.0034255666625777
0.00342513912214152
0.00342513912214152
0.00342513912214152
0.00342513912214152
0.003425066581854
0.003425066581854
0.003425066581854
0.003425066581854
0.003425066581854
0.003425066581854
0.003425066581854
0.003425066581854
0.003425066581854
0.003425066581854
0.003425066581854
0.003425066581854
0.003425066581854
0.003425066581854
0.003425066581854
0.003425066581854
0.00342459376247517
0.00342459376247517
0.00342459376247517
0.0034246036393727
0.0034246036393727
0.0034246036393727
0.00342464313907532
0.0034246036393727
0.0034246036393727
0.00342461351908896
0.00342461351908896
0.00342461351908896
0.00342461351908896
0.00342461351908896
0.00342461351908896
0.00342461351908896
0.00342463985673314
0.00342463985673314
0.00342463985673314
0.00342463985673314
0.00342463985673314
0.00342467940381142
0.003424791330909
0.00342532350808679
0.00342489009820231
0.00342489009820231
0.00342489669952827
0.00342494619695392
0.00342492974924243
0.0034250091151465
0.00342499918446963
0.00342499918446963
0.00342499918446963
0.00342499918446963
0.00342499255815837
0.0034249793316415
0.0034249793316415
0.00342493966005079
0.00342493966005079
0.00342492649573703
0.00342496616732774
0.00342496616732774
0.00342497609232131
0.00342492649573703
0.00342492649573703
0.0034248472885236
0.0034248472885236
0.0034248472885236
0.00342574387163455
0.00342535970796616
0.00342535312468277
0.00342532348326434
0.00342531689998095
0.00342531689998095
0.00342531030315521
0.00342531030315521
0.00342527076510981
0.00342527076510981
0.00342527076510981
0.00342527076510981
0.00342571089262173
0.00342527734839319
0.00342527734839319
0.00342527076510981
0.00342527076510981
0.00342527076510981
0.00342527076510981
0.00342527076510981
0.00342527076510981
