0.000948989271454088
0.000949117261988157
0.00094899157481472
0.00094899157481472
0.00094899157481472
0.00094899157481472
0.00094899157481472
0.00094899157481472
0.00094899157481472
0.00094899157481472
0.00094899157481472
0.000948943369216119
0.000948943369216119
0.000948943369216119
0.000948943369216119
0.000948943369216119
0.000948943369216119
0.000948943369216119
0.000948943369216119
0.000948870573373868
0.000948983314657693
0.000956562481678629
0.000956562481678629
0.000956562481678629
0.000956562481678629
0.000956562481678629
0.000956562481678629
0.000956354434922882
0.000956354434922882
0.000956354434922882
0.000956355916457513
0.000948665324358828
0.000948665324358828
0.000956289969597918
0.00095628470375959
0.000956214251551015
0.000956215733508453
0.000956146029671886
0.000956146029671886
0.000956146029671886
0.000956143727099402
0.000956143727099402
0.000956143727099402
0.000956074759773573
0.000956074759773573
0.000956074759773573
0.000956074759773573
0.000956074759773573
0.000955907744274209
0.000955920907575216
0.00095605621505505
0.000955938681540247
0.000955938681540247
0.000955936378179615
0.000955935322890695
0.000955945288989751
0.000955957193875362
0.000955955704273831
0.000955955704273831
0.000955955704273831
0.000955955704273831
0.000955954710327141
0.000955952726349611
0.000955952726349611
0.000955946775611004
0.000955946775611004
0.000955946775611004
0.000955952726349611
0.000955952726349611
0.000955954215098647
0.000955946775611004
0.000955946775611004
0.00095593489452899
0.00095593489452899
0.000955800539131475
0.000956045929701263
0.000955936462998269
0.000955934158849085
0.000955928066815473
0.000955925762666289
0.000955909159115254
0.000955909159115254
0.000955909159115254
0.000955903228408444
0.000955903228408444
0.000955903228408444
0.000955903228408444
0.000956021575824211
0.000955905532557628
0.000955905532557628
0.000955903228408444
0.000955903228408444
0.000955903228408444
0.000955903228408444
0.000955903228408444
0.000955903228408444
