5.48065749312277e-05
5.48136525526583e-05
5.48065749312277e-05
5.48065749312277e-05
5.48065749312277e-05
5.48065749312277e-05
5.48065749312277e-05
5.48065749312277e-05
5.48065749312277e-05
5.48065749312277e-05
5.48065749312277e-05
5.48065749312277e-05
5.48065749312277e-05
5.48065749312277e-05
5.48065749312277e-05
5.48065749312277e-05
5.48065749312277e-05
5.48065749312277e-05
5.48065749312277e-05
5.48065749312277e-05
5.48065749312277e-05
5.48065749312277e-05
5.48065749312277e-05
5.48065749312277e-05
5.48065749312277e-05
5.48065749312277e-05
5.48065749312277e-05
5.47971963714503e-05
5.47971963714503e-05
5.47971963714503e-05
5.47971963714503e-05
5.47971963714503e-05
5.47971963714503e-05
5.47971963714503e-05
5.47971963714503e-05
5.47971963714503e-05
5.47971963714503e-05
5.47971963714503e-05
5.47971963714503e-05
5.47971963714503e-05
5.47971963714503e-05
5.47971963714503e-05
5.47971963714503e-05
5.47971963714503e-05
5.47971963714503e-05
5.47971963714503e-05
5.47971963714503e-05
5.47971963714503e-05
5.47971963714503e-05
5.47971963714503e-05
5.48065749312277e-05
5.47971963714503e-05
5.47971963714503e-05
5.47971963714503e-05
5.47971963714503e-05
5.47971963714503e-05
5.47971963714503e-05
5.47971963714503e-05
5.47971963714503e-05
5.47971963714503e-05
5.47971963714503e-05
5.47971963714503e-05
5.47971963714503e-05
5.47971963714503e-05
5.47971963714503e-05
5.47971963714503e-05
5.47971963714503e-05
5.47971963714503e-05
5.47971963714503e-05
5.47971963714503e-05
5.47971963714503e-05
5.47971963714503e-05
5.47971963714503e-05
5.47971963714503e-05
5.47971963714503e-05
5.48123358959817e-05
5.48065749312277e-05
5.48065749312277e-05
5.48065749312277e-05
5.48065749312277e-05
5.48065749312277e-05
5.48065749312277e-05
5.48065749312277e-05
5.48065749312277e-05
5.48065749312277e-05
5.48065749312277e-05
5.48065749312277e-05
5.48136525526583e-05
5.48065749312277e-05
5.48065749312277e-05
5.48065749312277e-05
5.48065749312277e-05
5.48065749312277e-05
5.48065749312277e-05
5.48065749312277e-05
5.48065749312277e-05
