0.00336712627937879
0.00321850473462348
0.00336712627937879
0.00336712627937879
0.00336712627937879
0.00336712627937879
0.00336712627937879
0.00336712627937879
0.00336712627937879
0.00336712627937879
0.00336712627937879
0.00336698854909707
0.00336698854909707
0.00336698854909707
0.00336698854909707
0.00336698854909707
0.00336698854909707
0.00336698854909707
0.00336698854909707
0.00336678056097636
0.00336678056097636
0.00336678056097636
0.00336678056097636
0.00336678056097636
0.00336678056097636
0.00336678056097636
0.00336678056097636
0.00336609227284537
0.00336609227284537
0.00336609227284537
0.00336609227284537
0.00336609227284537
0.00336609227284537
0.00336590197005492
0.00336588880799416
0.00336568751596966
0.00336568751596966
0.0033654883621509
0.0033654883621509
0.0033654883621509
0.00336548178337237
0.00336548178337237
0.00336548178337237
0.00336529131490038
0.00336529131490038
0.00336529131490038
0.00336529131490038
0.00336529131490038
0.00336467751600112
0.0033647532077096
0.00321594591189346
0.00336292899792672
0.00336292899792672
0.00336484539397254
0.00336482116567892
0.00336483222064212
0.00336483222064212
0.00336483222064212
0.00336483222064212
0.00336483222064212
0.00336483222064212
0.00336483222064212
0.00336483222064212
0.00336483222064212
0.00336483222064212
0.00336483222064212
0.00336481905632836
0.00336481905632836
0.00336481905632836
0.00336481905632836
0.00336481905632836
0.00336481905632836
0.00336481576214994
0.00336481576214994
0.00336443188958561
0.00336531743550148
0.00336491737743392
0.00336491079415054
0.00336489104119954
0.00336488445791615
0.00336483701919891
0.00336483701919891
0.00336483701919891
0.00336481066802629
0.00336481066802629
0.00336481066802629
0.00336481066802629
0.0032226660099452
0.00336289394506931
0.00336289394506931
0.00336481066802629
0.00336481066802629
0.00336481066802629
0.00336481066802629
0.00336481066802629
0.00336481066802629
