0.0160571666055961
0.028155305707035
0.0282477534300275
0.0282477534300275
0.0282458304529513
0.0286025470212031
0.0286031879311651
0.0285671420833325
0.0285642553956699
0.0285334877624508
0.0285642553956699
0.0284712480896058
0.0284712480896058
0.0284712480896058
0.0284712480896058
0.0284654781708847
0.0284840679367804
0.0286215635135648
0.0299715501304331
0.0301399817582792
0.0302113688010101
0.0302957429014506
0.0288112387680664
0.0288304685388283
0.028745857547476
0.0300034503858697
0.0302207467954792
0.0302414157395062
0.0302414157395062
0.0287091921494704
0.0288303979776669
0.0286688955435945
0.0286688955435945
0.0286973222546908
0.028837406962514
0.0288367326342319
0.0288368116544019
0.028836144489109
0.0288476803772571
0.0288476803772571
0.0288553150497383
0.0288424970306485
0.0288348064385498
0.0288344070653942
0.0288344070653942
0.0287985113808325
0.028793607446063
0.028793607446063
0.0288840918870317
0.0288861988007546
0.0287877241621405
0.0287941523041297
0.0287941523041297
0.0287941383517815
0.0288444417509138
0.028796271037815
0.028819010657366
0.028957378949533
0.0288199069008616
0.0288199069008616
0.0288199069008616
0.0288198833774566
0.0288197482802039
0.0288197482802039
0.0288194312504336
0.028827124475395
0.0288269941486888
0.0288273111784591
0.0288273111784591
0.0288273904799681
0.0288173809085654
0.0288173809085654
0.028320352110145
0.0285709460436163
0.0288923676416223
0.0288940443674385
0.0288997889563185
0.0288689861025334
0.0288996032896159
0.0288686941158041
0.0289627821501652
0.029064688714759
0.0290781495542924
0.0289624520723009
0.0289316844390819
0.0289624520723009
0.0287207802005006
0.028909768309774
0.0289549082885488
0.028519104902269
0.0283583889327911
0.02880379592485
0.0288403324892976
0.028713416002269
0.0287114930251928
0.0287153376620121
