0.00472862827144181
0.00472932877225163
0.00472863781393586
0.00472863781393586
0.0047209459056311
0.00472863781393586
0.00472863781393586
0.00472863781393586
0.00472863781393586
0.00472863781393586
0.00472863781393586
0.0047284378067718
0.0047284378067718
0.0047284378067718
0.0047284378067718
0.0047284378067718
0.0047284378067718
0.0047284378067718
0.0047284378067718
0.00472813622399676
0.00472813652225233
0.00472813622399676
0.00472813622399676
0.00472044431569199
0.00472044431569199
0.00472813622399676
0.00472813622399676
0.00472715468450021
0.00472715468450021
0.00472715468450021
0.00472715468450021
0.00472715468450021
0.00472715468450021
0.00472688351792604
0.00472685966046595
0.00472656778703043
0.00472372036185428
0.00472343158881707
0.00472343158881707
0.00472343158881707
0.00472343158881707
0.00472343158881707
0.00472343158881707
0.00472315540953269
0.00471548819699517
0.00471548819699517
0.00471548819699517
0.00471548819699517
0.0047146538838341
0.00471477600657123
0.00471547142409825
0.00471485714187032
0.00472540202561114
0.0047253924831171
0.00472535735209135
0.004725373381788
0.004725373381788
0.004725373381788
0.004725373381788
0.004725373381788
0.004725373381788
0.004725373381788
0.004725373381788
0.004725373381788
0.00471768015682656
0.00471768015682656
0.00471766370143436
0.00471766370143436
0.00471766370143436
0.00471766370143436
0.00471766370143436
0.00471766370143436
0.00471765892487565
0.00471765892487565
0.00472479290175606
0.00472610376221178
0.00472549833596622
0.00472549175268284
0.00472546130050096
0.00472545175474005
0.00472538296860005
0.00472538296860005
0.00472538296860005
0.00472534475939974
0.00472534475939974
0.00472534475939974
0.00471765285109498
0.0047182939484514
0.00471766239685589
0.00471766239685589
0.00471765285109498
0.00471765285109498
0.00472534475939974
0.00472534475939974
0.00472534475939974
0.00472534475939974
