0.000271138123612316
0.000271160507226999
0.000271138123612316
0.000271138123612316
0.000271138123612316
0.000271138123612316
0.000271138123612316
0.000271138123612316
0.000271138123612316
0.000271138123612316
0.000271138123612316
0.000271138123612316
0.000271138123612316
0.000271138123612316
0.000271138123612316
0.000271138123612316
0.000271138123612316
0.000271138123612316
0.000271138123612316
0.000271138123612316
0.000271138123612316
0.000271138123612316
0.000271138123612316
0.000271138123612316
0.000271138123612316
0.000271138123612316
0.000271138123612316
0.000271100940339737
0.000271100940339737
0.000271100940339737
0.000271100940339737
0.000271100940339737
0.000271100940339737
0.000271100940339737
0.000271100940339737
0.000271100940339737
0.000271100940339737
0.000271100940339737
0.000271100940339737
0.000271100940339737
0.0002710979798894
0.0002710979798894
0.0002710979798894
0.0002710979798894
0.0002710979798894
0.0002710979798894
0.0002710979798894
0.0002710979798894
0.0002710979798894
0.000271106535567824
0.000271137796814961
0.000271106535567824
0.000271106535567824
0.000271106535567824
0.000271106535567824
0.000271106535567824
0.000271106535567824
0.000271106535567824
0.000271106535567824
0.000271106535567824
0.000271106535567824
0.000271106535567824
0.000271106535567824
0.000271106535567824
0.000271106535567824
0.000271106535567824
0.000271106535567824
0.000271106535567824
0.000271106535567824
0.000271106535567824
0.000271106535567824
0.000271106535567824
0.000271106535567824
0.000271106535567824
0.000271106535567824
0.000271160181332004
0.000271140758278631
0.000271140758278631
0.000271140758278631
0.000271140758278631
0.000271140758278631
0.000271140758278631
0.000271140758278631
0.000271140758278631
0.000271140758278631
0.000271140758278631
0.000271140758278631
0.000271163142795673
0.000271140758278631
0.000271140758278631
0.000271140758278631
0.000271140758278631
0.000271140758278631
0.000271140758278631
0.000271140758278631
0.000271140758278631
