0.00136915976052487
0.00136937122076134
0.00136915976052487
0.00136915976052487
0.00136915976052487
0.00136915976052487
0.00136915976052487
0.00136915976052487
0.00136915976052487
0.00136915976052487
0.00136915976052487
0.00136915967824748
0.00136915967824748
0.00136915967824748
0.00136915967824748
0.00136915967824748
0.00136915967824748
0.00136915967824748
0.00136915967824748
0.00136915967824748
0.00136915967824748
0.00136915967824748
0.00136915967824748
0.00136915967824748
0.00136915967824748
0.00136915967824748
0.00136915967824748
0.00136896934902579
0.00136896934902579
0.00136896934902579
0.00136896934902579
0.00136896934902579
0.00136896934902579
0.00136897593039409
0.00136896934902579
0.00136896934902579
0.00136896934902579
0.00136896934902579
0.00136896934902579
0.00136896934902579
0.00136896934902579
0.00136896934902579
0.00136896934902579
0.00136897198143794
0.00136897198143794
0.00136897198143794
0.00136897198143794
0.00136897198143794
0.00136897198143794
0.00136901543190096
0.00136922694011816
0.00136905493881828
0.00136905493881828
0.00136905230640613
0.00136905230640613
0.00136904703707396
0.00136904703707396
0.00136904703707396
0.00136904703707396
0.00136904703707396
0.00136904703707396
0.00136904703707396
0.00136904703707396
0.00136904703707396
0.00136904703707396
0.00136904703707396
0.00136904177134846
0.00136904177134846
0.00136904177134846
0.00136904177134846
0.00136904177134846
0.00136904177134846
0.00136904045367709
0.00136904045367709
0.00136904045367709
0.00136942006796354
0.0013692387885622
0.00136923615524885
0.00136922693741177
0.00136922430409842
0.00136922430409842
0.00136922430409842
0.00136922430409842
0.00136921376362937
0.00136921376362937
0.00136921376362937
0.00136921376362937
0.00136940293800802
0.00136921639694272
0.00136921639694272
0.00136921376362937
0.00136921376362937
0.00136921376362937
0.00136921376362937
0.00136921376362937
0.00136921376362937
