0.0632043603698026
0.0629273585800532
0.0632401217354718
0.0632401217354718
0.0632401217354718
0.0632401217354718
0.0632401217354718
0.063789159177666
0.063789159177666
0.0631749173377974
0.0631749173377974
0.0631749173377974
0.0631749173377974
0.0633541874658489
0.0632256318693219
0.0641674731690629
0.0641674731690629
0.0641674731690629
0.0641674731690629
0.0641674731690629
0.0641022687713885
0.0641022687713885
0.0641674731690629
0.0642384473716861
0.0633445367697306
0.0635258677660445
0.0634606633683701
0.063623674362556
0.0633786466420005
0.0633786466420005
0.0632658849302436
0.0632151703987191
0.0632151703987191
0.0632803747963934
0.0632803747963934
0.0632803747963934
0.0632151703987191
0.0632151703987191
0.0632151703987191
0.0631441961960958
0.0631441961960958
0.0637584380359644
0.0637584380359644
0.0631441961960958
0.0631441961960958
0.0631441961960958
0.0632021556606953
0.0632021556606953
0.0632021556606953
0.0640621709554021
0.0640621709554021
0.0643855868829309
0.063982352605176
0.0640475570028503
0.0640475570028503
0.0640475570028503
0.0640758180644065
0.0632989922206468
0.0632989922206468
0.0632337878229724
0.0632337878229724
0.0632337878229724
0.0632337878229724
0.0637926827173702
0.0633595693942486
0.0633024306184469
0.0632738347528927
0.0634440704527366
0.0634585603188865
0.0634585603188865
0.0634585603188865
0.0634585603188865
0.0634585603188865
0.0634585603188865
0.0634585603188865
0.0634585603188865
0.0634585603188865
0.0634585603188865
0.0634585603188865
0.0634542679625394
0.0634325331633146
0.063389063564865
0.0641600509928699
0.064047420543932
0.0640876686389037
0.0640441990404541
0.064256161262467
0.0643213656601414
0.0641171932547495
0.0642778960616918
0.064256161262467
0.0640031208753454
0.0641030430999462
0.062833405041097
0.0632681010255928
0.0632673790863158