0.291141525404304
0.291144713564899
0.291108078555125
0.291108078555125
0.291236364321041
0.291042874157451
0.291042874157451
0.291042874157451
0.291042874157451
0.291042874157451
0.291042874157451
0.291042874157451
0.291042874157451
0.291814811858988
0.291042874157451
0.29011552272386
0.290443461698694
0.290443461698694
0.290443461698694
0.290443461698694
0.290443461698694
0.290443461698694
0.290443461698694
0.29046317222831
0.289546399203414
0.294188069039788
0.294188069039788
0.294188069039788
0.287688171733133
0.287688171733133
0.282819685387116
0.282819685387116
0.282819685387116
0.282819685387116
0.282819685387116
0.282819685387116
0.282819685387116
0.282819685387116
0.282819685387116
0.28284344445595
0.28284344445595
0.28284344445595
0.28284344445595
0.28284344445595
0.28284344445595
0.28284344445595
0.28284344445595
0.28284344445595
0.28284344445595
0.282733100215999
0.282733100215999
0.282733100215999
0.282733100215999
0.282733100215999
0.282733100215999
0.282436017987882
0.282770043552117
0.28291870743929
0.28291870743929
0.28291870743929
0.282853503041616
0.282853503041616
0.282853503041616
0.284513500267191
0.28295828704682
0.28295828704682
0.28295828704682
0.282853503041616
0.282883383333696
0.282883383333696
0.282883383333696
0.282883383333696
0.282883383333696
0.282883383333696
0.282883383333696
0.282883383333696
0.282883383333696
0.282763862165377
0.28289273427589
0.282745522097348
0.282745522097348
0.282745522097348
0.282490602074904
0.282490602074904
0.28248244221879
0.28248244221879
0.282499920519122
0.282796962775194
0.282804179153252
0.282804179153252
0.282825913952476
0.282825913952476
0.290666096601504
0.290920059567172
0.290920059567172
0.290916790408181