0.03714437170528
0.0371389949364542
0.0371389949364542
0.0371389949364542
0.0371389949364542
0.0371389949364542
0.0371389949364542
0.0371389949364542
0.0371389949364542
0.0371389949364542
0.0371389949364542
0.0371389949364542
0.0371389949364542
0.0371389949364542
0.0371389949364542
0.0371389949364542
0.0371389949364542
0.0371389949364542
0.0371389949364542
0.0371389949364542
0.0371389949364542
0.0371389949364542
0.0371389949364542
0.0371304930040957
0.0371304930040957
0.0371290875907219
0.0371290875907219
0.0371290875907219
0.0372194116404961
0.0372194116404961
0.0372194116404961
0.0372194116404961
0.0372194116404961
0.0372194116404961
0.0372194116404961
0.0372194116404961
0.0372194116404961
0.0372194116404961
0.0372194116404961
0.0372275068128407
0.0372275068128407
0.0372275068128407
0.0372275068128407
0.0372275068128407
0.0372275068128407
0.0372275068128407
0.0372275068128407
0.0372275068128407
0.0372275068128407
0.037184515839003
0.037184515839003
0.037184515839003
0.037184515839003
0.037184515839003
0.0371843589395014
0.037442370377213
0.0371843589395014
0.0372268029225747
0.0372268029225747
0.0372268029225747
0.0372268029225747
0.0372268029225747
0.0372268029225747
0.0372286667223445
0.0372328402353108
0.0372321159879773
0.0372321159879773
0.0372268029225747
0.0372268029225747
0.0372268029225747
0.0372268029225747
0.0372268029225747
0.0372268029225747
0.0372268029225747
0.0372268029225747
0.0372268029225747
0.0372268029225747
0.0372268029225747
0.0372268029225747
0.0372268029225747
0.0372268029225747
0.0372268029225747
0.0371781907736984
0.0371781907736984
0.0371751235937405
0.0371751235937405
0.0371744245710332
0.0371744245710332
0.0371731079271704
0.0371731079271704
0.0371731079271704
0.0371731079271704
0.0371731079271704
0.0372247872560045
0.0372247872560045
0.0372219452892716