0.0309831535424725
0.0309827987253231
0.0309827987253231
0.0309827987253231
0.0309827987253231
0.0309827987253231
0.0309827987253231
0.0318970191381508
0.0318970191381508
0.0309827987253231
0.0309827987253231
0.0309827987253231
0.0309827987253231
0.0309827987253231
0.0309827987253231
0.0309827987253231
0.0308144213034973
0.0308144213034973
0.0308144213034973
0.0308144213034973
0.0308144213034973
0.0308144213034973
0.0308144213034973
0.0308114447359839
0.0396389533335861
0.0397168065331387
0.0406310269459664
0.0406310269459664
0.0397168065331387
0.0397168065331387
0.0397168065331387
0.0397168065331387
0.0397168065331387
0.0397168065331387
0.0397168065331387
0.0397168065331387
0.0397168065331387
0.0401587474507095
0.0401587474507095
0.0401628290911919
0.0410770495040195
0.0410770495040195
0.0410770495040195
0.0401628290911919
0.0401628290911919
0.0401628290911919
0.0401628290911919
0.0401628290911919
0.0401628290911919
0.0401422571411564
0.0401422571411564
0.0401422571411564
0.0401422571411564
0.0401422571411564
0.0401422053977037
0.0411324794914261
0.0401422053977037
0.0401885558714455
0.0401885558714455
0.0401885558714455
0.0401885558714455
0.0401885558714455
0.0401885558714455
0.040194520030709
0.0401995185765297
0.0401995185765297
0.0401995185765297
0.0401885558714455
0.0401885558714455
0.0401885558714455
0.0401885558714455
0.0401885558714455
0.0401885558714455
0.0401885558714455
0.0401885558714455
0.0401885558714455
0.0401885558714455
0.0401885558714455
0.0401885558714455
0.0401852462768209
0.0401852462768209
0.0401852462768209
0.0401392441608717
0.0401392441608717
0.040137771657286
0.040137771657286
0.040137771657286
0.040137771657286
0.040137771657286
0.040137771657286
0.040137771657286
0.040137771657286
0.040137771657286
0.0401836010655901
0.0401836010655901
0.0401836010655901