0.00373692869994691
0.00373648359655336
0.00373648359655336
0.00373648359655336
0.00373648359655336
0.00373648359655336
0.00373648359655336
0.00373648359655336
0.00373648359655336
0.00373648359655336
0.00373648359655336
0.00373648359655336
0.00373648359655336
0.00373648359655336
0.00373648359655336
0.00373648359655336
0.00373648359655336
0.00373648359655336
0.00373648359655336
0.00373648359655336
0.00373648359655336
0.00373648359655336
0.00373648359655336
0.00373619841643232
0.00373619841643232
0.00373606866741397
0.00373606866741397
0.00373606866741397
0.00373622748421005
0.00373622748421005
0.00373622748421005
0.00373622748421005
0.00373622748421005
0.00373622748421005
0.00373622748421005
0.00373622748421005
0.00373622748421005
0.00373622748421005
0.00373622748421005
0.00373651266433109
0.00373651266433109
0.00373651266433109
0.00373651266433109
0.00373651266433109
0.00373651266433109
0.00373651266433109
0.00373651266433109
0.00373651266433109
0.00373651266433109
0.00373553689721104
0.00373553689721104
0.00373553689721104
0.00373553689721104
0.00373553689721104
0.00373552354406197
0.00373552354406197
0.00373552354406197
0.00373645014347285
0.00373645014347285
0.00373645014347285
0.00373645014347285
0.00373645014347285
0.00373645014347285
0.00373666314916083
0.00373682394854819
0.00373645014347285
0.00373645014347285
0.00373645014347285
0.00373645014347285
0.00373645014347285
0.00373645014347285
0.00373645014347285
0.00373645014347285
0.00373645014347285
0.00373645014347285
0.00373645014347285
0.00373645014347285
0.00373645014347285
0.00373645014347285
0.00373645014347285
0.00373645014347285
0.00373645014347285
0.00373552354406197
0.00373552354406197
0.00373552354406197
0.00373552354406197
0.00373546071056019
0.00373546071056019
0.00373535845185881
0.00373535845185881
0.00373535845185881
0.00373535845185881
0.00373535845185881
0.0037362850512697
0.0037362850512697
0.00373617607930335