0.0253858991338272
0.0257949517600473
0.0253964804409261
0.0253964804409261
0.0253964804409261
0.0253964804409261
0.0253964804409261
0.0253964804409261
0.0253964804409261
0.0253964804409261
0.0253964804409261
0.0253964804409261
0.0253964804409261
0.0256958683036963
0.0253964804409261
0.0253964804409261
0.0253964804409261
0.0253964804409261
0.0253964804409261
0.0253964804409261
0.0253964804409261
0.0253964804409261
0.0253964804409261
0.0253964804409261
0.0248372108664138
0.0247150531826211
0.0247150531826211
0.0245520421884352
0.0245520421884352
0.0245520421884352
0.0248693367320565
0.0248693367320565
0.0248693367320565
0.0248693367320565
0.0248693367320565
0.0248693367320565
0.0248693367320565
0.0248693367320565
0.0248693367320565
0.0248693367320565
0.0248693367320565
0.0248693367320565
0.0248978531646507
0.0248978531646507
0.0248978531646507
0.0248978531646507
0.0248978531646507
0.0248978531646507
0.0248978531646507
0.0250537350506881
0.0250537350506881
0.0247374482313079
0.0247374482313079
0.0247374482313079
0.0247374482313079
0.0247374482313079
0.0247374482313079
0.0247374482313079
0.0247374482313079
0.0247374482313079
0.0247374482313079
0.0247374482313079
0.0247374482313079
0.0253044893282332
0.0247954076959073
0.0247954076959073
0.0247954076959073
0.0247954076959073
0.0247954076959073
0.0247954076959073
0.0247954076959073
0.0247954076959073
0.0247954076959073
0.0247954076959073
0.0247954076959073
0.0247954076959073
0.0247954076959073
0.0247954076959073
0.0247954076959073
0.0247954076959073
0.0247954076959073
0.0247954076959073
0.0247954076959073
0.0247954076959073
0.0247954076959073
0.0247954076959073
0.0249584186900933
0.0249584186900933
0.0252818346176221
0.0252818346176221
0.0252818346176221
0.0252818346176221
0.0255680094740818
0.0255680094740818
0.0251188236234361
0.0251177747682601