0.012522737918443
0.012522737918443
0.0124941685305422
0.0124941685305422
0.0124941685305422
0.0124941685305422
0.0124941685305422
0.0124941685305422
0.0124941685305422
0.0124941685305422
0.0124941685305422
0.0124941685305422
0.0124941685305422
0.0124941685305422
0.0124941685305422
0.0124941685305422
0.0124941685305422
0.0124941685305422
0.0124941685305422
0.0124941685305422
0.0124941685305422
0.0124941685305422
0.0124941685305422
0.0124902294801203
0.0124110414198373
0.0124537633008529
0.0124537633008529
0.0124537633008529
0.0124537633008529
0.0124537633008529
0.0124537633008529
0.0124537633008529
0.0124537633008529
0.0124537633008529
0.0124537633008529
0.0124537633008529
0.0124537633008529
0.0124537633008529
0.0124537633008529
0.0124577023512747
0.0124577023512747
0.0124577023512747
0.0124577023512747
0.0124577023512747
0.0124577023512747
0.0124577023512747
0.0124577023512747
0.0124577023512747
0.0124577023512747
0.0124378490719828
0.0124378490719828
0.0124378490719828
0.0124378490719828
0.0124378490719828
0.0124378490719828
0.0124378490719828
0.0124378490719828
0.0124577023512747
0.0124577023512747
0.0124577023512747
0.0124577023512747
0.0124577023512747
0.0124577023512747
0.0124594862739116
0.0124577023512747
0.0124577023512747
0.0124577023512747
0.0124577023512747
0.0124577023512747
0.0124577023512747
0.0124577023512747
0.0124577023512747
0.0124577023512747
0.0124577023512747
0.0124577023512747
0.0124577023512747
0.0124577023512747
0.0124577023512747
0.0124577023512747
0.0124577023512747
0.0124577023512747
0.0124577023512747
0.0124349912844725
0.0124349912844725
0.0124335702220601
0.0124335702220601
0.0124335702220601
0.0124335702220601
0.0124335702220601
0.0124335702220601
0.0124335702220601
0.0124335702220601
0.0124335702220601
0.0124577023512747
0.0124577023512747
0.0124577023512747