0.111607142857143
0.111607142857143
0.111607142857143
0.111607142857143
0.111607142857143
0.111607142857143
0.111607142857143
0.111607142857143
0.111607142857143
0.111607142857143
0.111607142857143
0.111607142857143
0.111607142857143
0.111607142857143
0.111607142857143
0.111607142857143
0.111607142857143
0.111607142857143
0.111607142857143
0.111607142857143
0.111607142857143
0.111607142857143
0.111607142857143
0.111607142857143
0.111607142857143
0.111607142857143
0.111607142857143
0.111607142857143
0.111607142857143
0.111607142857143
0.111607142857143
0.111607142857143
0.111607142857143
0.111607142857143
0.111607142857143
0.106026785714286
0.109105603448276
0.109105603448276
0.109105603448276
0.109105603448276
0.109105603448276
0.109105603448276
0.109105603448276
0.109105603448276
0.109105603448276
0.109105603448276
0.109105603448276
0.109105603448276
0.109105603448276
0.109105603448276
0.109105603448276
0.109105603448276
0.109105603448276
0.109105603448276
0.109105603448276
0.109105603448276
0.109105603448276
0.109105603448276
0.109105603448276
0.109105603448276
0.109105603448276
0.109105603448276
0.109105603448276
0.109105603448276
0.109105603448276
0.109105603448276
0.109105603448276
0.109105603448276
0.109105603448276
0.109105603448276
0.109105603448276
0.109105603448276
0.109105603448276
0.109105603448276
0.109105603448276
0.109105603448276
0.109105603448276
0.109105603448276
0.109105603448276
0.109105603448276
0.109105603448276
0.109105603448276
0.109105603448276
0.109105603448276
0.109105603448276
0.109105603448276
0.109105603448276
0.109105603448276
0.109105603448276
0.109105603448276
0.109105603448276
0.109105603448276
0.109105603448276
0.109105603448276
0.109105603448276
0.114685960591133
