0.0479910714285714
0.0479910714285714
0.0479910714285714
0.0479910714285714
0.0479910714285714
0.0479910714285714
0.0479910714285714
0.0479910714285714
0.0479910714285714
0.0479910714285714
0.0479910714285714
0.0479910714285714
0.0479910714285714
0.0479910714285714
0.0479910714285714
0.0479910714285714
0.0479910714285714
0.0479910714285714
0.0479910714285714
0.0479910714285714
0.0479910714285714
0.0479910714285714
0.0479910714285714
0.0479910714285714
0.0479910714285714
0.0479910714285714
0.0479910714285714
0.0479910714285714
0.0479910714285714
0.0479910714285714
0.0479910714285714
0.0479910714285714
0.0479910714285714
0.0479910714285714
0.0479910714285714
0.0479910714285714
0.047490763546798
0.047490763546798
0.047490763546798
0.047490763546798
0.047490763546798
0.047490763546798
0.047490763546798
0.047490763546798
0.047490763546798
0.047490763546798
0.047490763546798
0.047490763546798
0.047490763546798
0.047490763546798
0.047490763546798
0.047490763546798
0.047490763546798
0.047490763546798
0.047490763546798
0.047490763546798
0.047490763546798
0.047490763546798
0.047490763546798
0.047490763546798
0.047490763546798
0.047490763546798
0.047490763546798
0.047490763546798
0.047490763546798
0.047490763546798
0.047490763546798
0.047490763546798
0.047490763546798
0.047490763546798
0.047490763546798
0.047490763546798
0.047490763546798
0.047490763546798
0.047490763546798
0.047490763546798
0.047490763546798
0.047490763546798
0.047490763546798
0.047490763546798
0.047490763546798
0.047490763546798
0.047490763546798
0.047490763546798
0.047490763546798
0.047490763546798
0.047490763546798
0.047490763546798
0.047490763546798
0.047490763546798
0.047490763546798
0.047490763546798
0.047490763546798
0.047490763546798
0.047490763546798
0.047490763546798
