0.616629464285714
0.616629464285714
0.616629464285714
0.616629464285714
0.616629464285714
0.616629464285714
0.616629464285714
0.616629464285714
0.616629464285714
0.616629464285714
0.616629464285714
0.616629464285714
0.616629464285714
0.616629464285714
0.616629464285714
0.616629464285714
0.616629464285714
0.616629464285714
0.616629464285714
0.616629464285714
0.616629464285714
0.616629464285714
0.616629464285714
0.616629464285714
0.616629464285714
0.616629464285714
0.616629464285714
0.616629464285714
0.616629464285714
0.616629464285714
0.616629464285714
0.616629464285714
0.616629464285714
0.616629464285714
0.616629464285714
0.616629464285714
0.618053417487685
0.618053417487685
0.618053417487685
0.618053417487685
0.618053417487685
0.618053417487685
0.618053417487685
0.618053417487685
0.618053417487685
0.618053417487685
0.618053417487685
0.618053417487685
0.618053417487685
0.618053417487685
0.618053417487685
0.618053417487685
0.618053417487685
0.618053417487685
0.618053417487685
0.618053417487685
0.618053417487685
0.618053417487685
0.618053417487685
0.618053417487685
0.618053417487685
0.618053417487685
0.618053417487685
0.618053417487685
0.618053417487685
0.618053417487685
0.618053417487685
0.618053417487685
0.618053417487685
0.618053417487685
0.618053417487685
0.618053417487685
0.618053417487685
0.618053417487685
0.618053417487685
0.618053417487685
0.618053417487685
0.618053417487685
0.618053417487685
0.618053417487685
0.618053417487685
0.618053417487685
0.618053417487685
0.618053417487685
0.618053417487685
0.618053417487685
0.618053417487685
0.618053417487685
0.618053417487685
0.618053417487685
0.618053417487685
0.618053417487685
0.618053417487685
0.618053417487685
0.618053417487685
0.610240917487685
