0.231026785714286
0.231026785714286
0.231026785714286
0.231026785714286
0.231026785714286
0.231026785714286
0.231026785714286
0.231026785714286
0.231026785714286
0.231026785714286
0.231026785714286
0.231026785714286
0.231026785714286
0.231026785714286
0.231026785714286
0.231026785714286
0.231026785714286
0.231026785714286
0.231026785714286
0.231026785714286
0.231026785714286
0.231026785714286
0.231026785714286
0.231026785714286
0.231026785714286
0.231026785714286
0.231026785714286
0.231026785714286
0.231026785714286
0.231026785714286
0.231026785714286
0.231026785714286
0.231026785714286
0.231026785714286
0.231026785714286
0.225446428571429
0.227601600985222
0.227601600985222
0.227601600985222
0.227601600985222
0.227601600985222
0.227601600985222
0.227601600985222
0.227601600985222
0.227601600985222
0.227601600985222
0.227601600985222
0.227601600985222
0.227601600985222
0.227601600985222
0.227601600985222
0.227601600985222
0.227601600985222
0.227601600985222
0.227601600985222
0.227601600985222
0.227601600985222
0.227601600985222
0.227601600985222
0.227601600985222
0.227601600985222
0.227601600985222
0.227601600985222
0.227601600985222
0.227601600985222
0.227601600985222
0.227601600985222
0.227601600985222
0.227601600985222
0.227601600985222
0.227601600985222
0.227601600985222
0.227601600985222
0.227601600985222
0.227601600985222
0.227601600985222
0.227601600985222
0.227601600985222
0.227601600985222
0.227601600985222
0.227601600985222
0.227601600985222
0.227601600985222
0.227601600985222
0.227601600985222
0.227601600985222
0.227601600985222
0.227601600985222
0.227601600985222
0.227601600985222
0.227601600985222
0.227601600985222
0.227601600985222
0.227601600985222
0.227601600985222
0.24211052955665
