0.0424107142857143
0.0424107142857143
0.0424107142857143
0.0424107142857143
0.0424107142857143
0.0424107142857143
0.0424107142857143
0.0424107142857143
0.0424107142857143
0.0424107142857143
0.0424107142857143
0.0424107142857143
0.0424107142857143
0.0424107142857143
0.0424107142857143
0.0424107142857143
0.0424107142857143
0.0424107142857143
0.0424107142857143
0.0424107142857143
0.0424107142857143
0.0424107142857143
0.0424107142857143
0.0424107142857143
0.0424107142857143
0.0424107142857143
0.0424107142857143
0.0424107142857143
0.0424107142857143
0.0424107142857143
0.0424107142857143
0.0424107142857143
0.0424107142857143
0.0424107142857143
0.0424107142857143
0.0424107142857143
0.0424107142857143
0.0424107142857143
0.0424107142857143
0.0424107142857143
0.0424107142857143
0.0424107142857143
0.0424107142857143
0.0424107142857143
0.0424107142857143
0.0424107142857143
0.0424107142857143
0.0424107142857143
0.0424107142857143
0.0424107142857143
0.0424107142857143
0.0424107142857143
0.0424107142857143
0.0424107142857143
0.0424107142857143
0.0424107142857143
0.0424107142857143
0.0424107142857143
0.0424107142857143
0.0424107142857143
0.0424107142857143
0.0424107142857143
0.0424107142857143
0.0424107142857143
0.0424107142857143
0.0424107142857143
0.0424107142857143
0.0424107142857143
0.0424107142857143
0.0424107142857143
0.0446428571428571
0.0424107142857143
0.0424107142857143
0.0424107142857143
0.0424107142857143
0.0424107142857143
0.0424107142857143
0.0424107142857143
0.0424107142857143
0.0424107142857143
0.0424107142857143
0.0424107142857143
0.0424107142857143
0.0424107142857143
0.0424107142857143
0.0424107142857143
0.0424107142857143
0.0424107142857143
0.0424107142857143
0.0424107142857143
0.0424107142857143
0.0424107142857143
0.0424107142857143
0.0424107142857143
0.0412946428571429
0.0412946428571429