0.0558035714285714
0.0558035714285714
0.0558035714285714
0.0558035714285714
0.0558035714285714
0.0558035714285714
0.0558035714285714
0.0558035714285714
0.0558035714285714
0.0558035714285714
0.0558035714285714
0.0558035714285714
0.0558035714285714
0.0558035714285714
0.0558035714285714
0.0558035714285714
0.0558035714285714
0.0558035714285714
0.0558035714285714
0.0558035714285714
0.0558035714285714
0.0558035714285714
0.0558035714285714
0.0558035714285714
0.0558035714285714
0.0558035714285714
0.0558035714285714
0.0558035714285714
0.0558035714285714
0.0558035714285714
0.0558035714285714
0.0558035714285714
0.0558035714285714
0.0558035714285714
0.0558035714285714
0.0558035714285714
0.0558035714285714
0.0558035714285714
0.0558035714285714
0.0558035714285714
0.0558035714285714
0.0558035714285714
0.0558035714285714
0.0558035714285714
0.0558035714285714
0.0558035714285714
0.0558035714285714
0.0558035714285714
0.0558035714285714
0.0558035714285714
0.0558035714285714
0.0558035714285714
0.0558035714285714
0.0558035714285714
0.0558035714285714
0.0558035714285714
0.0558035714285714
0.0558035714285714
0.0558035714285714
0.0558035714285714
0.0558035714285714
0.0558035714285714
0.0558035714285714
0.0558035714285714
0.0558035714285714
0.0558035714285714
0.0558035714285714
0.0558035714285714
0.0558035714285714
0.0558035714285714
0.0558035714285714
0.0558035714285714
0.0558035714285714
0.0558035714285714
0.0558035714285714
0.0558035714285714
0.0558035714285714
0.0558035714285714
0.0558035714285714
0.0558035714285714
0.0558035714285714
0.0558035714285714
0.0558035714285714
0.0558035714285714
0.0558035714285714
0.0558035714285714
0.0558035714285714
0.0558035714285714
0.0558035714285714
0.0558035714285714
0.0558035714285714
0.0558035714285714
0.0558035714285714
0.0558035714285714
0.0569196428571429
0.0569196428571429