0.129645089808726
0.129637751356402
0.129605961356876
0.129610253202611
0.129620527443185
0.129620527443185
0.129620527443185
0.129618874760592
0.129616705528927
0.129614274070609
0.129586041855144
0.129518057588002
0.129411412724608
0.129404941320444
0.129404133532946
0.129401721255017
0.129391936295159
0.129391936295159
0.129391936295159
0.129390354793846
0.129438891139893
0.129440160552866
0.129435589999014
0.129435589999014
0.129686405535503
0.129686405535503
0.129684382715589
0.129684382715589
0.130301848333564
0.130492745465374
0.130491172314431
0.12604467770085
0.122610771444728
0.122679892163686
0.121475477307589
0.121463605997616
0.127338896113299
0.12763173089438
0.128454906128688
0.128456468285028
0.128445687851274
0.128461438428065
0.128443382990103
0.128042979441623
0.128041913097642
0.125842140208081
0.125782797341991
0.127575868125447
0.128167369642093
0.128171361287863
0.127585578165297
0.126537546582396
0.127047756900818
0.127047756900818
0.126933107082925
0.131430666165989
0.131430666165989
0.13083616224239
0.130835053284979
0.130983081355812
0.130982896059626
0.130982896059626
0.131153032678143
0.131164082332849
0.131131187951482
0.131243611059181
0.131200914447228
0.131221644689809
0.131203629246352
0.131195540725324
0.131179800345485
0.131201871572544
0.131198139907005
0.131219042479835
0.131168957011709
0.131213524156423
0.131218006980718
0.131178954132283
0.13117036735521
0.130589631395717
0.130583567660538
0.13053265924505
0.130387738960379
0.130379470808479
0.130377100654948
0.130346661654625
0.130342675130045
0.130336489061867
0.130329445275944
0.130284134099828
0.13025426289431
0.130246535812872
0.130224551031925
0.130194446952935
0.130260825249966
0.130259393644767
