0.023545482751925
0.023545482751925
0.0235429716873705
0.0235429716873705
0.0235423818372736
0.0235423818372736
0.0235423818372736
0.0235423818372736
0.0235423818372736
0.0235423818372736
0.0235388604890215
0.0235422035926597
0.0235479715905223
0.0235453695250173
0.0235453695250173
0.0235453695250173
0.0235453695250173
0.0235453695250173
0.0235453695250173
0.0235453695250173
0.0235872198678459
0.0236137176332061
0.0236137176332061
0.0236137176332061
0.0235674934402835
0.0235674934402835
0.0235677722246161
0.0235677722246161
0.023762956916616
0.023798335244203
0.023798335244203
0.0232612095598137
0.0227038078245768
0.0223418730559412
0.0222544401439185
0.0222017941284783
0.0192948325481319
0.0194825084120175
0.0193902089292587
0.0193902089292587
0.0193902089292587
0.0193902089292587
0.0193963516546028
0.0201048607306471
0.0201048607306471
0.0201357271722613
0.0201339852986971
0.019714313497124
0.0197013068119404
0.0196984361628695
0.0197533953754902
0.0195816516755552
0.0195359392145835
0.0195359392145835
0.0195191741432372
0.0177761271492386
0.0177761271492386
0.0172681937546059
0.0172678372854936
0.0172542985276959
0.0172542985276959
0.0172728839691002
0.0177569740889012
0.0177554648520384
0.0177499879320571
0.0172366569910915
0.0172326185793644
0.0172323533844914
0.0172311605512412
0.0172310341059621
0.0172230820229799
0.0172235447329142
0.0171597753817109
0.0171593813630788
0.0171506171677726
0.0171501376894348
0.0171477860469789
0.0171459187070399
0.0171455355919078
0.0172399993065882
0.0172397565242416
0.0172340483696363
0.0171651091006522
0.0171613685052471
0.0171611962394191
0.0171575890233573
0.01715737438755
0.0171571215896671
0.0172207361921111
0.0172175266329646
0.0172137945516851
0.017215083001689
0.0172073994259091
0.0172040394071405
0.0172038559338584
0.017203636055247
