0.0802236991932828
0.0802594042538246
0.0803819963592009
0.0804145990995191
0.0804300786536074
0.0804300786536074
0.0804300786536074
0.0804610052963891
0.0805038398946805
0.0805305812700408
0.0806380848491319
0.081094051561013
0.0815579839276548
0.0816314634307501
0.0816458618694762
0.0816931182931818
0.0817073402072135
0.0816875669959509
0.0816875669959509
0.0817186875008808
0.0817889367685926
0.0818072155984847
0.0818524413738925
0.0818524413738925
0.0818364285299531
0.0818364285299531
0.081852262689475
0.081852262689475
0.0819067630944684
0.0820534227632637
0.0820839642711092
0.0945925479877638
0.105670532618308
0.106762139127417
0.110741207329354
0.11072984922632
0.106964383003737
0.109222958306179
0.109304670968481
0.109305173554123
0.109302586457121
0.109307806965418
0.109377243893249
0.110393164792374
0.110411958326988
0.110425346414317
0.110718418108931
0.110563293058805
0.11046717239588
0.110465197047584
0.110552208515968
0.118069472766101
0.117801672447439
0.117800782394251
0.117644395619908
0.115930116873745
0.115931913183916
0.119957000653217
0.120013799698796
0.119990115787832
0.119943285832318
0.119958816875806
0.119979271798431
0.119518933943466
0.118946109117574
0.118668528386134
0.118516888106887
0.118436559834922
0.11844766317194
0.118484077441778
0.118462263725937
0.118486987057479
0.118514433644946
0.118536849946092
0.118525292411732
0.118543522143527
0.118576537652502
0.118601977852142
0.11863850979031
0.118900872762267
0.118930765154864
0.118944230736317
0.118966015691148
0.118969327820891
0.118990555121021
0.118995183131553
0.119019626798307
0.119046742381145
0.11908357104658
0.119344658844028
0.119355396064637
0.119380110744139
0.1193533883997
0.119371711920514
0.119363214196565
0.119386836136758
