0.0317407029151011
0.0317407029151011
0.0317270560020388
0.0317270560020388
0.0317270560020388
0.0317270560020388
0.0317270560020388
0.0317270560020388
0.0317250976419956
0.0317211897433508
0.0317026421463356
0.0316867294022128
0.0316581590201624
0.0316535531507079
0.0316535531507079
0.0316535531507079
0.0316535531507079
0.0316535531507079
0.0316535531507079
0.0316535531507079
0.0316535531507079
0.0316535531507079
0.0316535531507079
0.0316535531507079
0.031608758017426
0.031608758017426
0.031608758017426
0.031608758017426
0.031268919023353
0.0311008657930325
0.0311008657930325
0.031755624637646
0.0330865603067275
0.0353660918142949
0.0356062393205631
0.0356149231814567
0.037031025684536
0.0371261136500717
0.0378552502272035
0.0378552502272035
0.0378531006372378
0.0378473284741819
0.0378784739711124
0.0385272400594106
0.0385272400594106
0.0390390702815868
0.0390830341686744
0.03908271018814
0.0390493957823311
0.0390552576034462
0.039035550781843
0.0387406744400184
0.0386887916438019
0.0386887916438019
0.0394157003878674
0.0405438791533929
0.0405438791533929
0.0403225359123975
0.0403128401009596
0.0401661079904212
0.0401661079904212
0.0401661079904212
0.0401156115044474
0.0400976247184557
0.0400895373935273
0.0400813128310948
0.040070799037244
0.0400558285527106
0.0400532253717169
0.0400532253717169
0.0400032381895379
0.0399884652745782
0.0399884652745782
0.0399742741069835
0.0399370381020151
0.0399093154155832
0.0398903623203878
0.0398807604737727
0.0398805478708052
0.0398616567201227
0.0398614445371857
0.0398473040530801
0.0398403490606147
0.0398176747831759
0.0398176747831759
0.039808648963486
0.0398082284950171
0.0398082284950171
0.0398082284950171
0.0397684934849897
0.039759543554308
0.039759543554308
0.0397115876958073
0.0397032622009921
0.0396644970378336
0.0396644970378336