0.17230227327009
0.17229269099546
0.172239723728759
0.172232600148378
0.17222728353444
0.17222728353444
0.17222728353444
0.17221756272872
0.172207168490936
0.172193449656402
0.172147167543677
0.171997744722013
0.171835666346315
0.171818455604517
0.171812393701619
0.171802068344624
0.171785581238861
0.171723595792041
0.171723595792041
0.171716826437046
0.171780165322442
0.171775979723591
0.171769301708288
0.171769301708288
0.171625499297115
0.171625499297115
0.17162302177175
0.17162302177175
0.173452755148766
0.173710843473777
0.173704109861164
0.166813843092722
0.160685066020045
0.158102343007596
0.156221478665795
0.156217446629498
0.131008351776917
0.1318723110338
0.130768185329917
0.130818782218647
0.130810443239078
0.130810675140064
0.130627309390762
0.129152562253151
0.129126668528378
0.129149367101786
0.129075789700901
0.12883027303089
0.128711219109703
0.128706809021162
0.128043796402552
0.126231586888484
0.125942069827149
0.125941262199683
0.125874740065299
0.110392380554725
0.110394867504004
0.107487741896926
0.10751347909259
0.107462198685682
0.107420873131124
0.107418588164546
0.107174536032656
0.107151156238385
0.106939691477503
0.106886275530157
0.106891841403067
0.106893844245309
0.10690493730588
0.106919697304659
0.106887710964867
0.106895348897602
0.106914511812837
0.106928413292643
0.106914024619028
0.106944665930658
0.106985422230278
0.107017199866887
0.107061949294819
0.107359831561321
0.107396366093057
0.107420594944476
0.107446825384514
0.107457129315869
0.107482225480302
0.107494525436629
0.107523891574926
0.10755814102302
0.107600861665081
0.107572022306035
0.107590840069142
0.10761755150376
0.107602790007106
0.107629385974773
0.107631200051509
0.107660181053948
