0.0593741600343987
0.0593741285156605
0.0593606745675018
0.0593606118967067
0.0593605806705975
0.0593605806705975
0.0593605806705975
0.0593605184356881
0.0593604564888477
0.0593604050850933
0.0593663433058558
0.0594347675352511
0.0595028183782024
0.0594954980687487
0.0594954676499726
0.0594953768110548
0.0594952317632035
0.0594952317632035
0.0594952317632035
0.0594951722087607
0.059593212745206
0.0595931832701193
0.0595931245192515
0.0595931245192515
0.059545034915464
0.059545034915464
0.0595450057706896
0.0595450057706896
0.0583085265475403
0.0580167828812303
0.0580167236412367
0.060452254017794
0.0625581382827073
0.062503806121895
0.0629872566825011
0.0630477267666504
0.0689015906922416
0.0678427389601221
0.0682252529771161
0.0682215002294001
0.0682573790276411
0.0682182498734577
0.0682492023450393
0.0690462968241771
0.06904625991227
0.0690301213546764
0.0688465207410693
0.068841041964199
0.0688066071488551
0.0688040555120306
0.0685454491951349
0.0682009837070478
0.0680677394722562
0.0680677394722562
0.0680677302883364
0.07225812088474
0.07225812088474
0.0728028590485141
0.0728020948771343
0.0727988062615657
0.0727987999446502
0.0727987999446502
0.0729208367966129
0.0729396930727644
0.0730021359170837
0.0730673476617478
0.0731493005993152
0.0731481117099125
0.0731672104464293
0.0731654174296478
0.0733249750470475
0.0733249687728786
0.0733237818077365
0.0733231676741133
0.0734958021707231
0.0734934284192147
0.0735300738242425
0.0736037302213547
0.0736037271175362
0.0739079069469302
0.0739073207063215
0.0739732905327657
0.0739715295252271
0.0739703458990695
0.0739703458990695
0.0739697604660576
0.073969758409841
0.0739697481393789
0.073967977284596
0.0741374982922364
0.0741374921574652
0.0741345706757399
0.074133402404314
0.0741333973047212
0.0741316341981925
0.0741316260702651
