0.00655861897817323
0.00655777417813411
0.0065571825425156
0.0065571825425156
0.0065571825425156
0.0065571825425156
0.0065571825425156
0.00655680985507032
0.00655680985507032
0.00655680985507032
0.00655541775204007
0.00654939338290841
0.00654372804693159
0.00654278802322365
0.00654242131576841
0.00654242131576841
0.00654242131576841
0.00653219905630603
0.00653219905630603
0.00653219905630603
0.00653219905630603
0.00653077162469327
0.00653077162469327
0.00653077162469327
0.00653055778705101
0.00653055778705101
0.00653067539919133
0.00653067539919133
0.00660827841261047
0.00661818793380494
0.00661818793380494
0.00637044035572305
0.00615444663331827
0.00609097826711303
0.00601351669405807
0.00601306600033392
0.00502987702846023
0.00503297157397331
0.00493236271207262
0.00493948717619624
0.00493936274806352
0.00493936274806352
0.00492094468270344
0.00504291653812635
0.00504291653812635
0.00503725497750983
0.00503761550389036
0.00505487928216923
0.00523399502857991
0.00523399502857991
0.00522622506510445
0.00524974976285952
0.0061262582807054
0.0061262582807054
0.00612171194335608
0.00530354108029538
0.00530354108029538
0.00515220766511189
0.00515208126039149
0.00529466430699043
0.00528375807641705
0.0052834690658001
0.00524824457889669
0.00524249560564147
0.00524221009848099
0.00524222748231839
0.00524219385045215
0.00524171579406721
0.00524162376899406
0.00524132686310654
0.00524045333612821
0.00524003237302975
0.0052396830615575
0.00523922988597975
0.00523857547444238
0.00523771172975802
0.00523717588073637
0.00523696625724207
0.00523682360590418
0.00525131453489345
0.00525114631439893
0.0052509069367114
0.00525071202234676
0.00525034791843096
0.00525026955603169
0.00525012634781947
0.00524996014421316
0.00524986242691052
0.00524962902323696
0.00524907991491531
0.00524903610459573
0.00524884922214464
0.00524810413663599
0.00524781227754887
0.00524678056591347
0.00524668344359757