0.000261899884888113
0.000261899884888113
0.000261899884888113
0.000261899884888113
0.000261688922840948
0.000261687654644613
0.000261687654644613
0.000261687654644613
0.000261687654644613
0.000261687654644613
0.000261687654644613
0.000261687654644613
0.000261687654644613
0.000261687654644613
0.000261687654644613
0.000261687654644613
0.000261687654644613
0.000261687654644613
0.000261687654644613
0.000261687654644613
0.000261687654644613
0.000261687654644613
0.000261687654644613
0.000261687654644613
0.000261687654644613
0.000261687654644613
0.000261687654644613
0.000261687654644613
0.000261687654644613
0.000261687654644613
0.000261687654644613
0.000261687654644613
0.000261687654644613
0.000261687654644613
0.000246190303236412
0.000246190303236412
0.000246190303236412
0.000246190303236412
0.000246190303236412
0.000246190303236412
0.000245368101704158
0.000243506748050963
0.000243506748050963
0.000243506748050963
0.00024350429050217
0.00024350429050217
0.00024350429050217
0.00024350429050217
0.00024350429050217
0.00024350429050217
0.00024350429050217
0.00024350429050217
0.00024350429050217
0.00024350429050217
0.00024350429050217
0.000241123917001695
0.000241123917001695
0.000241121520662075
0.000227824652153332
0.000226551502589603
0.000226541684818522
0.000226550923294632
0.000226550923294632
0.000226550923294632
0.000226550923294632
0.000226550923294632
0.000226550923294632
0.000226550923294632
0.000226550923294632
0.000226550923294632
0.000226550923294632
0.000226550923294632
0.000225695421022073
0.000225695421022073
0.000225692551132313
0.000225695421022073
0.000225695421022073
0.000218561717552786
0.000217914324169587
0.000217348392804888
0.000215724955977263
0.000215724955977263
0.000215727012360664
0.000215727012360664
0.000215727012360664
0.000215727012360664
0.000214278700595062
0.000214079814893629
0.000209325250577119
0.000209787432659505
0.00020270296113209
0.000202484943420729
0.000198656347709032
0.000198683166578749
0.000198683166578749
0.000198691726726057
