0.0275780637494915
0.0275780637494915
0.0275780637494915
0.0275780637494915
0.0275626546872788
0.0275619449803071
0.0275619449803071
0.0275619449803071
0.0275619449803071
0.0275619449803071
0.0275619449803071
0.0275619449803071
0.0275619449803071
0.0275619449803071
0.0275619449803071
0.0275619449803071
0.0275619449803071
0.0275619449803071
0.0275619449803071
0.0275619449803071
0.0275569451900893
0.0275569451900893
0.0275569451900893
0.0275569451900893
0.0275569451900893
0.0275569451900893
0.0275569451900893
0.0275569451900893
0.0274486654326044
0.027377672212309
0.027377672212309
0.027377672212309
0.027377672212309
0.027377672212309
0.0265580813854293
0.0265580813854293
0.0265580813854293
0.0265580813854293
0.0265580813854293
0.0265580813854293
0.0264721432162278
0.0263162655619854
0.0271525607741953
0.0271525607741953
0.0271518480850452
0.0271521692610805
0.0271325869154556
0.0271215887529237
0.0271215057592316
0.0271215057592316
0.027077225621008
0.0261874983513093
0.0262212951990647
0.0262212951990647
0.0261763616075971
0.0260203171741147
0.0260200087796289
0.0260193138411391
0.0255069750310723
0.0254070488078769
0.0254040823703535
0.0254078984703941
0.0254078984703941
0.0254078984703941
0.0254078602188756
0.0254077084014291
0.0254077084014291
0.0254077084014291
0.0254077084014291
0.0254077084014291
0.0254077084014291
0.025405277299069
0.0252910509552468
0.0252910509552468
0.0252897785080713
0.0252906107761016
0.0252905639377485
0.0250078725283666
0.0249803660394394
0.0249614571812334
0.0247158389233591
0.0247075364187763
0.0247081327699625
0.0247069651636722
0.0247069651636722
0.0247069651636722
0.0245043517675537
0.0244471445098105
0.0238644563677245
0.0238886492501186
0.0230717581174227
0.0230345653007478
0.0227742100631368
0.0227828612929302
0.0227884790345211
0.0227955493769233