0.0302074772745079
0.0302074772745079
0.0302074772745079
0.0302074772745079
0.0302002033615587
0.0302002033615587
0.0302002033615587
0.0302002033615587
0.0302002033615587
0.0302002033615587
0.0302002033615587
0.0302002033615587
0.0302002033615587
0.0302002033615587
0.0302002033615587
0.0302002033615587
0.0302002033615587
0.030186936539228
0.030186936539228
0.030186936539228
0.030186936539228
0.0341139051234793
0.0341139051234793
0.0341139051234793
0.0341139051234793
0.0341139051234793
0.0341139051234793
0.0341139051234793
0.0341298424959803
0.0341298424959803
0.0341298424959803
0.0341298424959803
0.0341298424959803
0.0341298424959803
0.0361800687419186
0.0361832542668931
0.0354169564200032
0.0340930678633844
0.0340930678633844
0.0340930678633844
0.0340876694896814
0.0340620010353845
0.0340620010353845
0.0340620010353845
0.0340620010353845
0.0340620010353845
0.0340620010353845
0.0340620010353845
0.0340620010353845
0.0340620010353845
0.0340620010353845
0.0340620010353845
0.0340620010353845
0.0340620010353845
0.0340620010353845
0.0339875634041265
0.0339875634041265
0.0339875634041265
0.0339965187485792
0.0339866765260762
0.0339866765260762
0.0340020312823655
0.0339866765260762
0.0339866765260762
0.0339866765260762
0.0339866765260762
0.0339866765260762
0.0339866765260762
0.0339866765260762
0.0339866765260762
0.0339866765260762
0.0340026138985772
0.0339091948682568
0.0339091948682568
0.0338939539396576
0.0341015520297551
0.0341015520297551
0.0341063508143867
0.0341059472280312
0.0340904448180406
0.0341114836750721
0.034111280253788
0.0341114836750721
0.0340976268109358
0.0341009435165185
0.0341009435165185
0.0340288102105804
0.0340045622168111
0.0342152489458739
0.0350785564538202
0.0356729245648037
0.0354808195193003
0.0359047121209607
0.0358061873242622
0.0358061873242622
0.0358061873242622
