0.760964912280702
0.760964912280702
0.760964912280702
0.760964912280702
0.760964912280702
0.760964912280702
0.760964912280702
0.760964912280702
0.760964912280702
0.760964912280702
0.760964912280702
0.760964912280702
0.762609649122807
0.762609649122807
0.762609649122807
0.764296558704453
0.764296558704453
0.764296558704453
0.764296558704453
0.764296558704453
0.762651821862348
0.762651821862348
0.762651821862348
0.764296558704453
0.764296558704453
0.764296558704453
0.764296558704453
0.764296558704453
0.764296558704453
0.764296558704453
0.764296558704453
0.764296558704453
0.764296558704453
0.764296558704453
0.764296558704453
0.764296558704453
0.764296558704453
0.764296558704453
0.764296558704453
0.764296558704453
0.764296558704453
0.764296558704453
0.764296558704453
0.764296558704453
0.764296558704453
0.764296558704453
0.764296558704453
0.764296558704453
0.764296558704453
0.764296558704453
0.764296558704453
0.764296558704453
0.764296558704453
0.764296558704453
0.764296558704453
0.764296558704453
0.764296558704453
0.764296558704453
0.764296558704453
0.764296558704453
0.764296558704453
0.764296558704453
0.764296558704453
0.764296558704453
0.764296558704453
0.764296558704453
0.764296558704453
0.764296558704453
0.764296558704453
0.764296558704453
0.764296558704453
0.764296558704453
0.764296558704453
0.764296558704453
0.764296558704453
0.764296558704453
0.764296558704453
0.764296558704453
0.764296558704453
0.764296558704453
0.764296558704453
0.764296558704453
0.764296558704453
0.764296558704453
0.764296558704453
0.764296558704453
0.764296558704453
0.764296558704453
0.764296558704453
0.764296558704453
0.764296558704453
0.764296558704453
0.764296558704453
0.764296558704453
0.764296558704453
0.764296558704453