0.0345394736842105
0.0345394736842105
0.0345394736842105
0.0345394736842105
0.0345394736842105
0.0345394736842105
0.0345394736842105
0.0345394736842105
0.0345394736842105
0.0345394736842105
0.0345394736842105
0.0345394736842105
0.0383771929824561
0.0383771929824561
0.0383771929824561
0.0383771929824561
0.0383771929824561
0.0383771929824561
0.0383771929824561
0.0383771929824561
0.0345394736842105
0.0345394736842105
0.0345394736842105
0.0383771929824561
0.0383771929824561
0.0383771929824561
0.0383771929824561
0.0383771929824561
0.0383771929824561
0.0290570175438596
0.0290570175438596
0.0290570175438596
0.0290570175438596
0.0290570175438596
0.0290570175438596
0.0290570175438596
0.0290570175438596
0.0290570175438596
0.0290570175438596
0.0290570175438596
0.0290570175438596
0.0290570175438596
0.0290570175438596
0.0290570175438596
0.0290570175438596
0.0290570175438596
0.0290570175438596
0.0290570175438596
0.0290570175438596
0.0290570175438596
0.0290570175438596
0.0290570175438596
0.0290570175438596
0.0290570175438596
0.0290570175438596
0.0290570175438596
0.0290570175438596
0.0290570175438596
0.0290570175438596
0.0290570175438596
0.0290570175438596
0.0290570175438596
0.0290570175438596
0.0290570175438596
0.0290570175438596
0.0290570175438596
0.0290570175438596
0.0290570175438596
0.0290570175438596
0.0290570175438596
0.0290570175438596
0.0290570175438596
0.0290570175438596
0.0290570175438596
0.0290570175438596
0.0290570175438596
0.0290570175438596
0.0290570175438596
0.0290570175438596
0.0290570175438596
0.0290570175438596
0.0290570175438596
0.0290570175438596
0.0290570175438596
0.0290570175438596
0.0290570175438596
0.0290570175438596
0.0290570175438596
0.0290570175438596
0.0290570175438596
0.0290570175438596
0.0290570175438596
0.0290570175438596
0.0290570175438596
0.0290570175438596
0.0290570175438596