0.060377358490566
0.060377358490566
0.060377358490566
0.060377358490566
0.060377358490566
0.060377358490566
0.060377358490566
0.060377358490566
0.0603901178647187
0.0603901178647187
0.0603901178647187
0.0603901178647187
0.0603901178647187
0.0603901178647187
0.0603901178647187
0.0603901178647187
0.0603901178647187
0.0603901178647187
0.0603901178647187
0.0603901178647187
0.0603901178647187
0.0603901178647187
0.0603901178647187
0.0603901178647187
0.0603901178647187
0.0603901178647187
0.0603901178647187
0.0603795132797072
0.0603795132797072
0.0603795132797072
0.0603795132797072
0.0603795132797072
0.0603795132797072
0.060377358490566
0.060377358490566
0.060377358490566
0.060377358490566
0.060377358490566
0.060377358490566
0.060377358490566
0.060377358490566
0.060377358490566
0.060377358490566
0.060377358490566
0.060377358490566
0.060377358490566
0.060377358490566
0.060377358490566
0.060377358490566
0.060377358490566
0.060377358490566
0.060377358490566
0.060377358490566
0.060377358490566
0.060377358490566
0.060377358490566
0.060377358490566
0.060377358490566
0.060377358490566
0.060377358490566
0.060377358490566
0.060377358490566
0.060377358490566
0.060377358490566
0.060377358490566
0.060377358490566
0.060377358490566
0.060377358490566
0.060377358490566
0.060377358490566
0.060377358490566
0.060377358490566
0.060377358490566
0.060377358490566
0.060377358490566
0.060377358490566
0.060377358490566
0.060377358490566
0.060377358490566
0.060377358490566
0.060377358490566
0.060377358490566
0.060377358490566
0.060377358490566
0.060377358490566
0.060377358490566
0.060377358490566
0.060377358490566
0.060377358490566
0.060377358490566
0.060377358490566
0.060377358490566
0.060377358490566
0.060377358490566
0.060377358490566
0.060377358490566