0.403055870109571
0.403055870109571
0.403055870109571
0.403055870109571
0.403055870109571
0.403055870109571
0.403055870109571
0.403055870109571
0.403055870109571
0.403055870109571
0.403055870109571
0.403081388857876
0.403081388857876
0.403081388857876
0.403055870109571
0.403055870109571
0.403055870109571
0.403055870109571
0.403055870109571
0.403055870109571
0.403055870109571
0.403055870109571
0.403055870109571
0.403055870109571
0.403055870109571
0.403055870109571
0.403055870109571
0.403055870109571
0.403055870109571
0.403055870109571
0.403055870109571
0.403055870109571
0.403055870109571
0.403055870109571
0.403055870109571
0.403055870109571
0.403055870109571
0.403055870109571
0.403055870109571
0.403055870109571
0.403055870109571
0.403055870109571
0.403055870109571
0.403055870109571
0.403055870109571
0.403055870109571
0.403055870109571
0.403055870109571
0.403055870109571
0.403055870109571
0.403055870109571
0.403055870109571
0.403055870109571
0.403055870109571
0.403055870109571
0.403055870109571
0.403055870109571
0.403055870109571
0.403055870109571
0.403055870109571
0.403055870109571
0.403055870109571
0.403055870109571
0.403055870109571
0.403055870109571
0.403055870109571
0.403055870109571
0.403055870109571
0.403055870109571
0.403055870109571
0.403055870109571
0.403055870109571
0.403055870109571
0.403055870109571
0.403055870109571
0.403055870109571
0.403055870109571
0.403055870109571
0.403055870109571
0.403055870109571
0.403055870109571
0.403055870109571
0.403055870109571
0.403055870109571
0.403055870109571
0.403055870109571
0.403055870109571
0.403055870109571
0.403055870109571
0.403055870109571
0.403055870109571
0.403055870109571
0.403055870109571
0.403055870109571
0.403055870109571
0.403055870109571