0.0527504425907909
0.0531587425636773
0.0531587425636773
0.0531587425636773
0.0531587425636773
0.0531587425636773
0.0531587425636773
0.0531587425636773
0.0527504425907909
0.0527504425907909
0.0527504425907909
0.0525718113526532
0.0524697363594316
0.0524697363594316
0.052495255107737
0.052495255107737
0.052495255107737
0.0520869551348506
0.0520869551348506
0.0520869551348506
0.0520869551348506
0.0520869551348506
0.0522911051212938
0.0522911051212938
0.052240067624683
0.052240067624683
0.052240067624683
0.052242301883073
0.052242301883073
0.052242301883073
0.052242301883073
0.052242301883073
0.0522933393796838
0.0528246382637352
0.0528246382637352
0.0530181174118224
0.0530181174118224
0.0530181174118224
0.0528246382637352
0.0528246382637352
0.0528246382637352
0.0528246382637352
0.0528246382637352
0.0528185920403575
0.0529543715847747
0.0529543715847747
0.0529543715847747
0.0529543715847747
0.0529543715847747
0.0527752376971215
0.0527752376971215
0.0527752376971215
0.0528173965982426
0.0528173965982426
0.0528173965982426
0.0528173965982426
0.0528412071850248
0.0528412071850248
0.0528412071850248
0.0528412071850248
0.0528412071850248
0.0528412071850248
0.0528412071850248
0.0528412071850248
0.0528412071850248
0.0528173965982426
0.0528173965982426
0.0528173965982426
0.0527697754246783
0.0525792907304211
0.0525792907304211
0.0525792907304211
0.052555480143639
0.052555480143639
0.052555480143639
0.0527272651888469
0.0525413834851249
0.0525345875862386
0.0525345875862386
0.0525345875862386
0.0525345875862386
0.0525345875862386
0.0525345875862386
0.0525345875862386
0.0525345875862386
0.0525345875862386
0.0525345875862386
0.0527182502209365
0.0527182502209365
0.0532286251870444
0.0532286251870444
0.0525382706922825
0.0534122878217423
0.0534122878217423
0.0534122878217423
0.0534122878217423