0.00389703397210464
0.00389703397210464
0.00389703397210464
0.00389703397210464
0.00389703397210464
0.00389703397210464
0.00389703397210464
0.00389703397210464
0.00389703397210464
0.00389703397210464
0.00389703397210464
0.00381170523136783
0.00381326142631507
0.00381326142631507
0.00381326142631507
0.00381326142631507
0.00381326142631507
0.00381326142631507
0.00381326142631507
0.00381329949457039
0.00381326142631507
0.00381062021679473
0.00368443389105432
0.00368443389105432
0.00368443389105432
0.00368443389105432
0.00368443389105432
0.00368443389105432
0.00368443389105432
0.00368443389105432
0.00368443389105432
0.00368443389105432
0.00368380583857212
0.00368380583857212
0.00368379634323117
0.00368379634323117
0.00377753200596218
0.00377753200596218
0.00368383434462383
0.00372004105128039
0.0037235833288713
0.00372354532747864
0.00376672250981982
0.00377753200596218
0.00377753200596218
0.00377753200596218
0.00377753200596218
0.00377753200596218
0.00377753200596218
0.00377753200596218
0.00377491820139113
0.00377491820139113
0.00377491820139113
0.00377491820139113
0.00377491820139113
0.00377491820139113
0.00377491820139113
0.00377884028622933
0.00377491820139113
0.00377491820139113
0.00377491820139113
0.00377491820139113
0.00377491820139113
0.00377491820139113
0.00377491820139113
0.00377491820139113
0.00377491820139113
0.00377491820139113
0.00377491820139113
0.00377491820139113
0.00377491820139113
0.00377491820139113
0.00377491820139113
0.00377491820139113
0.00377491820139113
0.00377491820139113
0.00377491820139113
0.00377491820139113
0.00377491820139113
0.00377491820139113
0.00377491820139113
0.00377491820139113
0.00377511996130854
0.00377511996130854
0.00377511996130854
0.00374271424169903
0.00374246662261073
0.00374246662261073
0.00374246662261073
0.00374246662261073
0.00377487234222024
0.00377487234222024
0.00377487234222024
0.00377487234222024
0.00377487234222024
0.00377487234222024