0.00598704163220292
0.00600909842845327
0.00600909842845327
0.00600909842845327
0.00600909842845327
0.00603115522470361
0.00603115522470361
0.00609181141439206
0.00603115522470361
0.00603115522470361
0.00603115522470361
0.00591248175577058
0.00585172563020664
0.00585172563020664
0.00585172563020664
0.00585172563020664
0.00585172563020664
0.00585172563020664
0.00590041112193011
0.00590041112193011
0.00590041112193011
0.00593951024379696
0.00590167036056003
0.00589085896534948
0.00589085896534948
0.00589085896534948
0.00589085896534948
0.00590167036056003
0.00590167036056003
0.00590167036056003
0.00616114384561328
0.00616114384561328
0.00614114499587888
0.00614114499587888
0.0058871218365334
0.00590874082881812
0.00590874082881812
0.00590874082881812
0.00619789485062628
0.00619789485062628
0.00619789485062628
0.00619789485062628
0.00602224053831291
0.00601143104217055
0.00601143104217055
0.00601143104217055
0.00601143104217055
0.00601143104217055
0.00601143104217055
0.00589793133267576
0.00590459216051633
0.00590459216051633
0.00590459216051633
0.00590459216051633
0.00590459216051633
0.00590459216051633
0.00602881408568612
0.00593244393982401
0.00602341313241787
0.00602341313241787
0.00580197404841955
0.00580197404841955
0.00583437976802906
0.00584518167456556
0.00584518167456556
0.00584518167456556
0.00584518167456556
0.00584518167456556
0.00584518167456556
0.00584518167456556
0.00584518167456556
0.00584518167456556
0.00584518167456556
0.00546171399251968
0.00546171399251968
0.00548331780559269
0.00548331780559269
0.00546171399251968
0.00546171399251968
0.00541850636637367
0.00541850636637367
0.00541850636637367
0.00578577118861479
0.0058073750016878
0.0058073750016878
0.0057965730951513
0.0057965730951513
0.0057965730951513
0.0057965730951513
0.0057965730951513
0.00590999311378458
0.0058181769082243
0.00579657309515129
0.00578577118861479
0.00578577118861479
0.00578577118861479
