6.06561896884478e-05
6.06561896884478e-05
6.06561896884478e-05
6.06561896884478e-05
6.06561896884478e-05
6.06561896884478e-05
6.06561896884478e-05
6.06561896884478e-05
6.06561896884478e-05
6.06561896884478e-05
6.06561896884478e-05
5.94626736580356e-05
5.95044898842367e-05
5.95044898842367e-05
5.95044898842367e-05
5.95044898842367e-05
5.95044898842367e-05
5.95044898842367e-05
5.95044898842367e-05
5.95044898842367e-05
5.95044898842367e-05
5.94626736580356e-05
5.94626736580356e-05
5.94626736580356e-05
4.86512784474836e-05
5.94626736580356e-05
5.94626736580356e-05
5.94626736580356e-05
5.94626736580356e-05
5.94626736580356e-05
5.94626736580356e-05
5.94626736580356e-05
5.94522287829859e-05
5.94522287829859e-05
5.94522287829859e-05
5.94522287829859e-05
5.94522287829859e-05
5.94522287829859e-05
5.94522287829859e-05
4.86427326406248e-05
5.94522287829859e-05
5.94522287829859e-05
5.94522287829859e-05
5.94522287829859e-05
5.94522287829859e-05
5.94522287829859e-05
5.94522287829859e-05
5.94522287829859e-05
5.94522287829859e-05
5.94522287829859e-05
5.94104859507703e-05
5.94104859507703e-05
5.94104859507703e-05
5.94104859507703e-05
5.94104859507703e-05
5.94104859507703e-05
5.94104859507703e-05
5.94731222037495e-05
5.94104859507703e-05
5.94104859507703e-05
5.94104859507703e-05
5.94104859507703e-05
5.94104859507703e-05
5.94104859507703e-05
5.94104859507703e-05
5.94104859507703e-05
5.94104859507703e-05
5.94104859507703e-05
5.94104859507703e-05
5.94104859507703e-05
5.94104859507703e-05
5.94104859507703e-05
5.94104859507703e-05
5.94104859507703e-05
5.94104859507703e-05
5.94104859507703e-05
5.94104859507703e-05
5.94104859507703e-05
5.94104859507703e-05
5.94104859507703e-05
5.94104859507703e-05
5.94104859507703e-05
5.94104859507703e-05
5.94104859507703e-05
5.94104859507703e-05
5.94104859507703e-05
5.94104859507703e-05
5.94104859507703e-05
5.94104859507703e-05
5.94104859507703e-05
5.94104859507703e-05
5.94104859507703e-05
5.94104859507703e-05
5.94104859507703e-05
5.94104859507703e-05
5.94104859507703e-05
