2.20567962503446e-05
2.20567962503446e-05
2.20567962503446e-05
2.20567962503446e-05
2.20567962503446e-05
2.20567962503446e-05
2.20567962503446e-05
2.20567962503446e-05
2.20567962503446e-05
2.20567962503446e-05
2.20567962503446e-05
2.16227904211038e-05
2.16379963215406e-05
2.16379963215406e-05
2.16379963215406e-05
2.16379963215406e-05
2.16379963215406e-05
2.16379963215406e-05
2.16379963215406e-05
2.16379963215406e-05
2.16379963215406e-05
2.16227904211038e-05
2.16227904211038e-05
2.16227904211038e-05
2.16227904211038e-05
2.16227904211038e-05
2.16227904211038e-05
2.16227904211038e-05
2.16227904211038e-05
2.16227904211038e-05
2.16227904211038e-05
2.16227904211038e-05
2.16189922847221e-05
2.16189922847221e-05
2.16189922847221e-05
2.16189922847221e-05
2.16189922847221e-05
2.16189922847221e-05
2.16189922847221e-05
2.16189922847221e-05
2.16189922847221e-05
2.16189922847221e-05
1.08094961423611e-05
1.08094961423611e-05
1.08094961423611e-05
1.08094961423611e-05
1.08094961423611e-05
1.08094961423611e-05
1.08094961423611e-05
1.08094961423611e-05
1.08019065365037e-05
1.08019065365037e-05
1.08019065365037e-05
1.08019065365037e-05
1.08019065365037e-05
1.08019065365037e-05
1.08019065365037e-05
1.08132949461363e-05
1.08019065365037e-05
1.08019065365037e-05
1.08019065365037e-05
1.08019065365037e-05
1.08019065365037e-05
1.08019065365037e-05
1.08019065365037e-05
1.08019065365037e-05
1.08019065365037e-05
1.08019065365037e-05
1.08019065365037e-05
1.08019065365037e-05
1.08019065365037e-05
1.08019065365037e-05
1.08019065365037e-05
1.08019065365037e-05
1.08019065365037e-05
1.08019065365037e-05
1.08019065365037e-05
1.08019065365037e-05
1.08019065365037e-05
1.08019065365037e-05
1.08019065365037e-05
1.08019065365037e-05
1.08019065365037e-05
1.08019065365037e-05
1.08019065365037e-05
1.08019065365037e-05
1.08019065365037e-05
1.08019065365037e-05
1.08019065365037e-05
1.08019065365037e-05
1.08019065365037e-05
1.08019065365037e-05
1.08019065365037e-05
1.08019065365037e-05
1.08019065365037e-05
1.08019065365037e-05
