0.000716845878136201
0.000716845878136201
0.000716845878136201
0.000716845878136201
0.000716845878136201
0.000716845878136201
0.000716845878136201
0.000716845878136201
0.000716845878136201
0.000716845878136201
0.000716845878136201
0.000702748291636093
0.0
0.0
0.0
0.0
0.0
0.0
0.0
0.0
0.0
0.000702740688685875
0.000702740688685875
0.000702740688685875
0.000702740688685875
0.000702740688685875
0.000702740688685875
0.000702740688685875
0.000702740688685875
0.000702740688685875
0.000702740688685875
0.000702740688685875
0.000702617249253469
0.000702617249253469
0.000702617249253469
0.000702617249253469
0.000702617249253469
0.000702617249253469
0.000702624849532001
0.000702624849532001
0.000702624849532001
0.000702617249253469
0.000702617249253469
0.000702617249253469
0.000702617249253469
0.000702617249253469
0.000702617249253469
0.000702617249253469
0.000702617249253469
0.000702617249253469
0.00070212392487274
0.00070212392487274
0.00070212392487274
0.00070212392487274
0.00070212392487274
0.00070212392487274
0.00070212392487274
0.000702864171498858
0.00070212392487274
0.00070212392487274
0.00070212392487274
0.00070212392487274
0.00070212392487274
0.00070212392487274
0.00070212392487274
0.00070212392487274
0.00070212392487274
0.00070212392487274
0.00070212392487274
0.00070212392487274
0.00070212392487274
0.00070212392487274
0.00070212392487274
0.00070212392487274
0.00070212392487274
0.00070212392487274
0.00070212392487274
0.00070212392487274
0.00070212392487274
0.00070212392487274
0.00070212392487274
0.00070212392487274
0.00070212392487274
0.00070212392487274
0.00070212392487274
0.00070212392487274
0.00070212392487274
0.00070212392487274
0.00070212392487274
0.00070212392487274
0.00070212392487274
0.00070212392487274
0.00070212392487274
0.00070212392487274
0.00070212392487274
0.00070212392487274