0.0139660132330874
0.0139549848349622
0.0139549848349622
0.0139549848349622
0.0139549848349622
0.0139329280387119
0.0139329280387119
0.0142748083805922
0.0139862319629836
0.0139329280387119
0.0139329280387119
0.0139759412206232
0.0132044753230312
0.0131938692074765
0.0131938692074765
0.0131938692074765
0.0131938692074765
0.0131938692074765
0.0131938692074765
0.0131938692074765
0.0131938692074765
0.0139806765342243
0.0139698651390138
0.0139698651390138
0.0139698651390138
0.0139698651390138
0.0139698651390138
0.0139698651390138
0.0139698651390138
0.0139698651390138
0.0149176641191388
0.0149556642277106
0.0149609616260977
0.0149609616260977
0.0139376094840448
0.0138996160786145
0.0138996160786145
0.0138996160786145
0.0149940553965524
0.0150048648926948
0.0150048648926948
0.0150048648926948
0.0139428540631839
0.0139428540631839
0.0139212350708992
0.0139212350708992
0.0139212350708992
0.0139212350708992
0.0139212350708992
0.0139104255747569
0.0139645320921748
0.0139645320921748
0.0139645320921748
0.0139645320921748
0.0139645320921748
0.0139645320921748
0.0162977106550018
0.0162700941438997
0.016281507795197
0.016281507795197
0.01394832923237
0.01394832923237
0.0140023387650525
0.0140023387650525
0.0140185416248573
0.0140185416248573
0.0139645320921748
0.0139645320921748
0.0139645320921748
0.0139645320921748
0.0139645320921748
0.0139645320921748
0.0139645320921748
0.0129950609805236
0.0129950609805236
0.012941051447841
0.012941051447841
0.012941051447841
0.012941051447841
0.012941051447841
0.012941051447841
0.012941051447841
0.0137215841072396
0.0137647917333856
0.0137647917333856
0.0137647917333856
0.013764593638115
0.0146152437778646
0.0145936399647916
0.0145936399647916
0.0145828380582551
0.0145828380582551
0.0145828380582551
0.0145828380582551
0.0145396304321091
0.0145828380582551