3.3085194375517e-05
3.3085194375517e-05
3.3085194375517e-05
2.20567962503446e-05
2.20567962503446e-05
2.20567962503446e-05
2.20567962503446e-05
2.20567962503446e-05
2.20567962503446e-05
2.20567962503446e-05
2.20567962503446e-05
2.16227904211038e-05
2.16379963215406e-05
2.16379963215406e-05
2.16379963215406e-05
2.16379963215406e-05
2.16379963215406e-05
2.16379963215406e-05
2.16379963215406e-05
2.16379963215406e-05
2.16379963215406e-05
2.16227904211038e-05
2.16227904211038e-05
2.16227904211038e-05
2.16227904211038e-05
2.16227904211038e-05
2.16227904211038e-05
2.16227904211038e-05
2.16227904211038e-05
2.16227904211038e-05
2.16227904211038e-05
2.16227904211038e-05
2.16189922847221e-05
2.16189922847221e-05
2.16189922847221e-05
2.16189922847221e-05
2.16189922847221e-05
2.16189922847221e-05
2.16189922847221e-05
2.16189922847221e-05
2.16189922847221e-05
2.16189922847221e-05
2.16189922847221e-05
2.16189922847221e-05
2.16189922847221e-05
2.16189922847221e-05
2.16189922847221e-05
2.16189922847221e-05
2.16189922847221e-05
2.16189922847221e-05
2.16038130730074e-05
2.16038130730074e-05
2.16038130730074e-05
2.16038130730074e-05
2.16038130730074e-05
3.24057196095111e-05
3.24057196095111e-05
3.24398848384088e-05
3.24057196095111e-05
3.24057196095111e-05
2.16038130730074e-05
2.16038130730074e-05
2.16038130730074e-05
2.16038130730074e-05
2.16038130730074e-05
2.16038130730074e-05
2.16038130730074e-05
2.16038130730074e-05
2.16038130730074e-05
2.16038130730074e-05
2.16038130730074e-05
2.16038130730074e-05
2.16038130730074e-05
2.16038130730074e-05
2.16038130730074e-05
2.16038130730074e-05
2.16038130730074e-05
2.16038130730074e-05
2.16038130730074e-05
2.16038130730074e-05
2.16038130730074e-05
2.16038130730074e-05
2.16038130730074e-05
2.16038130730074e-05
2.16038130730074e-05
2.16038130730074e-05
2.16038130730074e-05
2.16038130730074e-05
2.16038130730074e-05
2.16038130730074e-05
2.16038130730074e-05
2.16038130730074e-05
2.16038130730074e-05
2.16038130730074e-05
2.16038130730074e-05
2.16038130730074e-05