0.0014336917562724
0.0014336917562724
0.0014336917562724
0.0014336917562724
0.0014336917562724
0.0014336917562724
0.0014336917562724
0.0014336917562724
0.0014336917562724
0.0014336917562724
0.0014336917562724
0.0014060221464356
0.00140657667462736
0.00140657667462736
0.00140648498820227
0.00140648498820227
0.00140648498820227
0.00140648498820227
0.00140648498820227
0.00140648498820227
0.00140648498820227
0.00140549658327219
0.00140549658327219
0.00140549658327219
0.00140549658327219
0.00140549658327219
0.00140549658327219
0.00140549658327219
0.00140549658327219
0.00140549658327219
0.00140549658327219
0.00140549658327219
0.00140525349720038
0.00140525349720038
0.001405249699064
0.001405249699064
0.001405249699064
0.001405249699064
0.0014052953221256
0.0014052953221256
0.00140528010017813
0.00140526489962107
0.001405249699064
0.001405249699064
0.001405249699064
0.001405249699064
0.001405249699064
0.001405249699064
0.001405249699064
0.001405249699064
0.00140426302895719
0.00140426302895719
0.00140426302895719
0.00140426302895719
0.00140426302895719
0.00140426302895719
0.00140426302895719
0.00140574355424434
0.00140426302895719
0.00140426302895719
0.00140426302895719
0.00140426302895719
0.00140426302895719
0.00140426302895719
0.00140426302895719
0.00140426302895719
0.00140426302895719
0.00140426302895719
0.00140426302895719
0.00140426302895719
0.00140426302895719
0.00140426302895719
0.00140426302895719
0.00140426302895719
0.00140426302895719
0.00140429340872597
0.00140429340872597
0.00140429340872597
0.00140426302895719
0.00140426302895719
0.00140426302895719
0.00140426302895719
0.00140433913892046
0.00140433913892046
0.00140433913892046
0.00140433913892046
0.00140426302895719
0.00140426302895719
0.00140426302895719
0.00140426302895719
0.00140426302895719
0.00140426302895719
0.00140426302895719
0.00140426302895719
0.00140426302895719
0.00140426302895719
