0.00244847103439346
0.00244847103439346
0.00244847103439346
0.00244847103439346
0.00244847103439346
0.00244847103439346
0.00244847103439346
0.00244847103439346
0.00244847103439346
0.00244847103439346
0.00244847103439346
0.00240159189908217
0.00240260616217504
0.00240260616217504
0.00240260616217504
0.00240260616217504
0.00240260616217504
0.00240260616217504
0.00239178716401427
0.00239178716401427
0.00239178716401427
0.00239012949512775
0.00239012949512775
0.00240094089033831
0.00240094089033831
0.00240094089033831
0.00240094089033831
0.00241175228554886
0.00241175228554886
0.00241175228554886
0.00241175228554886
0.00241175228554886
0.00241134013139119
0.00241134013139119
0.00240052493804425
0.00241133443418662
0.00241133443418662
0.00241133443418662
0.00241135723502221
0.00241135723502221
0.00241135723502221
0.00240052493804425
0.00240052493804425
0.00240052493804425
0.00240052493804425
0.00240052493804425
0.00240052493804425
0.00240052493804425
0.00240052493804425
0.00240052493804425
0.00239886258921774
0.00239886258921774
0.00239886258921774
0.00239886258921774
0.00239886258921774
0.00239886258921774
0.00239886258921774
0.00241217028376744
0.00240966449575424
0.00240966449575424
0.00240966449575424
0.00240966449575424
0.00240966449575424
0.00240966449575424
0.00240966449575424
0.00240966449575424
0.00240966449575424
0.00240966449575424
0.00240966449575424
0.00240966449575424
0.00240966449575424
0.00240966449575424
0.00240966449575424
0.00240966449575424
0.00240966449575424
0.00240966449575424
0.00240966449575424
0.00240966449575424
0.00240966449575424
0.00240966449575424
0.00240966449575424
0.00240966449575424
0.0024096415661688
0.0024096415661688
0.0024096415661688
0.0024096415661688
0.00240916156476742
0.00240916156476742
0.00240916156476742
0.00240916156476742
0.00239835965823092
0.00239835965823092
0.00240916156476742
0.00240916156476742
0.00240916156476742
0.00240916156476742