8.82271850013785e-05
8.82271850013785e-05
8.82271850013785e-05
8.82271850013785e-05
8.82271850013785e-05
8.82271850013785e-05
8.82271850013785e-05
8.82271850013785e-05
8.82271850013785e-05
8.82271850013785e-05
8.82271850013785e-05
8.64911616844154e-05
8.65519852861625e-05
8.65519852861625e-05
8.65519852861625e-05
8.65519852861625e-05
8.65519852861625e-05
8.65519852861625e-05
8.65519852861625e-05
8.65519852861625e-05
8.65519852861625e-05
8.64911616844154e-05
8.64911616844154e-05
8.64911616844154e-05
8.64911616844154e-05
8.64911616844154e-05
8.64911616844154e-05
8.64911616844154e-05
8.64911616844154e-05
8.64911616844154e-05
8.64911616844154e-05
8.64911616844154e-05
8.64759691388885e-05
8.64759691388885e-05
8.64759691388885e-05
8.64759691388885e-05
8.64759691388885e-05
8.64759691388885e-05
8.64759691388885e-05
8.64759691388885e-05
8.64759691388885e-05
8.64759691388885e-05
8.64759691388885e-05
8.64759691388885e-05
8.64759691388885e-05
8.64759691388885e-05
8.64759691388885e-05
8.64759691388885e-05
8.64759691388885e-05
8.64759691388885e-05
8.64152522920295e-05
8.64152522920295e-05
8.64152522920295e-05
8.64152522920295e-05
8.64152522920295e-05
8.64152522920295e-05
8.64152522920295e-05
8.65063595690902e-05
8.64152522920295e-05
8.64152522920295e-05
8.64152522920295e-05
8.64152522920295e-05
8.64152522920295e-05
8.64152522920295e-05
8.64152522920295e-05
8.64152522920295e-05
8.64152522920295e-05
8.64152522920295e-05
8.64152522920295e-05
8.64152522920295e-05
8.64152522920295e-05
8.64152522920295e-05
8.64152522920295e-05
8.64152522920295e-05
8.64152522920295e-05
8.64152522920295e-05
8.64152522920295e-05
8.64152522920295e-05
8.64152522920295e-05
8.64152522920295e-05
8.64152522920295e-05
8.64152522920295e-05
8.64152522920295e-05
8.64152522920295e-05
8.64152522920295e-05
8.64152522920295e-05
8.64152522920295e-05
8.64152522920295e-05
8.64152522920295e-05
8.64152522920295e-05
8.64152522920295e-05
8.64152522920295e-05
8.64152522920295e-05
8.64152522920295e-05
8.64152522920295e-05
8.64152522920295e-05
