0.000201708623552515
0.000201708623552515
0.000201718274391875
0.000201017306498379
0.000200999574826199
0.000200893126444874
0.000200077819271009
0.000200074068125048
0.000199845227821341
0.000199845227821341
0.000199726877577936
0.000199669389614125
0.000199677977854682
0.000199168455035596
0.000199134546915485
0.000199070625343993
0.000198429695489409
0.000198429695489409
0.000198429695489409
0.000198393615899292
0.000198393615899292
0.000198366081792696
0.000198366081792696
0.000198348851903939
0.000198348851903939
0.000198165029898364
0.000198165029898364
0.00019816111738347
0.000196652843778856
0.000196652843778856
0.000196652843778856
0.0001965334057908
0.000196481998623668
0.000196481998623668
0.00019638650724303
0.000196282507018402
0.000196286983835951
0.000196258350156082
0.000196257059486271
0.000196003826400482
0.000195019774269721
0.000194891091804504
0.000194900892085088
0.000194879042616004
0.000194780396108945
0.000194780396108945
0.000194732798809483
0.00019462669095969
0.000192714951392665
0.000191401244688073
0.000182310908361472
0.000187483690463266
0.00018744017995683
0.00019252138667087
0.000188552019515271
0.000188534146965115
0.000188535339308426
0.000188434116650256
0.000188399178027114
0.000188394075019899
0.000188401503732545
0.000188384438943791
0.000188349577691138
0.000188338696605355
0.000187850037709848
0.000187831808177799
0.00018778323117897
0.000187103287343154
0.000186289939256519
0.00018621713255342
0.000186196447633503
0.000186197740887053
0.000186197740887053
0.000185953624450657
0.00018590836576058
0.000185757050591133
0.000185716180061295
0.000185717276103237
0.000185702531343346
0.000185704745791229
0.000185705038450825
0.000189535913001177
0.000185660787895871
0.000185626210235443
0.000185612201695694
0.000211866658864597
0.000211920283621488
0.00021176667670396
0.000211725392943317
0.000211671302319408
0.00021060691466815
0.000210529343085866
0.000206564886908831
0.000184426453962688
0.000183629166082616
0.000182912370285271
