0.165804785308813
0.165804785308813
0.165804880740175
0.16672487565622
0.166751569383324
0.166751569383324
0.167806997098091
0.167822997535603
0.167884121666115
0.169130110794033
0.169130110794033
0.169102341324334
0.169102341324334
0.169102341324334
0.169102304731547
0.169131565832392
0.170019930729497
0.170019897912988
0.170019897912988
0.170019897912988
0.170019897912988
0.170019897912988
0.170019897912988
0.170019897912988
0.170019897912988
0.170046013050541
0.170046013050541
0.170045993487966
0.17014726134932
0.17014726134932
0.17014726134932
0.167977970424301
0.166589333008995
0.166240753376791
0.166310331321639
0.170306061201165
0.170294394614633
0.170286037432416
0.170255756065598
0.17042142390131
0.171500621453976
0.17172824237133
0.171726655054591
0.171707380863761
0.171651485331204
0.171640697088231
0.171648116648713
0.171644857941471
0.171547635638871
0.170608766500409
0.172301028681949
0.172316552940855
0.172235482505294
0.172236862146145
0.173971395388247
0.174058168836318
0.174062137853053
0.174091389940372
0.174118625059603
0.174118599544567
0.17411863668813
0.174801560122471
0.174801485354806
0.174801383045714
0.175449803680899
0.175468161281162
0.175476964824001
0.176132297183883
0.176194978107042
0.176178322501033
0.176215782674925
0.176231444285043
0.176231444285043
0.17652926277336
0.176543646188908
0.176725591285523
0.17675678796569
0.176753804539522
0.176780566139924
0.176787985534178
0.176780590795445
0.176780590795445
0.17675333148041
0.176773205645517
0.17745048478241
0.177443070205119
0.177215552068946
0.177241976702377
0.177316676469284
0.17734148730851
0.178415147056534
0.17836086363021
0.17836234898898
0.1783523932756
0.179102311767136
0.180176675585421
