2.77636645816155e-06
2.77636645816155e-06
2.77636645816155e-06
2.76611399709005e-06
2.76611399709005e-06
2.76611399709005e-06
2.7559369772332e-06
2.7559369772332e-06
2.7559369772332e-06
2.7559369772332e-06
2.7559369772332e-06
2.7559369772332e-06
2.7559369772332e-06
2.7559369772332e-06
2.7559369772332e-06
2.7559369772332e-06
2.74717727534958e-06
2.74717727534958e-06
2.74717727534958e-06
2.74717727534958e-06
2.74717727534958e-06
2.74717727534958e-06
2.74717727534958e-06
2.74717727534958e-06
2.74717727534958e-06
2.74717727534958e-06
2.74717727534958e-06
2.74717727534958e-06
2.74717727534958e-06
2.74717727534958e-06
2.74717727534958e-06
2.74717727534958e-06
2.74717727534958e-06
2.74717727534958e-06
2.74717727534958e-06
2.74717727534958e-06
2.74717727534958e-06
2.74717727534958e-06
2.74717727534958e-06
2.74717727534958e-06
2.73847308217884e-06
2.73580595475524e-06
2.73580595475524e-06
2.73580595475524e-06
2.73580595475524e-06
2.69706074320206e-06
2.73580595475524e-06
2.73580595475524e-06
2.70876447834614e-06
2.69060226441087e-06
2.67586450492493e-06
2.67522739432852e-06
2.67522739432852e-06
2.67522739432852e-06
2.66444274512207e-06
2.65751065661773e-06
2.65751065661773e-06
2.53518841520302e-06
2.65751065661773e-06
2.65751065661773e-06
2.65751065661773e-06
2.65751065661773e-06
2.65751065661773e-06
2.65751065661773e-06
2.65061454498225e-06
2.65061454498225e-06
2.65061454498225e-06
2.64375413086583e-06
2.63692913780328e-06
2.63692913780328e-06
2.63692913780328e-06
2.63692913780328e-06
2.63692913780328e-06
2.63692913780328e-06
2.63692913780328e-06
2.63569201411677e-06
2.63569201411677e-06
2.63569201411677e-06
2.63569201411677e-06
2.63569201411677e-06
2.63569201411677e-06
2.63569201411677e-06
2.63569201411677e-06
2.63569201411677e-06
2.63569201411677e-06
2.63569201411677e-06
2.63569201411677e-06
2.63569201411677e-06
2.63569201411677e-06
2.63569201411677e-06
2.62522314396724e-06
2.62522314396724e-06
2.62522314396724e-06
2.62522314396724e-06
2.62522314396724e-06
2.6057409685018e-06
