0.285478810369069
0.285478810369069
0.285478810369069
0.285469461756037
0.285469461756037
0.285469461756037
0.285464158153219
0.285464158153219
0.285464158153219
0.285464158153219
0.285464158153219
0.285464158153219
0.285464158153219
0.285464158153219
0.285464158153219
0.285464158153219
0.285462757535632
0.285464546035397
0.285464546035397
0.285464546035397
0.285464546035397
0.285464546035397
0.285464546035397
0.285464546035397
0.285464546035397
0.285464546035397
0.285464546035397
0.285464546035397
0.2854121633935
0.2854121633935
0.2854121633935
0.2854121633935
0.292397631322647
0.290211589109827
0.2899691472627
0.285959568231049
0.285457720890297
0.285457720890297
0.285459169244153
0.285622766457635
0.285616955846285
0.285615489193624
0.286148009977552
0.285614397888912
0.285614397888912
0.286156507098296
0.285614397888912
0.285616447680045
0.28568255437509
0.285755172765643
0.285753927656281
0.285753927656281
0.285757992363871
0.280122720564442
0.285762800922005
0.28575228792004
0.285753922554855
0.2862711240463
0.28576311195325
0.28576311195325
0.28576311195325
0.285763979571489
0.285763979571489
0.285768381005104
0.285761322311599
0.285762875954199
0.285764421098244
0.285767380156078
0.285759798267672
0.28561041460231
0.28561041460231
0.28561041460231
0.28561041460231
0.285618811122317
0.285621413472849
0.285623561761765
0.285623561761765
0.285623561761765
0.285623561761765
0.285623561761765
0.285623561761765
0.285621135779232
0.285624391162878
0.285624391162878
0.285624391162878
0.285624391162878
0.285624391162878
0.285625870759689
0.285626077686803
0.285626181087028
0.285628355991144
0.285632016058964
0.285632016058964
0.285633653382784
0.285622879389805
0.285615996801395
