0.502564102564103
0.492307692307692
0.492307692307692
0.492307692307692
0.492307692307692
0.492307692307692
0.492307692307692
0.492307692307692
0.502564102564103
0.502564102564103
0.502564102564103
0.502564102564103
0.502564102564103
0.502564102564103
0.502564102564103
0.502564102564103
0.502564102564103
0.502564102564103
0.502564102564103
0.502564102564103
0.502564102564103
0.502564102564103
0.502564102564103
0.502564102564103
0.502564102564103
0.502564102564103
0.502564102564103
0.502564102564103
0.502564102564103
0.502564102564103
0.502564102564103
0.502564102564103
0.502564102564103
0.502564102564103
0.502564102564103
0.502564102564103
0.502564102564103
0.502564102564103
0.502564102564103
0.502564102564103
0.502564102564103
0.502564102564103
0.502564102564103
0.502564102564103
0.502564102564103
0.502564102564103
0.502564102564103
0.502564102564103
0.502564102564103
0.502564102564103
0.502564102564103
0.502564102564103
0.502564102564103
0.502564102564103
0.502564102564103
0.502564102564103
0.502564102564103
0.502564102564103
0.502564102564103
0.502564102564103
0.502564102564103
0.502564102564103
0.502564102564103
0.502564102564103
0.502564102564103
0.502564102564103
0.502564102564103
0.502564102564103
0.502564102564103
0.502564102564103
0.502564102564103
0.502564102564103
0.502564102564103
0.502564102564103
0.502564102564103
0.502564102564103
0.502564102564103
0.502564102564103
0.502564102564103
0.502564102564103
0.502564102564103
0.502564102564103
0.502564102564103
0.502564102564103
0.502564102564103
0.502564102564103
0.502564102564103
0.502564102564103
0.502564102564103
0.502564102564103
0.502564102564103
0.502564102564103
0.502564102564103
0.502564102564103
0.502564102564103
0.502564102564103