0.0905982905982906
0.0905982905982906
0.0905982905982906
0.0905982905982906
0.0905982905982906
0.0905982905982906
0.0905982905982906
0.0905982905982906
0.0905982905982906
0.0905982905982906
0.0905982905982906
0.0905982905982906
0.0905982905982906
0.0905982905982906
0.0905982905982906
0.0905982905982906
0.0905982905982906
0.0905982905982906
0.0905982905982906
0.0905982905982906
0.0905982905982906
0.0905982905982906
0.0905982905982906
0.0905982905982906
0.0905982905982906
0.0905982905982906
0.0905982905982906
0.0905982905982906
0.0905982905982906
0.0905982905982906
0.0905982905982906
0.0803418803418803
0.0803418803418803
0.0803418803418803
0.0803418803418803
0.0803418803418803
0.0803418803418803
0.0803418803418803
0.0803418803418803
0.0803418803418803
0.0803418803418803
0.0803418803418803
0.0803418803418803
0.0803418803418803
0.0803418803418803
0.0803418803418803
0.0803418803418803
0.0803418803418803
0.0803418803418803
0.0803418803418803
0.0803418803418803
0.0803418803418803
0.0803418803418803
0.0803418803418803
0.0803418803418803
0.0803418803418803
0.0803418803418803
0.0803418803418803
0.0803418803418803
0.0803418803418803
0.0803418803418803
0.0803418803418803
0.0803418803418803
0.0803418803418803
0.0803418803418803
0.0803418803418803
0.0803418803418803
0.0803418803418803
0.0803418803418803
0.0803418803418803
0.0803418803418803
0.0803418803418803
0.0803418803418803
0.0803418803418803
0.0803418803418803
0.0803418803418803
0.0803418803418803
0.0803418803418803
0.0905982905982906
0.0905982905982906
0.0905982905982906
0.0803418803418803
0.0803418803418803
0.0803418803418803
0.0854700854700855
0.0905982905982906
0.0803418803418803
0.0803418803418803
0.0803418803418803
0.0803418803418803
0.0803418803418803
0.0803418803418803
0.0803418803418803
0.0803418803418803
0.0803418803418803
0.0803418803418803