0.25544922913344
0.25544922913344
0.25544922913344
0.25544922913344
0.25544922913344
0.25544922913344
0.25544922913344
0.25544922913344
0.25544922913344
0.25544922913344
0.25544922913344
0.25544922913344
0.25544922913344
0.25544922913344
0.25544922913344
0.25544922913344
0.25544922913344
0.25544922913344
0.25544922913344
0.25544922913344
0.25544922913344
0.25544922913344
0.25544922913344
0.25544922913344
0.25544922913344
0.25544922913344
0.25544922913344
0.25544922913344
0.25544922913344
0.25544922913344
0.25544922913344
0.25544922913344
0.25544922913344
0.25544922913344
0.25544922913344
0.25544922913344
0.25544922913344
0.25544922913344
0.25544922913344
0.25544922913344
0.25544922913344
0.25544922913344
0.25544922913344
0.25544922913344
0.25544922913344
0.25544922913344
0.25544922913344
0.25544922913344
0.25544922913344
0.25544922913344
0.25544922913344
0.25544922913344
0.25544922913344
0.25544922913344
0.25544922913344
0.25544922913344
0.25544922913344
0.25544922913344
0.25544922913344
0.25544922913344
0.25544922913344
0.25544922913344
0.25544922913344
0.25544922913344
0.25544922913344
0.25491759702286
0.25544922913344
0.25544922913344
0.25544922913344
0.25544922913344
0.25544922913344
0.25544922913344
0.25544922913344
0.25544922913344
0.25544922913344
0.25544922913344
0.25544922913344
0.25544922913344
0.25544922913344
0.25544922913344
0.25544922913344
0.25544922913344
0.25544922913344
0.25544922913344
0.25544922913344
0.25544922913344
0.25544922913344
0.25544922913344
0.25544922913344
0.25544922913344
0.25544922913344
0.25544922913344
0.25544922913344
0.25544922913344
0.25544922913344
0.25544922913344