0.0
0.0
0.0
0.0
0.0
0.0
0.0
0.0
0.0
0.0
0.0
0.0
0.0
0.0
0.0
0.0
0.0
0.0
0.0
0.0
0.0
0.0
0.0
0.0
0.0
0.0
0.0
0.0
0.0
0.0
0.0
0.0
0.0
0.0
0.0
0.0
0.0
0.0
0.0
0.0
0.0
0.0
0.0
0.0
0.0
0.0
0.0
0.0
0.0
0.0
0.0
0.0
0.0
0.0
0.0
0.0
0.0
0.0
0.0
0.0
0.0
0.0
0.0
0.0
0.0
0.0
0.0
0.0
0.0
0.0
0.0
0.0
0.0
0.0
0.0
0.000697771158577928
0.000697771158577928
0.000142651872764472
0.000142651872764472
0.00014194032025997
0.00014194032025997
0.00014194032025997
0.00014194032025997
0.00014194032025997
0.00014194032025997
0.00014194032025997
0.00014194032025997
0.00014194032025997
0.00014194032025997
0.000141910644091514
0.000142079081719991
0.000141910644091514
0.000141910644091514
0.000141910644091514
0.000141910644091514
0.000141910644091514