0.0506532289078263
0.0506532289078263
0.0506532289078263
0.0506532289078263
0.0506532289078263
0.0506532289078263
0.0506532289078263
0.0506532289078263
0.0506532289078263
0.0506532289078263
0.0506532289078263
0.0506532289078263
0.0506532289078263
0.0506532289078263
0.0506532289078263
0.0506532289078263
0.0506532289078263
0.0506532289078263
0.0506532289078263
0.0506529526830304
0.0506529526830304
0.0506529526830304
0.0506529526830304
0.0506529526830304
0.0507203422191532
0.0507203422191532
0.0505037683292109
0.0505037683292109
0.0505037683292109
0.0505037683292109
0.0505037683292109
0.0505037683292109
0.0505037683292109
0.0504351712249174
0.0504351712249174
0.0504351712249174
0.0504351712249174
0.0504336649137088
0.0504336649137088
0.0504336649137088
0.0504336649137088
0.0504336649137088
0.0622410819247171
0.0173959231538245
0.0620570419907822
0.0590513411033862
0.0622835629115398
0.0624950551882638
0.0632209050046185
0.0631077683500822
0.0640889024769324
0.0648881813040371
0.0648881813040371
0.0648881813040371
0.0648881813040371
0.0648881813040371
0.0648881813040371
0.0648881813040371
0.0648881813040371
0.0648881813040371
0.0648881813040371
0.0648881813040371
0.0648881813040371
0.0648881813040371
0.0663711305476581
0.0663711305476581
0.0651978902635582
0.0652037550049213
0.0648943166588371
0.0648940460454002
0.0648940460454002
0.0648940460454002
0.0766650187966614
0.0766650187966614
0.0767266074955665
0.0763274638743353
0.0763274638743353
0.0767245460642313
0.0767245460642313
0.0763391421302111
0.0763391421302111
0.0763391421302111
0.0763391421302111
0.0763391421302111
0.0763391421302111
0.0763391421302111
0.0763391421302111
0.0763391421302111
0.0763391421302111
0.0763313500627594
0.076708863493209
0.076333853739418
0.0763332570370296
0.076336896047432
0.076336896047432
0.076336896047432