0.0533807490973792
0.0533807490973792
0.0533807490973792
0.0533807490973792
0.0533807490973792
0.0533807490973792
0.0533807490973792
0.0533807490973792
0.0533807490973792
0.0533807490973792
0.0533807490973792
0.0533807490973792
0.0533807490973792
0.0533807490973792
0.0533807490973792
0.0533807490973792
0.0533807490973792
0.0533807490973792
0.0533807490973792
0.0589835833778166
0.0589835833778166
0.0589835833778166
0.0589835833778166
0.0589835833778166
0.0868290753021113
0.086831237049334
0.0868294626829049
0.0868294626829049
0.0868294626829049
0.0868294626829049
0.0868294626829049
0.0868294626829049
0.0868294626829049
0.0589797920816583
0.0589797920816583
0.0589797920816583
0.0589797920816583
0.0589776343926297
0.0589776343926297
0.0589776343926297
0.0589776343926297
0.0591986367452354
0.0392848571529294
0.0238643887595501
0.0390943113894654
0.0512348035085022
0.039125766641571
0.0385518959916866
0.0386558494478365
0.040306345039119
0.0321018903886169
0.0270517328047338
0.0270517328047338
0.0270517328047338
0.0270517328047338
0.0270517328047338
0.0270517328047338
0.0270517328047338
0.0270517328047338
0.0270517328047338
0.0270517328047338
0.0270517328047338
0.0270517328047338
0.0270517328047338
0.0274660141744251
0.0274660141744251
0.0270525826178754
0.0263845765911386
0.0263838038514443
0.0263837267779971
0.0263837267779971
0.0263837267779971
0.0281766209686556
0.0281766209686556
0.028199439363209
0.0286946649714654
0.0286946649714654
0.0284027833925035
0.0284027833925035
0.0282638375105933
0.0282638375105933
0.0282638375105933
0.0282638375105933
0.0282638375105933
0.0282638375105933
0.0282638375105933
0.0282638375105933
0.0282638375105933
0.0282638375105933
0.0282609050812957
0.023473404724201
0.0236689147997516
0.0280722157293999
0.0280722157293999
0.0280722157293999
0.0280722157293999