0.0409655947843368
0.0409655947843368
0.0409655947843368
0.0409655947843368
0.0409655947843368
0.0409655947843368
0.0409655947843368
0.0409655947843368
0.0409655947843368
0.0409655947843368
0.0409655947843368
0.0409655947843368
0.0409655947843368
0.0409655947843368
0.0404950844788651
0.0404950844788651
0.0404950844788651
0.0404950844788651
0.0404950844788651
0.0344409008235437
0.0344409008235437
0.0344409008235437
0.0344409008235437
0.0344409008235437
0.0344860601059705
0.0344860601059705
0.0339408494508497
0.0339408494508497
0.0339408494508497
0.0339408494508497
0.0339408494508497
0.0339408494508497
0.0339408494508497
0.0338964518324022
0.0338964518324022
0.0338964518324022
0.0334545109148314
0.0334545109148314
0.0334545109148314
0.0334545109148314
0.0334545109148314
0.0332335085622257
0.0336123314338076
0.0279953939498573
0.0336205230827036
0.0336057400691107
0.0337367259073274
0.0337263646441024
0.0334977549718315
0.0361552431555204
0.0398699713872562
0.0398673957128958
0.0398673957128958
0.0398673957128958
0.0398673957128958
0.0398673957128958
0.0398673957128958
0.0398673957128958
0.0398673957128958
0.0398673957128958
0.0398673957128958
0.0398673957128958
0.0398673957128958
0.0398673957128958
0.0407238530051666
0.0407238530051666
0.0402445685400251
0.0402642062667024
0.039887266372658
0.0398870334395731
0.0398870334395731
0.0398870334395731
0.0425409582462969
0.0425409582462969
0.0425397622133991
0.0424955006456358
0.0424955006456358
0.102104469590451
0.102104469590451
0.101601527080632
0.101601527080632
0.101601527080632
0.101601527080632
0.101601527080632
0.101601527080632
0.101601527080632
0.101601527080632
0.101601527080632
0.101601527080632
0.101591752033927
0.108713178356502
0.105344614847844
0.103824759710067
0.103824759710067
0.103824759710067
0.103824759710067