0.107176664042695
0.107176664042695
0.107176664042695
0.107176664042695
0.10711145964502
0.107176664042695
0.107176664042695
0.107176664042695
0.107176664042695
0.107176664042695
0.107176664042695
0.107176664042695
0.107176664042695
0.107176664042695
0.107176664042695
0.107176664042695
0.107176664042695
0.107176664042695
0.107176664042695
0.106964566026662
0.106964566026662
0.106964566026662
0.106964566026662
0.106942831227437
0.107112349277753
0.107112349277753
0.107111393424007
0.107111119352006
0.107067588254478
0.107082098620321
0.10713288490077
0.107125629717849
0.10713288490077
0.107045102553702
0.10698002074949
0.10698002074949
0.10698002074949
0.106974986141756
0.106974986141756
0.106974986141756
0.106974986141756
0.107090660344152
0.108558775090952
0.104787564007815
0.109853439317588
0.109466198123786
0.110245702144973
0.110128034935406
0.109648046061265
0.18936119218608
0.189295399105319
0.189287426779918
0.189353219860679
0.189353219860679
0.189309357806838
0.189295613063076
0.189266809664275
0.189151596069071
0.18908580298831
0.18908580298831
0.18908580298831
0.18908580298831
0.18908580298831
0.188797328021635
0.19007757567458
0.19007757567458
0.189530588040985
0.190411241985645
0.189678552309805
0.189677981966295
0.189677981966295
0.189677981966295
0.00169495003821939
0.00169495003821939
0.00169287224949515
0.00289977282767789
0.00289977282767789
0.00191256229686291
0.00191256229686291
0.00190289360705818
0.00190289360705818
0.00190289360705818
0.00190289360705818
0.00190289360705818
0.00190289360705818
0.00190289360705818
0.00190289360705818
0.00190289360705818
0.00190289360705818
0.00190259733675202
0.00181134702997252
0.00180869214102457
0.00180865822350985
0.00180865822350985
0.00180865822350985
0.00180865822350985