0.842105263157895
0.842105263157895
0.842105263157895
0.842105263157895
0.842105263157895
0.842105263157895
0.842105263157895
0.842105263157895
0.842105263157895
0.842105263157895
0.842105263157895
0.842105263157895
0.842105263157895
0.842105263157895
0.842105263157895
0.842105263157895
0.842105263157895
0.842105263157895
0.842105263157895
0.842105263157895
0.842105263157895
0.842105263157895
0.842105263157895
0.842105263157895
0.842105263157895
0.842105263157895
0.842105263157895
0.842105263157895
0.842105263157895
0.842105263157895
0.842105263157895
0.842105263157895
0.842105263157895
0.842105263157895
0.842105263157895
0.842105263157895
0.842105263157895
0.842105263157895
0.842105263157895
0.842105263157895
0.842105263157895
0.842105263157895
0.842105263157895
0.842105263157895
0.842105263157895
0.842105263157895
0.842105263157895
0.842105263157895
0.842105263157895
0.842105263157895
0.842105263157895
0.842105263157895
0.842105263157895
0.842105263157895
0.842105263157895
0.842105263157895
0.842105263157895
0.842105263157895
0.842105263157895
0.842105263157895
0.842105263157895
0.842105263157895
0.842105263157895
0.842105263157895
0.842105263157895
0.842105263157895
0.842105263157895
0.842105263157895
0.842105263157895
0.842105263157895
0.842105263157895
0.842105263157895
0.842105263157895
0.842105263157895
0.842105263157895
0.842105263157895
0.842105263157895
0.842105263157895
0.842105263157895
0.842105263157895
0.842105263157895
0.842105263157895
0.842105263157895
0.842105263157895
0.842105263157895
0.842105263157895
0.842105263157895
0.842105263157895
0.842105263157895
0.842105263157895
0.842105263157895
0.842105263157895
0.842105263157895
0.859649122807018
0.859649122807018
0.859649122807018