0.000532570020944661
0.000532570020944661
0.000532570020944661
0.000532570020944661
0.000532570020944661
0.000532570020944661
0.000532570020944661
0.000532570020944661
0.000532570020944661
0.000532572650206302
0.000532570020944661
0.000532570020944661
0.000532570020944661
0.000532570020944661
0.000532570020944661
0.000532570020944661
0.000532570020944661
0.000532570020944661
0.000532570020944661
0.000532570020944661
0.000532570020944661
0.000532570020944661
0.000532570020944661
0.000532570020944661
0.000532570020944661
0.000532570020944661
0.000532570020944661
0.000532570020944661
0.000532821792245468
0.000532857300550506
0.000532857300550506
0.000527340870572783
0.000525280217798649
0.000532904807749453
0.00054060592988504
0.000532859933863859
0.000532859933863859
0.000532870476138558
0.000532870476138558
0.000532870476138558
0.000598257304216626
0.000598257304216626
0.000598257304216626
0.000598257304216626
0.000598257304216626
0.000598257304216626
0.000598257304216626
0.000598257304216626
0.000598257304216626
0.000596334656191955
0.000596334656191955
0.000596339931844584
0.000596339931844584
0.000596318840072594
0.000596318840072594
0.000596318840072594
0.000596324110306888
0.000596324110306888
0.000588633518208202
0.000588633518208202
0.000588633518208202
0.000588633518208202
0.000588710999291629
0.000588714947909855
0.000588714947909855
0.000588670580170512
0.000588633518208202
0.000588628247973908
0.000588628247973908
0.000588628247973908
0.000588628247973908
0.000588632525531032
0.000588628247973908
0.000588628247973908
0.000588628247973908
0.000588628247973908
0.000588628247973908
0.000588628247973908
0.000588628247973908
0.000597277053350605
0.00058197439707827
0.00058197439707827
0.00058197439707827
0.00058197439707827
0.00058389737415446
0.00058389737415446
0.00058389737415446
0.00058389737415446
0.00058389737415446
0.00058389737415446
0.00058389737415446
0.000587758699532426
0.000583897045102941
0.000583897045102941
0.000603126815864844
0.000583899678416294
