3.0741327103091e-05
3.0741327103091e-05
3.0741327103091e-05
3.0741327103091e-05
3.0741327103091e-05
3.0741327103091e-05
3.0741327103091e-05
3.0741327103091e-05
3.0741327103091e-05
3.0741327103091e-05
3.0741327103091e-05
3.0741327103091e-05
3.0741327103091e-05
3.0741327103091e-05
3.0741327103091e-05
3.0741327103091e-05
3.0741327103091e-05
3.0741327103091e-05
3.0741327103091e-05
3.0741327103091e-05
3.0741327103091e-05
3.0741327103091e-05
3.0741327103091e-05
3.0741327103091e-05
3.0741327103091e-05
3.0741327103091e-05
3.0741327103091e-05
3.0741327103091e-05
3.07623683947427e-05
3.07623683947427e-05
3.07623683947427e-05
3.07623683947427e-05
3.07623683947427e-05
3.07623683947427e-05
3.07623683947427e-05
3.07623683947427e-05
3.84529604934284e-05
3.84529604934284e-05
3.84529604934284e-05
3.07623683947427e-05
2.49944243207285e-05
2.49944243207285e-05
2.49944243207285e-05
2.49944243207285e-05
2.49944243207285e-05
2.49944243207285e-05
2.49944243207285e-05
2.49944243207285e-05
2.49944243207285e-05
2.49944243207285e-05
2.49944243207285e-05
3.84529604934284e-05
3.84529604934284e-05
3.84529604934284e-05
3.84529604934284e-05
3.84529604934284e-05
3.84529604934284e-05
3.84529604934284e-05
0.000103823980571294
0.000103823980571294
0.000103823980571294
0.000103823980571294
0.000103841749691306
0.000103841749691306
0.000103841749691306
0.000103833194013822
0.000103823980571294
0.000103823980571294
0.000103823980571294
0.000103823980571294
0.000103823980571294
0.000103823980571294
0.000103825296777369
0.000103823980571294
0.000103823980571294
0.000103823980571294
0.000103823980571294
0.000103823980571294
0.000103823980571294
0.000103823980571294
0.000103841749691306
0.000103841749691306
0.000103841749691306
0.000103840433485231
0.000103840433485231
0.000103840433485231
0.000103840433485231
0.000103840433485231
0.000103840433485231
0.000103840433485231
0.000103840433485231
0.000103844383004659
0.000103841749691306
0.000111533657996067
0.000103840433485231
0.000103840433485231
