0.00343211081437459
0.00343207793172965
0.00343207793172965
0.00343207793172965
0.00343207793172965
0.00343207793172965
0.00343207793172965
0.00343207793172965
0.00343207793172965
0.00343209107803785
0.00343207793172965
0.00343207793172965
0.00343207793172965
0.00343207793172965
0.00343207793172965
0.00343207793172965
0.00343207793172965
0.00343207793172965
0.00343207793172965
0.00343207793172965
0.00342437844379219
0.00339324715416322
0.00339324715416322
0.00339324715416322
0.00339324715416322
0.00339324715416322
0.00339324715416322
0.00339308335726215
0.00339453345794276
0.00339490168054666
0.00339490168054666
0.00339563646960241
0.00340452150508106
0.00340456097326239
0.00339499065039798
0.00339494114872799
0.00339494114872799
0.00339498067774515
0.00339498067774515
0.00339498067774515
0.00339500701538933
0.00339500701538933
0.00339479909799535
0.00339477276035118
0.0033945670873008
0.00342219187704614
0.00342219187704614
0.00342219187704614
0.00342219187704614
0.00342219187704614
0.00342219187704614
0.00342220506617771
0.00342220506617771
0.00342215233674774
0.00342215233674774
0.00342215233674774
0.00342216551233347
0.00342216551233347
0.00342216551233347
0.00342216551233347
0.00342216551233347
0.00342216551233347
0.00342263175664462
0.003422638337675
0.003422638337675
0.00342233992489386
0.00342216551233347
0.00342215233674774
0.00342215233674774
0.00342215233674774
0.00342215233674774
0.00342218195110288
0.00342216549880849
0.00342215891777811
0.00342215233674774
0.00342215233674774
0.00342215233674774
0.00342215233674774
0.00342215233674774
0.00342214135909917
0.0034226449209607
0.00342279027569589
0.00343924713197423
0.00343923396766047
0.00343923396766047
0.00342260540096019
0.00342260540096019
0.00342260540096019
0.00342260540096019
0.00342260540096019
0.00342260540096019
0.00342275358065053
0.00342261198199057
0.00342270435350907
0.00343923396766047
0.00343924055094386
