4.32296627495879e-05
4.32296627495879e-05
4.32296627495879e-05
4.32296627495879e-05
4.32296627495879e-05
4.32296627495879e-05
4.32296627495879e-05
4.32296627495879e-05
4.32296627495879e-05
4.32296627495879e-05
4.32296627495879e-05
4.32296627495879e-05
4.32296627495879e-05
4.32296627495879e-05
4.32296627495879e-05
4.32296627495879e-05
4.32296627495879e-05
4.32296627495879e-05
4.32296627495879e-05
4.32296627495879e-05
4.32296627495879e-05
4.32296627495879e-05
4.32296627495879e-05
4.32296627495879e-05
4.32296627495879e-05
4.32296627495879e-05
4.32296627495879e-05
4.32296627495879e-05
4.32376624553951e-05
4.32455529397645e-05
4.32455529397645e-05
4.32455529397645e-05
4.32455529397645e-05
4.32455529397645e-05
4.32455529397645e-05
4.32455529397645e-05
4.32455529397645e-05
4.32455529397645e-05
4.32455529397645e-05
4.32455529397645e-05
4.32455529397645e-05
4.32455529397645e-05
4.32455529397645e-05
4.32455529397645e-05
4.32455529397645e-05
4.32455529397645e-05
4.32455529397645e-05
4.32455529397645e-05
4.32455529397645e-05
4.32455529397645e-05
4.32455529397645e-05
4.32455529397645e-05
4.32455529397645e-05
4.32455529397645e-05
4.32455529397645e-05
4.32455529397645e-05
4.32455529397645e-05
4.51682009644359e-05
4.51682009644359e-05
4.51682009644359e-05
4.51682009644359e-05
4.51682009644359e-05
4.51720946282069e-05
4.51724236797258e-05
4.51724236797258e-05
4.51687321242552e-05
4.51682009644359e-05
4.51682009644359e-05
4.51682009644359e-05
4.51682009644359e-05
4.51682009644359e-05
4.51682009644359e-05
4.51682009644359e-05
4.51682009644359e-05
4.51682009644359e-05
4.51682009644359e-05
4.51682009644359e-05
4.51682009644359e-05
4.51682009644359e-05
4.32455529397645e-05
4.32494466035355e-05
4.32494466035355e-05
4.32494466035355e-05
4.32494466035355e-05
4.32494466035355e-05
4.32494466035355e-05
4.32494466035355e-05
4.32494466035355e-05
4.32494466035355e-05
4.13264695273453e-05
4.32494466035355e-05
4.32494466035355e-05
4.32494466035355e-05
4.32494466035355e-05
4.32494466035355e-05
4.32494466035355e-05
