0.000157550287292135
0.000157550287292135
0.000157550287292135
0.000157550287292135
0.000157550287292135
0.000157550287292135
0.000157550287292135
0.000157550287292135
0.000157550287292135
0.000157550287292135
0.000157550287292135
0.000157550287292135
0.000157550287292135
0.000157550287292135
0.000157550287292135
0.000157550287292135
0.000157550287292135
0.000157550287292135
0.000157550287292135
0.000157550287292135
0.000157550287292135
0.000157550287292135
0.000157550287292135
0.000157550287292135
0.000157550287292135
0.000157550287292135
0.000157550287292135
0.000157522788234836
0.000157583243908854
0.000157610861729523
0.000157610861729523
0.000157610861729523
0.000157610861729523
0.000157610861729523
0.000157610861729523
0.000157610861729523
0.000157610861729523
0.000157610861729523
0.000157610861729523
0.000157610861729523
0.000157610861729523
0.000157610861729523
0.000157569278250727
0.000157569278250727
0.000157528143640652
0.000157528143640652
0.000157528143640652
0.000157528143640652
0.000157528143640652
0.000157528143640652
0.000157528143640652
0.000157528143640652
0.000157528143640652
0.000157528143640652
0.000157528143640652
0.000157528143640652
0.000157528143640652
0.000157528143640652
0.000157528143640652
0.00015748745067041
0.00015748745067041
0.00015748745067041
0.000157468845364093
0.000157468845364093
0.000157468845364093
0.000157448772855294
0.000157407361501758
0.000157407361501758
0.000157367951601284
0.000157328955928702
0.000157328955928702
0.000157328955928702
0.000157328955928702
0.000157328955928702
0.000157328955928702
0.000157328955928702
0.000157328955928702
0.000157328955928702
0.000157328955928702
0.000157328955928702
0.000157350569870466
0.000157350569870466
0.000157350569870466
0.000157350569870466
0.000157350569870466
0.000157350569870466
0.000157350569870466
0.000157350569870466
0.000157350569870466
0.000157350569870466
0.000157350569870466
0.000157351228198804
0.000157350569870466
0.000157350569870466
0.000157350569870466
0.000157350569870466
