0.012347346483123
0.0122164475789655
0.0114389286289834
0.0114389286289834
0.0114350853058926
0.0115215400307461
0.0115215400307461
0.0115215400307461
0.0115215400307461
0.0115216031330255
0.0115215400307461
0.0115446039192591
0.0114274026096785
0.0114274026096785
0.0114274026096785
0.0114350879414543
0.0114350879414543
0.0114197093847171
0.0114120240529413
0.0114081813870534
0.0113428560669594
0.0113428560669594
0.0113428560669594
0.0113428560669594
0.0113428560669594
0.0113793613928943
0.0113851253917261
0.0113620693963988
0.0111829888232676
0.0111840941795675
0.0112533095084557
0.0112844742994045
0.0113471857444955
0.0112881604030714
0.0112707892196114
0.0112534068984992
0.0112534068984992
0.0112536546419546
0.0112536546419546
0.0112536546419546
0.0115888861418096
0.0120410747458711
0.0120487653379698
0.0120564032547802
0.0119336584600355
0.0123303818323446
0.0123303818323446
0.0120564032547802
0.0118010066150943
0.0115773041627843
0.0115773041627843
0.0115773661517027
0.0115773661517027
0.0115771183233818
0.0115771183233818
0.0115771183233818
0.0115771802486347
0.0115752576006101
0.0116345418363048
0.0119043637955032
0.0115714123045607
0.0115733349525854
0.0115749448652157
0.0115750205470651
0.0115750205470651
0.011705669307463
0.0115733349525854
0.0115732730273324
0.0115732730273324
0.0115732730273324
0.0115732730273324
0.011576223138584
0.0115742603464148
0.011585783072502
0.0116588308644303
0.0116011514236902
0.0116011514236902
0.0116011514236902
0.0116011514236902
0.0116010895196372
0.0116201587743376
0.0127303793973899
0.0129050313256778
0.0129050023641875
0.0129194254329417
0.0118739176471249
0.0118008415554985
0.0118008415554985
0.0118008415554985
0.0118008415554985
0.0118008415554985
0.0118042748380573
0.0118027770365325
0.0123609602546469
0.013291530797009
0.013150247857717
