0.00101638726425297
0.00101638726425297
0.00101638726425297
0.00101638726425297
0.00101638726425297
0.00101638726425297
0.00101638726425297
0.00101638726425297
0.00101638726425297
0.00101638726425297
0.00101638726425297
0.00101638726425297
0.00101638726425297
0.00101638726425297
0.00101638726425297
0.00101638726425297
0.00101638726425297
0.00101638726425297
0.00101638726425297
0.00101638726425297
0.00101638726425297
0.00101638726425297
0.00101638726425297
0.00101638726425297
0.00102408417367398
0.00102408417367398
0.00102408417367398
0.00101633914090269
0.00101683036489554
0.00101688362847847
0.00101688362847847
0.00101688362847847
0.00101688362847847
0.00101689480902858
0.00101689480902858
0.00101689480902858
0.00101689480902858
0.00101690271573461
0.00101690271573461
0.00101690271573461
0.00101690271573461
0.00101690271573461
0.00101682994464672
0.00101682994464672
0.00101675795907909
0.00101675795907909
0.00101675795907909
0.00101675795907909
0.00101675795907909
0.00101675795907909
0.00101675795907909
0.000961951892589854
0.000961951892589854
0.000961943983175358
0.000961943983175358
0.000961943983175358
0.000961945959513218
0.000961945959513218
0.000961945959513218
0.000961874746815294
0.000961874746815294
0.000961874746815294
0.000961927521701631
0.000961927521701631
0.000961927521701631
0.000961851803159842
0.000961734590770153
0.000961732614432292
0.000961663647106464
0.000961595404679444
0.000961595404679444
0.000961595970182578
0.000961595404679445
0.000961595404679445
0.000961595404679444
0.000961595404679444
0.000961595404679444
0.000961595404679444
0.000961595404679444
0.000961593429018181
0.000961716586235119
0.000961716586235119
0.000961716586235119
0.000961714282874487
0.000961714282874487
0.000961714282874487
0.000961714282874487
0.000961714282874487
0.000961714282874487
0.000961714282874487
0.000961714282874487
0.000961749408978895
0.000961716586235119
0.000961716586235119
0.000961714282874487
0.000961714282874487
