0.000512995926834119
0.000512995896032832
0.000512995896032832
0.000512995896032832
0.000512995896032832
0.000512995896032832
0.000512995896032832
0.000512995896032832
0.000512995896032832
0.000512995926834119
0.000512995896032832
0.000512995896032832
0.000512995896032832
0.000512995896032832
0.000512995896032832
0.000512995896032832
0.000512995896032832
0.000512995896032832
0.000512995896032832
0.000512995896032832
0.000512995896032832
0.000512995896032832
0.000512995896032832
0.000512995896032832
0.000512995896032832
0.000512995896032832
0.000512995896032832
0.000512995896032832
0.000513250197017733
0.00051330592385892
0.00051330592385892
0.00051330592385892
0.000513301978616735
0.00051330592385892
0.00051330592385892
0.000513309869101104
0.000513309869101104
0.000513309869101104
0.000513309869101104
0.000513309869101104
0.000513309869101104
0.000513309869101104
0.000513309869101104
0.000513309869101104
0.000513309869101104
0.000513309869101104
0.000513309869101104
0.000513309869101104
0.000513309869101104
0.000513309869101104
0.000513309869101104
0.000513309869101104
0.000513309869101104
0.000513309869101104
0.000513309869101104
0.000513309869101104
0.000513309869101104
0.000513309869101104
0.000513309869101104
0.000513309869101104
0.000513309869101104
0.000513309869101104
0.000513386207956112
0.000513387195110668
0.000513387195110668
0.00051333753981254
0.000513309869101104
0.000513309869101104
0.000513309869101104
0.000513309869101104
0.000513309869101104
0.000513312367788729
0.000513309869101104
0.000513309869101104
0.000513309869101104
0.000513309869101104
0.000513309869101104
0.000513309869101104
0.000513309869101104
0.000513309869101104
0.000513387195110668
0.000513387195110668
0.000513387195110668
0.000513386207956112
0.000513386207956112
0.000513386207956112
0.000513386207956112
0.000513386207956112
0.000513386207956112
0.000513386207956112
0.000513386207956112
0.000513406481604112
0.000513387195110668
0.000513387195110668
0.000513386207956112
0.000513386207956112
