4.61129765434302e-05
5.37983083192029e-05
5.37983083192029e-05
4.61129765434302e-05
4.61129765434302e-05
4.61129765434302e-05
4.61129765434302e-05
5.37983083192029e-05
2.68986612152047e-05
2.68986612152047e-05
2.68986612152047e-05
2.68986612152047e-05
4.61129765434302e-05
2.68986612152047e-05
2.68986612152047e-05
2.68986612152047e-05
2.68986612152047e-05
2.68986612152047e-05
2.68986612152047e-05
2.68986612152047e-05
2.68986612152047e-05
2.68986612152047e-05
2.68986612152047e-05
2.68986612152047e-05
2.68986612152047e-05
2.68986612152047e-05
2.68986612152047e-05
2.68986612152047e-05
2.6899975846025e-05
2.6899975846025e-05
2.6899975846025e-05
2.6899975846025e-05
2.6899975846025e-05
2.6899975846025e-05
2.6899975846025e-05
2.6899975846025e-05
2.6899975846025e-05
2.6899975846025e-05
2.6899975846025e-05
2.6899975846025e-05
2.6899975846025e-05
2.6899975846025e-05
2.6899975846025e-05
2.6899975846025e-05
2.6899975846025e-05
2.6899975846025e-05
2.6899975846025e-05
2.6899975846025e-05
2.6899975846025e-05
2.6899975846025e-05
2.6899975846025e-05
2.6899975846025e-05
2.6899975846025e-05
2.6899975846025e-05
2.6899975846025e-05
2.6899975846025e-05
2.6899975846025e-05
3.45905679447107e-05
3.45905679447107e-05
3.45905679447107e-05
3.45905679447107e-05
3.45905679447107e-05
3.45908967429759e-05
3.45908967429759e-05
3.45908967429759e-05
3.45905679447107e-05
3.45905679447107e-05
3.45905679447107e-05
3.45905679447107e-05
3.45905679447107e-05
3.45905679447107e-05
3.45905679447107e-05
3.45905679447107e-05
3.45905679447107e-05
3.45905679447107e-05
3.45905679447107e-05
3.45905679447107e-05
3.45905679447107e-05
3.45905679447107e-05
3.45905679447107e-05
3.45908967429759e-05
3.45908967429759e-05
3.45908967429759e-05
3.45908967429759e-05
3.45908967429759e-05
3.45908967429759e-05
3.45908967429759e-05
3.45908967429759e-05
3.45908967429759e-05
3.45908967429759e-05
0
0
0
0
0
0
