0.00175003577757191
0.0017500176921172
0.0017500176921172
0.0017500176921172
0.0017500176921172
0.0017500176921172
0.0017500176921172
0.0017500176921172
0.0017500176921172
0.00175002097869425
0.00174999635190583
0.00178458034489681
0.00178458034489681
0.00178458034489681
0.00178458034489681
0.00178458034489681
0.00178458034489681
0.00174999635190583
0.00174999635190583
0.00175383901779372
0.00181916433788779
0.00181916433788779
0.00181916433788779
0.00181916433788779
0.00502942775459047
0.00502942775459047
0.00432532605035836
0.00181916071707875
0.00181980036946842
0.00182009365126447
0.0017508783223763
0.0017508783223763
0.00175285772507439
0.00176825337432358
0.001768243451902
0.00175089344974455
0.00175858404184324
0.00175859721968661
0.00175859721968661
0.00175090662758792
0.00175090794447013
0.00175090794447013
0.00175090794447013
0.00175089925526157
0.00175089925526157
0.00175089925526157
0.00175089925526157
0.00175089925526157
0.00175089925526157
0.00175089925526157
0.00175089925526157
0.00175090255254447
0.00175090255254447
0.00175088937018697
0.00175088937018697
0.00175088937018697
0.00175089266408341
0.00175089266408341
0.00175089266408341
0.00175089266408341
0.00175089266408341
0.00175089266408341
0.00175110964534456
0.00175111425206583
0.00175111425206583
0.00172600518628842
0.00175089266408341
0.00175088937018697
0.00175088937018697
0.00175088937018697
0.00175088937018697
0.0017509132263517
0.00175089002829001
0.00175088969923849
0.00175088937018697
0.00175088937018697
0.00175088937018697
0.00175088937018697
0.00175088200853163
0.00175088003181877
0.001753026569797
0.00175310651490135
0.00175302393422832
0.00175302261779695
0.00175302261779695
0.00175302261779695
0.00175302261779695
0.00175302261779695
0.00175302261779695
0.00165302780983505
0.00175302261779695
0.00175307902710924
0.00175302327589998
0.00175307408023516
0.00175302261779695
0.00175302459278196
