0.000854993211390198
0.00085499316005472
0.00085499316005472
0.00085499316005472
0.00085499316005472
0.00085499316005472
0.00085499316005472
0.00085499316005472
0.00085499316005472
0.000854993211390198
0.00085499316005472
0.00085499316005472
0.00085499316005472
0.00085499316005472
0.00085499316005472
0.00085499316005472
0.00085499316005472
0.00085499316005472
0.00085499316005472
0.00085499316005472
0.00085499316005472
0.00085499316005472
0.00085499316005472
0.00085499316005472
0.00085499316005472
0.00085499316005472
0.00085499316005472
0.00085499316005472
0.000855416995029555
0.000855509873098199
0.000855509873098199
0.000855509873098199
0.000855509873098199
0.000855516448501841
0.000855516448501841
0.000855516448501841
0.000855516448501841
0.000855516448501841
0.000855516448501841
0.000855516448501841
0.000855516448501841
0.000855516448501841
0.000855516448501841
0.000855516448501841
0.000855516448501841
0.000855516448501841
0.000855516448501841
0.000855516448501841
0.000855516448501841
0.000855516448501841
0.000855516448501841
0.000855516448501841
0.000855516448501841
0.000855516448501841
0.000855516448501841
0.000855516448501841
0.000855516448501841
0.000855516448501841
0.000855516448501841
0.000855516448501841
0.000855516448501841
0.000855516448501841
0.000855643679926853
0.000855645325184447
0.000855645325184447
0.000855562566354234
0.000855516448501841
0.000855516448501841
0.000855516448501841
0.000855516448501841
0.000855516448501841
0.000855520612981215
0.000855516448501841
0.000855516448501841
0.000855516448501841
0.000855516448501841
0.000855516448501841
0.000855516448501841
0.000855516448501841
0.000855516448501841
0.000855645325184447
0.000855645325184447
0.000855645325184447
0.000855643679926853
0.000855643679926853
0.000855643679926853
0.000855643679926853
0.000855643679926853
0.000855643679926853
0.000855643679926853
0.000855643679926853
0.000855677469340186
0.000855645325184447
0.000855645325184447
0.000855643679926853
0.000855643679926853
