0.00318554778009254
0.0048701386725266
0.00762948764131653
0.00762948764131653
0.00766983563313933
0.00777732084434406
0.00777732084434406
0.00777732084434406
0.00777732084434406
0.0077926915078956
0.00778359772216996
0.00774324973034715
0.00763576451914243
0.00763576451914243
0.00763768585208637
0.00766650584624552
0.00767803384390917
0.00767803384390917
0.00767611251096523
0.00729977822626352
0.00767204323110931
0.00701849918755983
0.00701849918755983
0.00701849918755983
0.00708190909004272
0.00699352530989934
0.00702266429385482
0.00695055736195756
0.00785803212201012
0.00705562309456255
0.00768722450566395
0.00717867256814152
0.00719980723052489
0.00719988551013516
0.00719604021408582
0.00719604021408582
0.00717873638186378
0.00718076708820411
0.00717884444017944
0.00717884444017944
0.0071788694609414
0.00550029475730749
0.0055002115903499
0.00550010026268699
0.00662545201482274
0.0050191245985245
0.00501143400642582
0.00549232740136815
0.00677618881922131
0.0071360006406972
0.0071360006406972
0.00713602767841692
0.00713602767841692
0.0073017433552055
0.00731616321539054
0.00731616321539054
0.00698088430329272
0.00695479778278859
0.00698185384901913
0.00673543129304667
0.00704730939189063
0.00704730939189063
0.00701692799057268
0.00701693161013939
0.00704577133050946
0.00667157544361471
0.00682192089268283
0.00704403826263244
0.00704338799927463
0.00704274457067702
0.00704274457067702
0.007046601054478
0.00704467347068055
0.00701583375031048
0.00701582749833162
0.00701390485030695
0.00704466721870169
0.00704466721870169
0.00704447581566261
0.00704445148362762
0.00703014473585575
0.00983852522983464
0.0103692329199388
0.0104445409559167
0.0104445409559167
0.00749626983641194
0.00749626983641194
0.00749626983641194
0.00749434685933575
0.00749626983641194
0.00749626983641194
0.00749270241004195
0.00749435311131461
0.0089686572700787
0.00957421322896661
0.00866718928738367
