0.00242701599548178
0.00242701599548178
0.00242701599548178
0.00242701599548178
0.00242701599548178
0.00242701599548178
0.00242701599548178
0.00242701599548178
0.00242701599548178
0.00242701599548178
0.0024267812531568
0.00240374696409006
0.00240374696409006
0.00240374696409006
0.00240374696409006
0.00240374696409006
0.00240374696409006
0.00241909592138103
0.00241909592138103
0.00241909592138103
0.00241909592138103
0.00241909592138103
0.00241909592138103
0.00241909592138103
0.00241909592138103
0.00241909592138103
0.00241909592138103
0.00241905609248155
0.00242012915453438
0.00242038806252939
0.00242038806252939
0.00242038806252939
0.00242038806252939
0.00242040778874031
0.00242040778874031
0.00242040778874031
0.00242040778874031
0.00242040778874031
0.00242040778874031
0.00242040778874031
0.0024204222744446
0.0024204222744446
0.0024204222744446
0.00242040778874031
0.00242040778874031
0.00242040778874031
0.00242040778874031
0.00242040778874031
0.00242040778874031
0.00242040778874031
0.00242040778874031
0.00242040778874031
0.00242040778874031
0.00242040778874031
0.00242040778874031
0.00242040778874031
0.00242040778874031
0.00242040778874031
0.00242040778874031
0.00242040778874031
0.00242040778874031
0.00242040778874031
0.00242073982985875
0.00242073982985875
0.00242073982985875
0.00242052552184201
0.00242040778874031
0.00242040778874031
0.00242040778874031
0.00242040778874031
0.00242040778874031
0.00242041502787372
0.00242041502787372
0.00242041140830702
0.00242040778874031
0.00242040778874031
0.00242040778874031
0.00242040778874031
0.00242040778874031
0.0024204089951249
0.00242075794629232
0.00242075794629232
0.00242074345066461
0.00242073982985875
0.00242073982985875
0.00242073982985875
0.00242073982985875
0.00242073982985875
0.00242073982985875
0.00242073982985875
0.00242073982985875
0.00242082115441424
0.00242073982985875
0.00242073982985875
0.00242073982985875
0.00242074345066461
