4.22703106555438e-05
4.22703106555438e-05
4.22703106555438e-05
4.22703106555438e-05
4.22703106555438e-05
4.22703106555438e-05
4.22703106555438e-05
4.22703106555438e-05
4.22703106555438e-05
4.22703106555438e-05
4.22703106555438e-05
4.22703106555438e-05
4.22703106555438e-05
4.22703106555438e-05
4.99556424313166e-05
4.99556424313166e-05
4.99556424313166e-05
4.99556424313166e-05
4.99556424313166e-05
4.22703106555438e-05
4.22703106555438e-05
4.22703106555438e-05
4.22703106555438e-05
4.22703106555438e-05
4.22703106555438e-05
4.22703106555438e-05
4.22703106555438e-05
4.22703106555438e-05
4.22782006900341e-05
4.22900375419643e-05
4.22900375419643e-05
4.22900375419643e-05
4.22900375419643e-05
4.22900375419643e-05
4.22900375419643e-05
4.22900375419643e-05
4.22900375419643e-05
4.22900375419643e-05
4.22900375419643e-05
4.22900375419643e-05
4.22900375419643e-05
4.22900375419643e-05
4.22900375419643e-05
4.22900375419643e-05
4.22900375419643e-05
4.22900375419643e-05
4.22900375419643e-05
4.22900375419643e-05
4.22900375419643e-05
4.22900375419643e-05
4.22900375419643e-05
4.22900375419643e-05
4.22900375419643e-05
4.22900375419643e-05
4.22900375419643e-05
4.22900375419643e-05
4.22900375419643e-05
4.22900375419643e-05
4.22900375419643e-05
4.22900375419643e-05
4.22900375419643e-05
4.22900375419643e-05
4.22946446012225e-05
4.22946446012225e-05
4.22946446012225e-05
4.22900375419643e-05
4.22900375419643e-05
4.22900375419643e-05
4.22900375419643e-05
4.22900375419643e-05
4.22900375419643e-05
4.22900375419643e-05
4.22900375419643e-05
4.22900375419643e-05
4.22900375419643e-05
4.22900375419643e-05
4.22900375419643e-05
4.22900375419643e-05
4.22900375419643e-05
4.22900375419643e-05
4.22946446012225e-05
4.22946446012225e-05
4.22946446012225e-05
4.22946446012225e-05
4.22946446012225e-05
4.22946446012225e-05
4.22946446012225e-05
4.22946446012225e-05
4.22946446012225e-05
4.22946446012225e-05
4.22946446012225e-05
4.22946446012225e-05
4.22946446012225e-05
4.22946446012225e-05
4.22946446012225e-05
4.22946446012225e-05
