0.000683994569112158
0.000683994528043776
0.000683994528043776
0.000683994528043776
0.000683994528043776
0.000683994528043776
0.000683994528043776
0.000683994528043776
0.000683994528043776
0.000683994569112158
0.000683994528043776
0.000683994528043776
0.000683994528043776
0.000683994528043776
0.000683994528043776
0.000683994528043776
0.000683994528043776
0.000683994528043776
0.000683994528043776
0.000683994528043776
0.000683994528043776
0.000683994528043776
0.000683994528043776
0.000683994528043776
0.000683994528043776
0.000683994528043776
0.000683994528043776
0.000683994528043776
0.000684333596023644
0.00068440789847856
0.00068440789847856
0.00068440789847856
0.00068440789847856
0.000684413158801473
0.000684413158801473
0.000684413158801473
0.000684413158801473
0.000684413158801473
0.000684413158801473
0.000684413158801473
0.000684413158801472
0.000684413158801472
0.000684413158801472
0.000684413158801473
0.000684413158801473
0.000684413158801473
0.000684413158801473
0.000684413158801473
0.000684413158801473
0.000684413158801473
0.000684413158801473
0.000684413158801473
0.000684413158801473
0.000684413158801473
0.000684413158801473
0.000684413158801473
0.000684413158801473
0.000684413158801473
0.000684413158801473
0.000684413158801473
0.000684413158801473
0.000684413158801473
0.000684514943941482
0.000684516260147557
0.000684516260147557
0.000684450053083387
0.000684413158801473
0.000684413158801473
0.000684413158801473
0.000684413158801473
0.000684413158801473
0.000684416490384972
0.000684413158801472
0.000684413158801472
0.000684413158801473
0.000684413158801473
0.000684413158801473
0.000684413158801473
0.000684413158801473
0.00068440789847856
0.000532337926214797
0.000532359729425075
0.000532333972861784
0.000532332985369277
0.000532332985369277
0.000532332985369277
0.000532332985369277
0.000532332985369277
0.000532332985369277
0.000532332985369277
0.000532332985369277
0.000532358373907752
0.000532332985369277
0.000532346841097052
0.000532332985369277
0.000532334960354292
