0.00336424741506185
0.00336424741506185
0.00336424741506185
0.00336424741506185
0.00336424741506185
0.00336424741506185
0.00336424741506185
0.00336424741506185
0.00336424741506185
0.00336424741506185
0.00336424741506185
0.00336424741506185
0.00336424741506185
0.00336424741506185
0.00336424741506185
0.00336424741506185
0.00336424741506185
0.00336424741506185
0.00336424741506185
0.00336424741506185
0.00336424741506185
0.00336424741506185
0.00336424741506185
0.00336424741506185
0.00336424741506185
0.00336424741506185
0.00336424741506185
0.00336410991977535
0.0033655828275827
0.00336595433985727
0.00336595433985727
0.00336595433985727
0.00338519397091127
0.00338519397091127
0.00338519397091127
0.00336596749066455
0.00336595433985727
0.00336595433985727
0.00336595433985727
0.00336595433985727
0.00336595433985727
0.00336595433985727
0.0033657464224633
0.0033657464224633
0.00336554074941292
0.00336554074941292
0.00336554074941292
0.00336554074941292
0.00336554074941292
0.00336554074941292
0.00336554074941292
0.00336554074941292
0.00336554074941292
0.00336554074941292
0.00336554074941292
0.00336554074941292
0.00336554074941292
0.00336554074941292
0.00336554074941292
0.00336533728456171
0.00336533728456171
0.00336533728456171
0.00336558898786483
0.00336559556889521
0.00336559556889521
0.00336529710714218
0.00336493683871845
0.00336493683871845
0.00336473978921608
0.00336454481085317
0.00336454481085317
0.00335592111063537
0.00336071201876154
0.00336262841480735
0.00336454481085317
0.00336454481085317
0.00336454481085317
0.00336454481085317
0.00336454481085317
0.00336454481085317
0.00336500419142707
0.00336500419142707
0.00336500419142707
0.00336499761039669
0.00336499761039669
0.00336499761039669
0.00336499761039669
0.00336499761039669
0.00336499761039669
0.00336499761039669
0.00336499761039669
0.00332188075783662
0.00336308121435088
0.00336308121435088
0.00336499761039669
0.00336308088743972
