0.000684507169436992
0.000684507169436992
0.000684507169436992
0.000684507169436992
0.000684507169436992
0.000684507169436992
0.000684507169436992
0.000684507169436992
0.000684507169436992
0.000684507169436992
0.000684507169436992
0.000684507169436992
0.000684507169436992
0.000684500730179232
0.000684500730179232
0.000684500730179232
7.64729956191871e-05
6.89514275226703e-05
6.89514275226703e-05
0.000684500730179232
0.000684500730179232
0.000684500730179232
0.00068450845649514
0.000684496865698731
0.000684496865698731
0.000684500728856459
0.000684499440696367
0.000684498153417898
0.000684505881938202
0.00068485078767884
0.000684866242955751
0.000684866242955751
0.000684763374211891
0.000684763374211891
0.000684763374211891
0.000684763374211891
0.000684763374211891
0.000684763374211891
0.000684764661931058
0.000684763374211891
0.000684763374211891
0.000684763374211891
0.000684762086933422
0.000684762086933422
0.000684762086933422
0.000684762086933422
0.000684762086933422
0.000684762086933422
0.000684762086933422
0.000684762086933422
0.000684762086933422
0.00068486109075563
0.000684863667958114
0.000684762771110216
0.000684862379356872
0.000684762086933422
0.000684758223775693
0.000684758223775693
0.000684758223775693
0.000684758223775693
0.000684758223775693
0.000684758223775693
0.000684758223775693
0.000684758223775693
0.000684758223775693
0.000684758223775693
0.000684758223775693
0.000684758223775693
0.000684857227597902
0.000684858516199144
0.000684758223775693
0.000684758223775693
0.000684758223775693
0.000684758223775693
0.000684758223775693
0.000684758223775693
0.000684758223775693
0.000684758223775693
0.000684758223775693
0.000684758223775693
0.000684758223775693
0.000684758223775693
0.000684758223775693
0.000684758223775693
0.000684954975859329
0.000684957553503191
0.000684957553503191
0.000684957553503191
0.000684957553503191
0.000684957553503191
0.000684957553503191
0.000684957553503191
0.000684957553503191
0.000684957553503191
0.000684957553503191
0.000684957553503191
