0.000684522624713902
0.000684522624713902
0.000684522624713902
0.000684522624713902
0.000684522624713902
0.000684522624713902
0.000684522624713902
0.000684522624713902
0.000684522624713902
0.000684522624713902
0.000684522624713902
0.000684522624713902
0.000684522624713902
0.000684516185456142
0.000684516185456142
0.000684516185456142
0.00068492108560718
0.00068492623736615
0.00068492623736615
0.000684516185456142
0.000684516185456142
0.000684516185456142
0.000684523911772051
0.000684512320975641
0.000684512320975641
0.000684516184133369
0.000684514895973278
0.000684513608694809
0.000684521337215112
0.00068486113147268
0.000684876586749591
0.000684876586749591
0.00068477178503492
0.00068477178503492
0.00068477178503492
0.00068477178503492
0.00068477178503492
0.00068477178503492
0.000684773072754087
0.00068477178503492
0.00068477178503492
0.00068477178503492
0.000684770497756451
0.000684770497756451
0.000684770497756451
0.000684770497756451
0.000684770497756451
0.000684770497756451
0.000684770497756451
0.000684770497756451
0.000684770497756451
0.00068487143454947
0.000684874011751954
0.00068477371887362
0.000684872723150712
0.000684771786357693
0.000684766634598723
0.000684766634598723
0.000684767923199965
0.000684766634598723
0.000684766634598723
0.000684766634598723
0.000684766634598723
0.000684766634598723
0.000684766634598723
0.000684766634598723
0.000684766634598723
0.000684766634598723
0.000684867571391742
0.000684868859992984
0.000684766634598723
0.000684766634598723
0.000684766634598723
0.000684766634598723
0.000684766634598723
0.000684766634598723
0.000684766634598723
0.000684766634598723
0.000684766634598723
0.000684766634598723
0.000684766634598723
0.000684766634598723
0.000684766634598723
0.000684766634598723
0.000684967897752205
0.000684970475396067
0.000684970475396067
0.000684970475396067
0.000684970475396067
0.000684970475396067
0.000684970475396067
0.000684970475396067
0.000684970475396067
0.000684970475396067
0.000684970475396067
0.000684970475396067
