0.00713087997957133
0.00713087997957133
0.00713087328291865
0.00713087328291865
0.00711583014672561
0.0071007499318757
0.0071007499318757
0.0071007499318757
0.00709904704037604
0.00709866814586335
0.00709866814586335
0.00711372158557432
0.00712838993173144
0.0071270635904924
0.0071270635904924
0.00712669693495952
0.00713053738134292
0.00713059018687236
0.00713059018687236
0.00712671003523675
0.00712671003523675
0.00712671003523675
0.00712677507917571
0.00712592177961631
0.00712589563116892
0.00712597456707249
0.00712588927612411
0.00712591608340469
0.00712589068266628
0.00712932415936681
0.0071294297704257
0.0071294297704257
0.00712846070754347
0.00712846070754347
0.00712846741914018
0.00712846741914018
0.00712849427704611
0.00712849427704611
0.00712852716959847
0.00712850099440385
0.0071284741318885
0.0071284741318885
0.00714286435681193
0.0071673413568107
0.00714205990847437
0.00714125751084856
0.00714125751084856
0.00713965328981262
0.00713965328981262
0.0071500018055414
0.0071500018055414
0.00715097813045258
0.00715100454677804
0.0071492336642986
0.0071498379115718
0.00714884335714104
0.00714805668430648
0.00714805668430648
0.00714652198244751
0.00714652198244751
0.00693426574897498
0.00692905488831491
0.00711771546915388
0.00711958482535087
0.00711957747316146
0.00711957747316146
0.00711958914689198
0.00711957747316146
0.00712055851417881
0.00712057172234155
0.00711955812473898
0.00711955812473898
0.00711878957283612
0.00711878957283612
0.00711877023517333
0.00711877023517333
0.00711880891587753
0.00711880891587753
0.00711880891587753
0.00711880891587753
0.00711880891587753
0.00711880891587753
0.00711878957283612
0.00711878957283612
0.00712067170185127
0.00712069812270085
0.00712069812270085
0.00712069812270085
0.00712069812270085
0.00712062775219503
0.00712062775219503
0.00712062775219503
0.00712060840125091
0.00712060840125091
0.00712065103295194
0.00712062775219503
