0.000628927260665045
0.000628927260665045
0.000628924025602102
0.000628924025602102
0.000628924025602102
0.000628911095338232
0.000628911095338232
0.000636875589622712
0.000636888519886582
0.000636806596748703
0.000628842102464223
0.000628842102464223
0.000628761066780783
0.000628673584809304
0.000628673584809304
0.00062859430793733
0.000628991072689068
0.000629006527965979
0.000629006527965979
0.00062859430793733
0.00062859430793733
0.00062859430793733
0.000628595595215799
0.000628608541025522
0.000628608541025522
0.000628475852747407
0.000628475852747407
0.00062848752729777
0.000628490112904828
0.000629969639640597
0.000629985094917508
0.000630769060649321
0.000630664476353665
0.000630664476353665
0.000630667722662712
0.000630667722662712
0.000630680717955682
0.000630680717955682
0.000630683969295573
0.000630683969295573
0.000630670969976947
0.000630670969976947
0.000630645019580931
0.000630648259869123
0.000630648259869123
0.00062862275240038
0.000630648259869123
0.00062862275240038
0.00062862275240038
0.00062862275240038
0.00062862275240038
0.000628717144990705
0.000628721010794431
0.000628626617432235
0.000628642473964509
0.000630566508989175
0.000635949717494959
0.000628424286240714
0.00062843010605823
0.00062842752753116
0.000628571677186341
0.000628571677186341
0.000628571677186341
0.000628569082242218
0.000628568435895895
0.000628568435895895
0.000628568435895895
0.000628568435895895
0.000628665518763721
0.000628669384567448
0.000628565195607704
0.000628565195607704
0.00062856195632128
0.000636087387575524
0.000628558718036135
0.000628558718036135
0.000628565195607704
0.000628565195607704
0.000606851386337736
0.000599325955083491
0.000599325955083491
0.000599325955083491
0.00062856195632128
0.000599322715797067
0.000628762674597025
0.000636298416426717
0.000611742977744867
0.00062877040752861
0.00062877040752861
0.000628775609028419
0.000628775609028419
0.000628775609028419
0.000627987192392547
0.000627987192392547
0.000628775609028419
0.000628775609028419
