0.00470888330038891
0.00470888330038891
0.00470888330038891
0.00470888330038891
0.00470888330038891
0.00470888330038891
0.00471640486848543
0.00471640486848543
0.00471640486848543
0.00471610789711061
0.00471610789711061
0.00471610789711061
0.00471581414275814
0.00471522593748172
0.00471522593748172
0.00471493855882081
0.00471766035600466
0.00471768611479951
0.00471768611479951
0.00471494782487056
0.00471494782487056
0.00471494782487056
0.00471499804790778
0.00471462179571228
0.004714603300469
0.00471465913318129
0.00471464062516105
0.00471463418876871
0.00471467156458172
0.00166220180136142
0.00121162804696224
0.00471712876790074
0.00471643237768879
0.00471643237768879
0.00471643237768879
0.00471643237768879
0.00471643237768879
0.00471643237768879
0.00471645089185083
0.00471643237768879
0.00471643237768879
0.00471643237768879
0.00471583416215051
0.00471583416215051
0.00471525147663732
0.00471468392709711
0.00470715849584286
0.004706023802915
0.00471354923416925
0.00471354923416925
0.00471354923416925
0.00471426427813409
0.00471428006349931
0.00471300050689561
0.00471342710727943
0.00471270671290715
0.00471211817932962
0.00471211817932962
0.00471101926112544
0.00471101896922514
0.0047035106780086
0.00470243385221487
0.00470241706636925
0.00470241706636925
0.00470241706636925
0.00470241706636925
0.00470242532339815
0.00470241706636925
0.00470313715949691
0.00471067032235861
0.00470994249762349
0.00470994249762349
0.00470941256940441
0.00470941256940441
0.00470941256940441
0.00470941256940441
0.00470941256940441
0.00470941256940441
0.00470941256940441
0.00470941256940441
0.00470941256940441
0.00470941256940441
0.00470941256940441
0.00470941256940441
0.00471076207835394
0.00470324695767514
0.00470324695767514
0.00471077496657325
0.00471077496657325
0.00471072519231303
0.00471072519231303
0.00471072519231303
0.00130951975285384
0.00121174902880151
0.00470815980021127
0.00470814333333444
