0.000265136243835949
0.000265136243835949
0.000265136243835949
0.000265136243835949
0.000265136243835949
0.000265136243835949
0.000265136243835949
0.000265136243835949
0.000265136243835949
0.000265136243835949
0.000265136243835949
0.000265136243835949
0.000265136243835949
0.000265136243835949
0.000265136243835949
0.000265136243835949
0.000265223829034973
0.000265235420492656
0.000265235420492656
0.000265136243835949
0.000265136243835949
0.000265136243835949
0.000265136243835949
0.000265136243835949
0.000265136243835949
0.000265136243835949
0.000265136243835949
0.000265136243835949
0.000265136243835949
0.00308538533312601
0.00353418844784123
0.000265232841082151
0.000265208035066521
0.000265208035066521
0.000265208035066521
0.000265208035066521
0.000265208035066521
0.000265208035066521
0.000265208035066521
0.000265208035066521
0.000265208035066521
0.000265208035066521
0.000265208035066521
0.000265208035066521
0.000265208035066521
0.000265208035066521
0.000265208035066521
0.000265208035066521
0.000265208035066521
0.000265208035066521
0.000265208035066521
0.000265229941729356
0.000265232841082151
0.000265208035066521
0.000265232841082151
0.000265208035066521
0.000265208035066521
0.000265208035066521
0.000265208035066521
0.000265208035066521
0.000265208035066521
0.000265208035066521
0.000265208035066521
0.000265208035066521
0.000265208035066521
0.000265208035066521
0.000265208035066521
0.000265208035066521
0.000265229941729356
0.000265232841082151
0.000265208035066521
0.000265208035066521
0.000265208035066521
0.000265208035066521
0.000265208035066521
0.000265208035066521
0.000265208035066521
0.000265208035066521
0.000265208035066521
0.000265208035066521
0.000265208035066521
0.000265208035066521
0.000265208035066521
0.000265208035066521
0.000265251855895833
0.000265257655594522
0.000265257655594522
0.000265257655594522
0.000265257655594522
0.000265257655594522
0.000265257655594522
0.000265257655594522
0.00343291663630347
0.00352890035995473
0.000265257655594522
0.000265257655594522
