0.00016548384023952
0.00016548384023952
0.00016548351750927
0.00016548351750927
0.00016548351750927
0.000165482227141129
0.000165482227141129
0.000165482227141129
0.00016548351750927
0.00016548351750927
0.00016548351750927
0.00016548351750927
0.00016548351750927
0.000165455619639056
0.000165455619639056
0.000165455619639056
0.000165549612781409
0.000165549612781409
0.000165549612781409
0.000165456897714883
0.000165456897714883
0.000165456897714883
0.000165456897714883
0.000165418770026178
0.000165417505355892
0.000165418770026178
0.000165417505355892
0.000165418797273029
0.000165420130297341
0.000165510160887213
0.000165510160887213
0.000165510160887213
0.000165486985941643
0.000165486985941643
0.000165487309392087
0.000165487309392087
0.000165488603749
0.000165488603749
0.00016549019343544
0.000165488927477084
0.000165487632898031
0.000165487632898031
0.000165443509468309
0.000165443832586057
0.000165403993769278
0.000165365805895285
0.000165365805895285
0.000165288203775257
0.000165288203775257
0.000165288203775257
0.000165288203775257
0.000165310988890164
0.000165310988890164
0.000165250014860151
0.000165272787386948
0.000165248504809776
0.000165250014860151
0.000165250014860151
0.000165175152636292
0.000165175152636292
0.000165175152636292
0.000165101516206087
0.000165101516206087
0.000165101516206087
0.000165101193032926
0.000165101193032926
0.000165102331933464
0.000165101193032926
0.000165123917137451
0.000165123917137451
0.000165100869915179
0.000165100869915179
0.000165064294618296
0.000165064294618296
0.000165063971611334
0.000165063971611334
0.000165064617680644
0.000165064617680644
0.000165064617680644
0.000165064617680644
0.000165064617680644
0.000165064617680644
0.000165064294618296
0.000165064294618296
0.000165110373421371
0.000165110373421371
0.000165110373421371
0.000165110373421371
0.000165110373421371
0.000165110373421371
0.000165110373421371
0.000165110373421371
0.000165110050192781
0.000165110050192781
0.000165111501401631
0.000165110373421371
