0.00095250827219494
0.00095250827219494
0.000952506816998649
0.000952506816998649
0.000952506816998649
0.000952501000373592
0.000952501000373592
0.000952501000373592
0.000952506816998649
0.000952476095821945
0.000952476095821945
0.000952476095821945
0.000952445707440654
0.000952349235078847
0.000952349235078847
0.000952319506251856
0.000952825944654365
0.000952825944654365
0.000952825944654365
0.000952321742884554
0.000952321742884554
0.000991929556961241
0.000991941790735613
0.000952247315531618
0.000952242851162551
0.000952256328024138
0.000952251860570978
0.000952257690194642
0.000952258347629965
0.000960242426691581
0.000999904508658084
0.0009923551531139
0.000952591237603523
0.00097892799271322
0.000952592697557249
0.000952592697557249
0.000952598541559797
0.000952598541559797
0.000952604472543985
0.000952600003608319
0.000952594157929545
0.000952594157929545
0.000952438089806198
0.000952439547252581
0.000952298899025258
0.000952161904308656
0.000952161904308656
0.000951888012912277
0.000951888012912277
0.000951888012912277
0.000951888012912277
0.00095202150293482
0.000952023757986994
0.000951755652600323
0.000951857140417847
0.000951722443560576
0.000951620680110017
0.000951620680110017
0.000951356811396862
0.000951356811396862
0.000951360948647342
0.00095110102517989
0.000951096973424049
0.000951096000320003
0.000951095515560261
0.000951095515560261
0.000951097508636204
0.000951095515560261
0.000951230561417904
0.000951230561417904
0.000951094058113879
0.000951094058113879
0.000950964687376655
0.000950964687376655
0.000950963230764504
0.000950963230764504
0.000948136516240624
0.000948136516240624
0.000948136516240624
0.000948136516240624
0.000948136516240624
0.000948136516240624
0.000948135464122258
0.000948135464122258
0.000948384975539646
0.000948384975539646
0.000948384975539646
0.000948384975539646
0.000948384975539646
0.000948372961063043
0.000948372961063043
0.000948372961063043
0.000955923688093289
0.000955923688093289
0.000948376935826418
0.000948372961063043
