0.000342253584718496
0.000342253584718496
0.000342253584718496
0.000342253584718496
0.000342253584718496
0.000342253584718496
0.000342253584718496
0.000342253584718496
0.000342253584718496
0.000342253584718496
0.000342253584718496
0.000342253584718496
0.000342253584718496
0.000342250365089616
0.000342250365089616
0.000342250365089616
0.000342447652813103
0.000342450228692588
0.000342450228692588
0.000342250365089616
0.000342250365089616
0.000342250365089616
0.00034225422824757
0.000342248432849365
0.000342248432849365
0.000342250364428229
0.000342249720348184
0.000342249076708949
0.000342252940969101
0.00034242539383942
0.000342433121477876
0.000342433121477876
0.000342381687105945
0.000342381687105945
0.000342381687105945
0.000342381687105945
0.000342381687105945
0.000342381687105945
0.000342382330965529
0.000342381687105945
0.000342381687105945
0.000342381687105945
0.000342381043466711
0.000342381043466711
0.000342381043466711
0.000342381043466711
0.000342381043466711
0.000342381043466711
0.000342381043466711
0.000342381043466711
0.000342381043466711
0.000342430545377815
0.000342431833979057
0.000342381385555108
0.000342431189678436
0.000342381043466711
0.000342379111887847
0.000342379111887847
0.000342379111887847
0.000342379111887847
0.000342379111887847
0.000342379111887847
0.000342379111887847
0.000342379111887847
0.000342379111887847
0.000342379111887847
0.000342379111887847
0.000342379111887847
0.000342428613798951
0.000342429258099572
0.000342379111887847
0.000342379111887847
0.000342379111887847
0.000342379111887847
0.000342379111887847
0.000342379111887847
0.000342379111887847
0.000342379111887847
0.000342379111887847
0.000342379111887847
0.000342379111887847
0.000342379111887847
0.000342379111887847
0.000342379111887847
0.000342477487929665
0.000342478776751595
0.000342478776751595
0.000342478776751595
0.000342478776751595
0.000342478776751595
0.000342478776751595
0.000342478776751595
0.000342478776751595
0.000342478776751595
0.000342478776751595
0.000342478776751595
