1.50431361930335e-05
1.50431361930335e-05
1.50431361930335e-05
1.50431361930335e-05
1.50431361930335e-05
1.50431361930335e-05
1.50431361930335e-05
1.50431361930335e-05
1.50431361930335e-05
1.50431361930335e-05
1.50431361930335e-05
1.50431361930335e-05
1.50431361930335e-05
1.50431361930335e-05
1.50431361930335e-05
1.50431361930335e-05
1.5053439710974e-05
1.5053439710974e-05
1.5053439710974e-05
1.50431361930335e-05
1.50431361930335e-05
2.25647042895503e-05
2.25647042895503e-05
1.50431361930335e-05
1.50431361930335e-05
1.50431361930335e-05
1.50431361930335e-05
1.50431361930335e-05
1.50431361930335e-05
1.5053439710974e-05
2.25801595664609e-05
2.25801595664609e-05
1.50508625084896e-05
1.50508625084896e-05
1.50508625084896e-05
1.50508625084896e-05
1.50508625084896e-05
1.50508625084896e-05
1.50508625084896e-05
1.50508625084896e-05
1.50508625084896e-05
1.50508625084896e-05
1.50508625084896e-05
1.50508625084896e-05
1.50508625084896e-05
1.50508625084896e-05
1.50508625084896e-05
1.50508625084896e-05
1.50508625084896e-05
1.50508625084896e-05
1.50508625084896e-05
1.5053439710974e-05
1.5053439710974e-05
1.50508625084896e-05
1.5053439710974e-05
1.50508625084896e-05
1.50508625084896e-05
1.50508625084896e-05
1.50508625084896e-05
1.50508625084896e-05
1.50508625084896e-05
1.50508625084896e-05
1.50508625084896e-05
1.50508625084896e-05
1.50508625084896e-05
1.50508625084896e-05
1.50508625084896e-05
1.50508625084896e-05
1.5053439710974e-05
1.5053439710974e-05
1.50508625084896e-05
1.50508625084896e-05
1.50508625084896e-05
1.50508625084896e-05
1.50508625084896e-05
1.50508625084896e-05
1.50508625084896e-05
1.50508625084896e-05
1.50508625084896e-05
1.50508625084896e-05
1.50508625084896e-05
1.50508625084896e-05
1.50508625084896e-05
1.50508625084896e-05
1.5056017796213e-05
1.5056017796213e-05
1.5056017796213e-05
1.5056017796213e-05
1.5056017796213e-05
1.5056017796213e-05
1.5056017796213e-05
1.5056017796213e-05
1.5056017796213e-05
1.5056017796213e-05
1.5056017796213e-05
1.5056017796213e-05
