3.76075187730844e-05
3.76075187730844e-05
3.76075187730844e-05
3.76075187730844e-05
3.76075187730844e-05
3.76075187730844e-05
3.76075187730844e-05
3.76075187730844e-05
3.76075187730844e-05
3.76075187730844e-05
3.76075187730844e-05
3.76075187730844e-05
3.76075187730844e-05
3.7607197063585e-05
3.7607197063585e-05
3.7607197063585e-05
3.7618250857173e-05
3.76195387969156e-05
3.76195387969156e-05
3.7607197063585e-05
3.7607197063585e-05
3.7607197063585e-05
3.7607197063585e-05
3.7607197063585e-05
3.7607197063585e-05
3.7607197063585e-05
3.7607197063585e-05
3.7607197063585e-05
3.7607197063585e-05
3.7618250857173e-05
3.76195387969156e-05
3.76195387969156e-05
3.76165323532062e-05
3.76165323532062e-05
3.76165323532062e-05
3.76165323532062e-05
3.76165323532062e-05
3.76165323532062e-05
3.76165323532062e-05
3.76165323532062e-05
3.76165323532062e-05
3.76165323532062e-05
3.76165323532062e-05
3.76165323532062e-05
3.76165323532062e-05
3.76165323532062e-05
3.76165323532062e-05
3.76165323532062e-05
3.76165323532062e-05
3.76165323532062e-05
3.76165323532062e-05
3.76192166466051e-05
3.76195387969156e-05
3.76166933318775e-05
3.76195387969156e-05
3.76165323532062e-05
3.76165323532062e-05
3.76165323532062e-05
3.76165323532062e-05
3.76165323532062e-05
3.76165323532062e-05
3.76165323532062e-05
3.76165323532062e-05
3.76165323532062e-05
3.76165323532062e-05
3.76165323532062e-05
3.76165323532062e-05
3.76165323532062e-05
3.76192166466051e-05
3.76195387969156e-05
3.76165323532062e-05
3.76165323532062e-05
3.76165323532062e-05
3.76165323532062e-05
3.76165323532062e-05
3.76165323532062e-05
3.76165323532062e-05
3.76165323532062e-05
3.76165323532062e-05
3.76165323532062e-05
3.76165323532062e-05
3.76165323532062e-05
3.76165323532062e-05
3.76165323532062e-05
3.76215795466764e-05
3.76222239576418e-05
3.76222239576418e-05
3.76222239576418e-05
3.76222239576418e-05
3.76222239576418e-05
3.76222239576418e-05
3.76222239576418e-05
3.76222239576418e-05
3.76222239576418e-05
3.76222239576418e-05
3.76222239576418e-05
