0.0120550267541685
0.0120550267541685
0.0120549879353533
0.0120549879353533
0.0122016585132353
0.0122739016694928
0.0122739016694928
0.0122739016694928
0.0123226008024412
0.0123141678394358
0.0122427129425189
0.0121966401180784
0.0120509484102422
0.0120459715369036
0.0120459715369036
0.0121315876148128
0.0120936074926577
0.0120939037187985
0.0120637968393765
0.0120675215162698
0.0120581195561491
0.0120675215162698
0.0121212914316245
0.0120677010915288
0.0120676390228373
0.0120655630387702
0.0120655008850458
0.0120617919035845
0.0120728594663602
0.0124328085280874
0.012433236124082
0.0124343315786779
0.0124342593719741
0.0120608191045294
0.0120608580572869
0.0120608580572869
0.0120610139878715
0.0129505963620915
0.0129582274071944
0.0129581652747446
0.0121323886189093
0.012060897021994
0.012058608568188
0.0120586474493687
0.0120566917997249
0.0120470602962204
0.0120547572246016
0.0120432530214401
0.0120507784526944
0.0120507784526944
0.0120507784526944
0.0120621808810987
0.0120622601300751
0.0120546466102253
0.0120611319316247
0.0127787023518623
0.0127524731739264
0.0125662245471042
0.0120486421879847
0.0120410755002974
0.0120432385560276
0.0120343080749454
0.0120341963622487
0.0120341661960232
0.0120341578743143
0.0120341578743143
0.0120342509794333
0.0120341578743143
0.01203990828008
0.0120399823746514
0.0120341193981697
0.0120341193981697
0.0120321689435418
0.0120415757326096
0.0120321300861739
0.0120321300861739
0.0120322078128131
0.0120322078128131
0.0120322078128131
0.0120416146018809
0.0120208893001523
0.0120136045729471
0.012013567323319
0.012013567323319
0.0120078865809249
0.0120174448065695
0.0119438248280219
0.0119273194102881
0.0119986247843243
0.0120256185176208
0.0120001755302653
0.0120763894288938
0.0120028083473899
0.0120028083473899
0.0119984403412939
0.0119982935280408
