0.000783786246832141
0.000783786246832141
0.000783783174104379
0.000783783174104379
0.000783783174104379
0.000783770892347386
0.000783770892347386
0.000783770892347386
0.000783783174104379
0.000783711491358734
0.000783711491358734
0.000783711491358734
0.000783640585135724
0.000783506194217991
0.000783506194217991
0.000783436826955013
0.000783882181724822
0.000783886045544049
0.00078953882145916
0.000789085710938026
0.000789085710938026
0.000783439383106668
0.000783447753723651
0.000783374128801666
0.000783371599461094
0.000783374128801666
0.000783361505045018
0.000783372528304629
0.000783383487951907
0.000783776560261863
0.000783788151719546
0.000783788151719546
0.00078367525318522
0.00078367525318522
0.000783678336293469
0.000787441051920592
0.000783690677942502
0.000783690677942502
0.000783696297577682
0.00078369376566097
0.000783681420322882
0.000783681420322882
0.00078357369998488
0.000783576777575358
0.000783497099941801
0.000783420724193814
0.000783420724193814
0.00078326551995376
0.00078326551995376
0.00078326551995376
0.00078326551995376
0.000783373269551145
0.000783375202453008
0.000783191557961424
0.000783229113269461
0.000783115960350958
0.000782978491243123
0.000782978491243123
0.000782831198958094
0.000782831198958094
0.000782831198958094
0.000782683926097684
0.000782683926097684
0.000782681655521576
0.000782680847588673
0.000782680847588673
0.00078268312538975
0.000782680847588673
0.000782789370795125
0.000782790337246057
0.000782677769998195
0.000782677769998195
0.000782602188856744
0.000782602188856744
0.00078259911310202
0.00078259911310202
0.000782605265529126
0.000782605265529126
0.000782605265529126
0.000782605265529126
0.000782605265529126
0.000782605265529126
0.000782602188856744
0.000782602188856744
0.000782825379607699
0.000782827312840595
0.000782827312840595
0.000782827312840595
0.000782827312840595
0.000789922171495673
0.000804976940538963
0.000804976940538963
0.00080497386267138
0.00080497386267138
0.00080498033981258
0.000804976940538963
