0.000171126792359248
0.000171126792359248
0.000171126792359248
0.000171126792359248
0.000171126792359248
0.000171126792359248
0.000171126792359248
0.000171126792359248
0.000171126792359248
0.000171126792359248
0.000171126792359248
0.000171126792359248
0.000171126792359248
0.000171125182544808
0.000171125182544808
0.000171125182544808
0.000171223826406551
0.000171225114346294
0.000171225114346294
0.000171125182544808
0.000171125182544808
0.000171125182544808
0.000171127114123785
0.000171125504364425
0.000171125504364425
0.000171125504364425
0.000171125504364425
0.000171125182544808
0.000171127758424293
0.000171213341110043
0.000171217204929271
0.000171217204929271
0.000171191487522787
0.000171191487522787
0.000171191487522787
0.000171191487522787
0.000171191487522787
0.000171191487522787
0.000171191487522787
0.000171191487522787
0.000171191487522787
0.000171191487522787
0.000171191487522787
0.000171191487522787
0.000171191487522787
0.000171191487522787
0.000171191487522787
0.000171191487522787
0.000171191487522787
0.000171191487522787
0.000171191487522787
0.00017121656062865
0.000171217204929271
0.000171191819628352
0.000171216882778961
0.000171191497588315
0.000171190521733355
0.000171190521733355
0.000171190531798883
0.000171190521733355
0.000171190521733355
0.000171190521733355
0.000171190521733355
0.000171190521733355
0.000171190521733355
0.000171190521733355
0.000171190521733355
0.000171190521733355
0.000171215594839218
0.000171215916989529
0.000171190521733355
0.000171190521733355
0.000171190521733355
0.000171190521733355
0.000171190521733355
0.000171190521733355
0.000171190521733355
0.000171190521733355
0.000171190521733355
0.000171190521733355
0.000171190521733355
0.000171190521733355
0.000171190521733355
0.000171190521733355
0.00017124035416523
0.000171240998576195
0.000171240998576195
0.000171240998576195
0.000171240998576195
0.000171240998576195
0.000171240998576195
0.000171240998576195
0.000171240998576195
0.000171240998576195
0.000171240998576195
0.000171240998576195
