8.27372490616844e-05
8.27372490616844e-05
8.27372490616844e-05
8.27372490616844e-05
8.27372490616844e-05
8.27372490616844e-05
8.27372490616844e-05
8.27372490616844e-05
8.27372490616844e-05
8.26962874927449e-05
8.26962874927449e-05
8.26962874927449e-05
8.26557696510248e-05
8.26131559443798e-05
8.26131559443798e-05
8.25735175083928e-05
8.26299648968415e-05
8.26299648968415e-05
8.26299648968415e-05
8.25735175083928e-05
8.25735175083928e-05
8.25735175083928e-05
8.25735175083928e-05
8.25735175083928e-05
8.25735175083928e-05
8.25735175083928e-05
8.25735175083928e-05
8.25735175083928e-05
8.25735175083928e-05
8.26299648968415e-05
8.26299648968415e-05
8.26299648968415e-05
8.26158458155299e-05
8.26158458155299e-05
8.26158458155299e-05
8.26158458155299e-05
7.13370629394134e-05
7.13370629394134e-05
7.13373866674971e-05
7.13373866674971e-05
7.13360920884441e-05
7.13360920884441e-05
7.1333505594081e-05
7.13338287118284e-05
7.13338287118284e-05
7.13338287118284e-05
7.13338287118284e-05
7.13338287118284e-05
7.13338287118284e-05
7.13338287118284e-05
7.13338287118284e-05
7.13456937638168e-05
7.13456937638168e-05
7.13338287118284e-05
7.13064253488555e-05
7.12942502982027e-05
7.12134567801576e-05
7.12134567801576e-05
7.12137799533187e-05
7.12137799533187e-05
7.12137799533187e-05
7.12137799533187e-05
7.12137799533187e-05
7.12137799533187e-05
7.12134567801576e-05
7.12134567801576e-05
7.12134567801576e-05
7.12134567801576e-05
7.12252813629449e-05
7.12252813629449e-05
7.12131336624103e-05
7.12131336624103e-05
7.12128106000625e-05
7.12128106000625e-05
7.12124875931e-05
7.12124875931e-05
7.12131336624103e-05
7.12131336624103e-05
7.12131336624103e-05
7.12131336624103e-05
7.12131336624103e-05
7.12131336624103e-05
7.12128106000625e-05
7.12128106000625e-05
7.12371099249122e-05
7.12371099249122e-05
7.12371099249122e-05
7.12371099249122e-05
7.12371099249122e-05
7.12371099249122e-05
7.12371099249122e-05
7.12371099249122e-05
7.12367866963231e-05
7.12367866963231e-05
7.12371099249122e-05
7.12371099249122e-05
