0.0117757632526843
0.0117757632526843
0.0117757531566934
0.0117757531566934
0.0115144070000137
0.0116676022755216
0.0116732447395337
0.0116539925826263
0.0114293967095772
0.0112807004614122
0.0114729486845394
0.01169033663045
0.0118126347242625
0.0118112395619149
0.0118112395619149
0.01181099182169
0.0112406842725767
0.0112332142220699
0.0112426277807102
0.0118185409078725
0.0118467467882344
0.0118279364293961
0.0118487875286608
0.0118194926434137
0.0117780635828959
0.0117775783059073
0.0117681225999243
0.0117681263435525
0.0117833360717722
0.0122205898585936
0.0124280679355409
0.01240328928595
0.0125434179945187
0.0118353003030847
0.0118654126388106
0.0118654126388106
0.0118560483175174
0.0127067183546956
0.0127067740904255
0.0127067311630435
0.0119224528212224
0.0118334401691819
0.0118322902482889
0.0118323008440612
0.0118312694522727
0.0118233493889375
0.0118341429796135
0.0118232220511259
0.0118232220511259
0.0118232220511259
0.0118232220511259
0.011823005948452
0.0118212315445415
0.0118241254968985
0.0118801083999521
0.0124749799494335
0.0125169437183215
0.0121669805161108
0.0118118001103286
0.0118136811461022
0.0118075620736812
0.0118018931812941
0.0118150441636766
0.011816921629074
0.0118169149232309
0.0118169149232309
0.0118169351387155
0.0118299750228791
0.0118373883357899
0.0118185863550655
0.0118130322067847
0.0118130322067847
0.011842185130849
0.011825252910527
0.0118120728150307
0.0118120728150307
0.0118421957241353
0.0118120939991183
0.0118252635038133
0.0118120939991183
0.0118120939991183
0.0118120939991183
0.011812083405832
0.011812083405832
0.0118117809629145
0.0118042861416776
0.0117817021149833
0.0117817021149833
0.0117911121261059
0.0119811628113099
0.011984926815759
0.0121414359471376
0.012169661665185
0.0122223577274717
0.0120828200995887
0.0120827909314343
