2.25647042895503e-05
2.25647042895503e-05
2.25647042895503e-05
2.25647042895503e-05
2.25647042895503e-05
2.25647042895503e-05
2.25647042895503e-05
2.25647042895503e-05
2.25647042895503e-05
2.25647042895503e-05
2.25647042895503e-05
2.25647042895503e-05
2.25647042895503e-05
2.25647042895503e-05
2.25647042895503e-05
2.25647042895503e-05
2.25775828051273e-05
2.25775828051273e-05
2.25775828051273e-05
2.25647042895503e-05
2.25647042895503e-05
2.25647042895503e-05
2.25647042895503e-05
2.25647042895503e-05
2.25647042895503e-05
2.25647042895503e-05
2.25647042895503e-05
2.25647042895503e-05
2.25647042895503e-05
2.25724310461571e-05
2.25775828051273e-05
2.25775828051273e-05
2.2574361687958e-05
2.2574361687958e-05
2.2574361687958e-05
2.2574361687958e-05
2.2574361687958e-05
2.2574361687958e-05
2.2574361687958e-05
2.2574361687958e-05
2.2574361687958e-05
2.2574361687958e-05
2.2574361687958e-05
2.2574361687958e-05
2.2574361687958e-05
2.2574361687958e-05
2.2574361687958e-05
2.2574361687958e-05
2.2574361687958e-05
2.2574361687958e-05
2.2574361687958e-05
0.00060420614086207
0.000611734149318799
3.00997929422028e-05
0.000611655390799379
3.76252241964476e-05
3.00997929422028e-05
3.00997929422028e-05
2.2574361687958e-05
1.50489304337132e-05
1.50489304337132e-05
1.50489304337132e-05
1.50489304337132e-05
1.50489304337132e-05
1.50489304337132e-05
1.50489304337132e-05
1.50489304337132e-05
1.50489304337132e-05
0.000596371936852998
0.000611426665165214
2.2574361687958e-05
2.2574361687958e-05
2.2574361687958e-05
1.50489304337132e-05
1.50489304337132e-05
1.50489304337132e-05
1.50489304337132e-05
1.50489304337132e-05
1.50489304337132e-05
1.50489304337132e-05
1.50489304337132e-05
1.50489304337132e-05
1.50489304337132e-05
1.50489304337132e-05
1.50527960171759e-05
1.50527960171759e-05
1.50527960171759e-05
1.50527960171759e-05
1.50527960171759e-05
1.50527960171759e-05
1.50527960171759e-05
1.50527960171759e-05
1.50527960171759e-05
1.50527960171759e-05
1.50527960171759e-05
1.50527960171759e-05
