0.00119789656209293
0.00119789656209293
0.00119789656209293
0.00119789656209293
0.00119789656209293
0.00119789656209293
0.00119789656209293
0.00119789656209293
0.00119789656209293
0.00119789656209293
0.00119789656209293
0.00119789656209293
0.00119789656209293
0.00119788529339185
0.00119788529339185
0.00119788529339185
0.00119857581278263
0.00119858482836083
0.00119858482836083
0.00119788529339185
0.00119788529339185
0.00119788529339185
0.00119789881444469
0.00119787853055098
0.00119787853055098
0.001197885291077
0.00119788303679684
0.00119788078405952
0.00119789430897005
0.00119848887843797
0.00119851592517256
0.00119851592517256
0.00119833590487081
0.00119833590487081
0.00119833590487081
0.00119833590487081
0.00119833590487081
0.00119833590487081
0.00119833815837935
0.00119833590487081
0.00119833590487081
0.00119833590487081
0.00119833365213349
0.00119833365213349
0.00119833365213349
0.00119833365213349
0.00119833365213349
0.00119833365213349
0.00119833365213349
0.00119833365213349
0.00119833365213349
0.00119850690882235
0.0011985114189267
0.00119833597687244
0.00119850916387453
0.00119833372259218
0.00119832689160746
0.00119832689160746
0.00119832696206616
0.00119832689160746
0.00119832689160746
0.00119832689160746
0.00119832689160746
0.00119832689160746
0.00119832689160746
0.00119832689160746
0.00119832689160746
0.00119832689160746
0.00119850014829633
0.0011985024033485
0.00119832689160746
0.00119832689160746
0.00119832689160746
0.00119832689160746
0.00119832689160746
0.00119832689160746
0.00119831337055542
0.00119831337055542
0.00119831337055542
0.00119831337055542
0.00119831337055542
0.00119831337055542
0.00119831337055542
0.00119831337055542
0.00119864866494826
0.00119865317582502
0.00119865317582502
0.00119865317582502
0.00119865317582502
0.00119865317582502
0.00119865317582502
0.00119865317582502
0.00119865317582502
0.00119865317582502
0.00119865317582502
0.00119865317582502
