3.76078404825838e-06
3.76078404825838e-06
3.76078404825838e-06
3.76078404825838e-06
3.76078404825838e-06
3.76078404825838e-06
3.76078404825838e-06
3.76078404825838e-06
3.76078404825838e-06
3.76078404825838e-06
3.76078404825838e-06
3.76078404825838e-06
3.76078404825838e-06
3.76078404825838e-06
3.76078404825838e-06
3.76078404825838e-06
3.76207154707668e-06
3.76207154707668e-06
1.50457111906701e-05
1.50418493550358e-05
1.50418493550358e-05
1.50418493550358e-05
1.50418493550358e-05
1.50418493550358e-05
1.50418493550358e-05
1.50418493550358e-05
1.50418493550358e-05
1.50418493550358e-05
1.50418493550358e-05
1.50457111906701e-05
1.50457111906701e-05
1.50457111906701e-05
1.50450672759851e-05
1.50450672759851e-05
1.50450672759851e-05
1.50450672759851e-05
1.50450672759851e-05
1.50450672759851e-05
1.50450672759851e-05
1.50450672759851e-05
1.50450672759851e-05
1.50450672759851e-05
1.50450672759851e-05
1.50450672759851e-05
1.50450672759851e-05
1.50450672759851e-05
1.50450672759851e-05
1.50450672759851e-05
1.50450672759851e-05
1.50450672759851e-05
1.50450672759851e-05
1.50457111906701e-05
1.50457111906701e-05
1.50453892333276e-05
1.50457111906701e-05
1.50450672759851e-05
1.50450672759851e-05
1.50450672759851e-05
1.50450672759851e-05
1.50450672759851e-05
1.50450672759851e-05
1.50450672759851e-05
1.50450672759851e-05
1.50450672759851e-05
1.50450672759851e-05
1.50450672759851e-05
1.50450672759851e-05
1.50450672759851e-05
1.50457111906701e-05
1.50457111906701e-05
1.50450672759851e-05
1.50450672759851e-05
1.50450672759851e-05
1.50450672759851e-05
1.50450672759851e-05
1.50450672759851e-05
1.50450672759851e-05
1.50450672759851e-05
1.50450672759851e-05
1.50450672759851e-05
1.50450672759851e-05
1.50450672759851e-05
1.50450672759851e-05
1.50450672759851e-05
1.50463552155862e-05
1.50463552155862e-05
1.50463552155862e-05
1.50463552155862e-05
1.50463552155862e-05
1.50463552155862e-05
0
0
0
0
0
0
