0.00136902464239192
0.00136902464239192
0.00136902464239192
0.00136902464239192
0.00136902464239192
0.00136902464239192
0.00136902464239192
0.00136902464239192
0.00136902464239192
0.00136902464239192
0.00136902464239192
0.00136902464239192
0.00136902464239192
0.0013690117638764
0.0013690117638764
0.0013690117638764
0.00136981123241237
0.00136982153593031
0.00136982153593031
0.0013690117638764
0.0013690117638764
0.0013690117638764
0.00136902721650822
0.0013690040349154
0.0013690040349154
0.00136901176123086
0.00136900918491067
0.00136900661035374
0.00136902206739434
0.00136971187887562
0.00136974278942944
0.00136974278942944
0.00136953447473924
0.00136953447473924
0.00136953447473924
0.00136953447473924
0.00136953447473924
0.00136953447473924
0.00136953705017757
0.00136953447473924
0.00136953447473924
0.00136953447473924
0.0013695319001823
0.0013695319001823
0.0013695319001823
0.0013695319001823
0.0013695319001823
0.0013695319001823
0.0013695319001823
0.0013695319001823
0.0013695319001823
0.0013697324850292
0.00136973763943417
0.00136953455702682
0.00136973506223168
0.00136953198070652
0.00136952417386684
0.00136952417386684
0.00136952425439106
0.00136952417386684
0.00136952417386684
0.00136952417386684
0.00136952417386684
0.00136952417386684
0.00136952417386684
0.00136952417386684
0.00136952417386684
0.00136952417386684
0.00136972475871374
0.00136972733591623
0.00136952417386684
0.00136952417386684
0.00136952417386684
0.00136952417386684
0.00136952417386684
0.00136952417386684
0.00136952417386684
0.00136952417386684
0.00136952417386684
0.00136952417386684
0.00136952417386684
0.00136952417386684
0.00136952417386684
0.00136952417386684
0.00136992283332184
0.00136992798860956
0.00136992798860956
0.00136992798860956
0.00136992798860956
0.00136992798860956
0.00136992798860956
0.00136992798860956
0.00136992798860956
0.00136992798860956
0.00136992798860956
0.00136992798860956
