0.000513380377077744
0.000513380377077744
0.000513380377077744
0.000513380377077744
0.000513380377077744
0.000513380377077744
0.000513380377077744
0.000513380377077744
0.000513380377077744
0.000513380377077744
0.000513380377077744
0.000513380377077744
0.000513380377077744
0.000513375547634423
0.000513375547634423
0.000513375547634423
0.000513671479219654
0.000513675343038882
0.000513675343038882
0.000513375547634423
0.000513375547634423
0.000513375547634423
0.000513381342371355
0.000513372649274048
0.000513372649274048
0.000513375546642344
0.000513374580522275
0.000513373615063423
0.000513379411453651
0.00051363809075913
0.000513649682216813
0.000513649682216813
0.000513572530658919
0.000513572530658919
0.000513572530658919
0.000513572530658919
0.000513572530658919
0.000513572530658919
0.000513573496448294
0.000513572530658919
0.000513572530658919
0.000513572530658919
0.000513571565200066
0.000513571565200066
0.000513571565200066
0.000513571565200066
0.000513571565200066
0.000513571565200066
0.000513571565200066
0.000513571565200066
0.000513571565200066
0.000513645818066723
0.000513647750968586
0.000513572078332663
0.000513646784517654
0.000513571565200066
0.00051356866783177
0.00051356866783177
0.00051356866783177
0.00051356866783177
0.00051356866783177
0.00051356866783177
0.00051356866783177
0.00051356866783177
0.00051356866783177
0.00051356866783177
0.00051356866783177
0.00051356866783177
0.000513642920698426
0.000513643887149358
0.00051356866783177
0.00051356866783177
0.00051356866783177
0.00051356866783177
0.00051356866783177
0.00051356866783177
0.00051356866783177
0.00051356866783177
0.00051356866783177
0.00051356866783177
0.00051356866783177
0.00051356866783177
0.00051356866783177
0.00051356866783177
0.000513716231894497
0.000513718165127393
0.000513718165127393
0.000513718165127393
0.000513718165127393
0.000513718165127393
0.000513718165127393
0.000513718165127393
0.000513718165127393
0.000513718165127393
0.000513718165127393
0.000513718165127393
