0.0319169680031551
0.0319169680031551
0.0319168926613306
0.0319770652061028
0.0323018243639468
0.0325855618860721
0.0326081265903616
0.0326185816505097
0.0324689912134692
0.0326295701567738
0.0324593925061218
0.0322334095256101
0.0322490080071085
0.0322291851711313
0.0322291851711313
0.0322281942102316
0.0321796406271898
0.0321798273784524
0.0321798273784524
0.0322432689820369
0.0319903814193668
0.032230106237868
0.0321043180396964
0.0322805273887249
0.0320065135870997
0.0319896673833581
0.0319895186332319
0.0319897994118852
0.0320684044747623
0.0337783788287339
0.0334848179674411
0.0337432381273754
0.0337007161173497
0.0323737671505458
0.0324707333558583
0.0324707333558583
0.0325086683711267
0.0354024277014455
0.0354025718804867
0.0353949845497535
0.0326202137070297
0.0322873813696992
0.0322718505694494
0.0322719281940111
0.0322702514141605
0.03221290652053
0.0322667850191985
0.0322171860137816
0.0322247114450359
0.0322265928028494
0.0322435221248113
0.0322515245848523
0.0322516292837032
0.0322306723108613
0.0323355945337623
0.0340029408578918
0.0340318168741238
0.0338722587660964
0.0322305830559321
0.0322303239139615
0.0316900802190262
0.0316663049019357
0.0321597816042116
0.0321597598715545
0.0321597039625977
0.0317132163021704
0.0316925464220331
0.0322199074126316
0.0322252054551455
0.0322271338469044
0.0321615076958496
0.0321615076958496
0.0321298124085552
0.0322201175836061
0.0321579551852826
0.0321579551852826
0.0322350877191612
0.0321599917410878
0.0322528389915229
0.0322546128431757
0.032210638268747
0.032210638268747
0.0321815503131636
0.0322105606612313
0.0321751173805768
0.032158272800146
0.0322372981527674
0.0322184968713309
0.0322184968713309
0.0324793621112818
0.0325627752528135
0.0333068130544585
0.0324326578894494
0.0324326578894494
0.0324423742206149
0.0324423271104438
