7.1455862458385e-05
7.1455862458385e-05
7.1455862458385e-05
7.1455862458385e-05
7.1455862458385e-05
7.1455862458385e-05
7.1455862458385e-05
7.1455862458385e-05
7.1455862458385e-05
7.1455862458385e-05
7.1455862458385e-05
7.1455862458385e-05
7.1455862458385e-05
7.14539318709924e-05
7.14539318709924e-05
7.14539318709924e-05
7.14912792581412e-05
7.14912792581412e-05
3.76223282891166e-05
3.76068754366669e-05
3.76068754366669e-05
6.01715797262172e-05
6.01715797262172e-05
6.01702928882195e-05
6.01690064904675e-05
6.01715797262172e-05
6.01715797262172e-05
6.01715797262172e-05
6.01690064904675e-05
6.01999110942439e-05
6.01999110942439e-05
6.01999110942439e-05
6.01925030429649e-05
6.01925030429649e-05
6.01925030429649e-05
6.01925030429649e-05
6.01925030429649e-05
6.01925030429649e-05
6.01937907621322e-05
6.01925030429649e-05
6.01925030429649e-05
6.01925030429649e-05
6.01515274902842e-05
6.01515274902842e-05
6.01109958914499e-05
6.00709010702425e-05
6.00709010702425e-05
5.99919938209097e-05
5.99919938209097e-05
5.99919938209097e-05
5.99919938209097e-05
6.00042181428121e-05
6.00042181428121e-05
5.99534897505979e-05
5.9965327528456e-05
5.99543748731568e-05
5.99531677932554e-05
5.99531677932554e-05
5.98767380034509e-05
5.98767380034509e-05
5.98791021465821e-05
5.98042108811007e-05
5.98018955920489e-05
5.98018955920489e-05
5.98018955920489e-05
5.98018955920489e-05
5.98018955920489e-05
5.98018955920489e-05
5.98138069666452e-05
5.98138069666452e-05
5.98018955920489e-05
5.98018955920489e-05
5.97650542791239e-05
5.97650542791239e-05
5.97650542791239e-05
5.97650542791239e-05
5.97650542791239e-05
5.97650542791239e-05
5.97650542791239e-05
5.97650542791239e-05
5.97650542791239e-05
5.97650542791239e-05
5.97650542791239e-05
5.97650542791239e-05
5.97772969844911e-05
5.97772969844911e-05
5.97772969844911e-05
5.97772969844911e-05
5.97772969844911e-05
5.97704315692892e-05
5.97704315692892e-05
5.97704315692892e-05
5.97704315692892e-05
5.97704315692892e-05
5.97715748823853e-05
5.97704315692892e-05
