0.000342532900009397
0.000342532900009397
0.000342532248103484
0.000342532248103484
0.000342532900009397
0.000342532900009397
0.000342532900009397
0.000342532900009397
0.000342532900009397
0.000342532900009397
0.000342532900009397
0.000342532900009397
0.000342532900009397
0.000342532900009397
0.000342532900009397
0.000342532879640717
0.000342532879640717
0.000342527338412541
0.000342526686506628
0.000342525382694802
0.000342564388290049
0.000342525382694802
0.000342525382694802
0.000342525382694802
0.000342525382694802
0.000342525382694802
0.000342525382694802
0.000342525382694802
0.000342525382694802
0.000342525382694802
0.000342525382694802
0.000342525382694802
0.000342525382694802
0.000342525382694802
0.000342525382694802
0.000342524404863847
0.000342524404863847
0.000342524404863847
0.000342524404863847
0.000342524404863847
0.000342524404863847
0.000342524404863847
0.000342524404863847
0.000342524404863847
0.000342524404863847
0.000342524404863847
0.000342524404863847
0.000342524404863847
0.000342524404863847
0.000342524404863847
0.000342524404863847
0.000342524404863847
0.000342524404863847
0.000342524839442975
0.000342524404863847
0.000342524404863847
0.000342524404863847
0.000342524404863847
0.000342524404863847
0.000342524404863847
0.000342524404863847
0.000342524404863847
0.000342524404863847
0.000342524404863847
0.000342524404863847
0.000342524404863847
0.000342524404863847
0.000342524404863847
0.000342524404863847
0.000342524404863847
0.000342524404863847
0.000342524404863847
0.000342524404863847
0.00034252505676976
0.000342524404863847
0.000342524404863847
0.000342524404863847
0.000342524404863847
0.000342524404863847
0.000342524404863847
0.000342524404863847
0.000342524404863847
0.000342524404863847
0.000342524404863847
0.000342524404863847
0.000342524404863847
0.000342524404863847
0.000342524404863847
0.000342524404863847
0.000342524404863847
0.000342524404863847
0.000342524404863847
0.000342524404863847
0.000342524404863847
0.000342524404863847
0.000342524404863847
