0.00137013160003759
0.00137013160003759
0.00137012899241393
0.00137012899241393
0.00137013160003759
0.00137013160003759
0.00137013160003759
0.00137013160003759
0.00137013160003759
0.00137013160003759
0.00137013160003759
0.00137013160003759
0.00137013160003759
0.00137013160003759
0.00137013160003759
0.00137013151856287
0.00137013151856287
0.00137010935365017
0.00137010674602651
0.00137010153077921
0.0013702575531602
0.00137010153077921
0.00137010153077921
0.00137010153077921
0.00137010153077921
0.00137010153077921
0.00137010153077921
0.00137010153077921
0.00137010153077921
0.00137010153077921
0.00137010153077921
0.00137010153077921
0.00137010153077921
0.00137010153077921
0.00137010153077921
0.00137009761945539
0.00137009761945539
0.00137009761945539
0.00137009761945539
0.00137009761945539
0.00137009761945539
0.00137009761945539
0.00137009761945539
0.00137009761945539
0.00137009761945539
0.00137009761945539
0.00137009761945539
0.00137009761945539
0.00137009761945539
0.00137009761945539
0.00137009761945539
0.00137009761945539
0.00137009761945539
0.00137010196539555
0.00137009761945539
0.00137009761945539
0.00137009761945539
0.00137009761945539
0.00137009761945539
0.00137009761945539
0.00137009761945539
0.00137009761945539
0.00137009761945539
0.00137009761945539
0.00137009761945539
0.00137009761945539
0.00137009761945539
0.00137009761945539
0.00137009761945539
0.00137009761945539
0.00137009761945539
0.00137010022707904
0.00137010022707904
0.00137010283470269
0.00137010022707904
0.00137010022707904
0.00137010022707904
0.00137010022707904
0.00137010022707904
0.00137010022707904
0.00137010022707904
0.00137010022707904
0.00137010022707904
0.00137010022707904
0.00137010022707904
0.00137010022707904
0.00137010022707904
0.00137010022707904
0.00137010022707904
0.00137010022707904
0.00137010022707904
0.00137010022707904
0.00137010022707904
0.00137010022707904
0.00137010022707904
0.00137010022707904
