0.00495974394416188
0.00495974394416188
0.00495631228579855
0.00495631228579855
0.0049596987272314
0.0049596987272314
0.0049596987272314
0.0049596987272314
0.0049596987272314
0.0049596987272314
0.0049596987272314
0.0049596987272314
0.0049596987272314
0.0049596987272314
0.0049596987272314
0.0049577957018433
0.00495969861520366
0.00495904098523362
0.00495713350853188
0.00495712242613135
0.00495950567630601
0.00495712242613135
0.00495712242613135
0.00495712242613135
0.00495712242613135
0.00490850030684968
0.00487139349632276
0.00487139349632276
0.00489427360830516
0.00487139349632276
0.00492096707228462
0.00492096707228462
0.00497234573301419
0.00497234573301419
0.00503325070491053
0.00497898213565623
0.00497898213565623
0.00497898213565623
0.00497327339557517
0.00497803067897605
0.00498278796237694
0.00498469087573729
0.00498439926938245
0.00498439926938245
0.00498220791768741
0.00498220791768741
0.00498220791768741
0.00498220791768741
0.00498164034079305
0.00498164034079305
0.00498155010317193
0.00498122750368268
0.00514206502566969
0.00514211602928882
0.00514206502566969
0.0051839291195975
0.0051839291195975
0.0051839291195975
0.0051839291195975
0.0051839291195975
0.0051839291195975
0.0051839291195975
0.0051839291195975
0.0051839291195975
0.0051839291195975
0.0051839291195975
0.00514206502566969
0.00514206502566969
0.00514206502566969
0.00514206502566969
0.00514206502566969
0.00514216024571632
0.00515684063253852
0.00535608754337884
0.00516420336118676
0.00516039753446605
0.00515634548178102
0.00515634548178102
0.0051487338283396
0.00512006801333414
0.00514861171373946
0.00514861171373946
0.00514861171373946
0.00514861171373946
0.00514861171373946
0.00514861171373946
0.00514861171373946
0.00514861171373946
0.00514861171373946
0.00514861171373946
0.00515622336718088
0.00509723305300988
0.00509723305300988
0.00509723305300988
0.00509723305300988
0.00509723305300988
