0.00240233528320892
0.00240233528320892
0.00240233039391457
0.00240233039391457
0.00240233528320892
0.00240233528320892
0.00240233528320892
0.00240233528320892
0.00240233528320892
0.00240233528320892
0.00240233528320892
0.00240233528320892
0.00240233528320892
0.00240233528320892
0.00240233528320892
0.00240233513044382
0.00240233513044382
0.00240183145202698
0.00240182721463854
0.00240182721463854
0.00240207725286752
0.00240182721463854
0.00240182721463854
0.00240182721463854
0.00240182721463854
0.00240182721463854
0.00240182721463854
0.00240182721463854
0.00240182721463854
0.00240182721463854
0.00240182721463854
0.00240182721463854
0.00240182721463854
0.00240182721463854
0.00240182721463854
0.00240182721463854
0.00240182721463854
0.00240182721463854
0.00240182721463854
0.00240182721463854
0.00240182721463854
0.00240182721463854
0.00240166764231651
0.00240166764231651
0.00240156678234147
0.00240156678234147
0.00240156678234147
0.00240156678234147
0.00240156678234147
0.00240156678234147
0.00240156678234147
0.00240156678234147
0.00240156678234147
0.00240157634840966
0.00240156678234147
0.00240156678234147
0.00240156678234147
0.00240156678234147
0.00240156678234147
0.00240156678234147
0.00240156678234147
0.00240156678234147
0.00240156678234147
0.00240156678234147
0.00240156678234147
0.00240156678234147
0.00240156678234147
0.00240156678234147
0.00240156678234147
0.00240156678234147
0.00240156678234147
0.00240156678234147
0.00240156678234147
0.00240156678234147
0.00240141120434573
0.00240141120434573
0.00240125731311803
0.00240125731311803
0.00240125731311803
0.00240118099149294
0.00240118099149294
0.00240118099149294
0.00240118099149294
0.00240118099149294
0.00240118099149294
0.00240118099149294
0.00240118099149294
0.00240118099149294
0.00240118099149294
0.00240118099149294
0.00240118099149294
0.00240118099149294
0.00240118099149294
0.00240118099149294
0.00240118099149294
0.00240118099149294
