0.000685068407642446
0.000685068407642446
0.00068506710383062
0.00068506710383062
0.000685068407642446
0.000685068407642446
0.000685068407642446
0.000685068407642446
0.000685068407642446
0.000685068407642446
0.000685068407642446
0.000685068407642446
0.000685068407642446
0.000685068407642446
0.000685068407642446
0.000685068366905086
0.000685068366905086
0.000685057284448735
0.000685055980636909
0.000685053373013257
0.000685130080391924
0.000685053373013257
0.000685053373013257
0.000685053373013257
0.000685053373013257
0.000685053373013257
0.000685053373013257
0.000685053373013257
0.000685053373013257
0.000685053373013257
0.000685053373013257
0.000685053373013257
0.000685053373013257
0.000685053373013257
0.000685053373013257
0.000685051417351346
0.000685051417351346
0.000685051417351346
0.000685051417351346
0.000685051417351346
0.000685051417351346
0.000685051417351346
0.000685050113539519
0.000685050113539519
0.000685048809727693
0.000685048809727693
0.000685048809727693
0.000685048809727693
0.000685048809727693
0.000685048809727693
0.000685048809727693
0.000685048809727693
0.000685048809727693
0.000685050982697777
0.000685048809727693
0.000685048809727693
0.000685048809727693
0.000685048809727693
0.000685048809727693
0.000685048809727693
0.000685048809727693
0.000685048809727693
0.000685048809727693
0.000685048809727693
0.000685048809727693
0.000685048809727693
0.000685048809727693
0.000685048809727693
0.000685048809727693
0.000685048809727693
0.000685048809727693
0.000685051417351346
0.000685051417351346
0.000685053373236598
0.000685051417351346
0.000685051417351346
0.000685051417351346
0.000685051417351346
0.000685051417351346
0.000685051417351346
0.000685051417351346
0.000685051417351346
0.000685051417351346
0.000685051417351346
0.000685051417351346
0.000685051417351346
0.000685051417351346
0.000685051417351346
0.000685051417351346
0.000685051417351346
0.000685051417351346
0.000685051417351346
0.000685051417351346
0.000685051417351346
0.000685051417351346
0.000685051417351346
