0.000515707101197077
0.000515707101197077
0.000515596402540195
0.000515596402540195
0.000515705642586416
0.000515705642586416
0.000515705642586416
0.000515705642586416
0.000515705642586416
0.000515705642586416
0.000515705642586416
0.000515705642586416
0.000515705642586416
0.000515705642586416
0.000515705642586416
0.000515705591664717
0.000515705591664717
0.000515659787831902
0.000515658809973033
0.00051565815806712
0.00051570888138702
0.00051565815806712
0.00051565815806712
0.00051565815806712
0.00051565815806712
0.00051565815806712
0.00051565815806712
0.00051565815806712
0.00051565815806712
0.00051565815806712
0.00051565815806712
0.00051565815806712
0.00051565815806712
0.00051565815806712
0.00051565815806712
0.000515657017301557
0.000515657017301557
0.000515657017301557
0.000515657017301557
0.000515657017301557
0.000515657017301557
0.000515657017301557
0.000515642510726827
0.000515642510726827
0.000515633341638187
0.000515633341638187
0.000515633341638187
0.000515633341638187
0.000515633341638187
0.000515221866866958
0.000515218955975954
0.000515218955975954
0.000515218955975954
0.000515229468790287
0.000515218955975954
0.000515630430747182
0.000515630430747182
0.000515630430747182
0.000515630430747182
0.000515630430747182
0.000515630430747182
0.000515630430747182
0.000515630430747182
0.000515630430747182
0.000515630430747182
0.000515630430747182
0.000515630430747182
0.000515630430747182
0.000515630430747182
0.000515630430747182
0.000515630430747182
0.00051563499531734
0.00051563499531734
0.000515635647334938
0.000515583135985428
0.000515583135985428
0.000515531838909528
0.000515531838909528
0.000515531838909528
0.000515506398367831
0.000515506398367831
0.000515506398367831
0.000515506398367831
0.000515506398367831
0.000515506398367831
0.000515506398367831
0.000515506398367831
0.000515506398367831
0.000515506398367831
0.000515506398367831
0.000515506398367831
0.000515506398367831
0.000515506398367831
0.000515506398367831
0.000515506398367831
0.000515506398367831
