0.00716441209844642
0.00716441209844642
0.00715987345351426
0.00715987345351426
0.00716435229540932
0.00716435229540932
0.00716435229540932
0.00716435229540932
0.00716435229540932
0.00716435229540932
0.00716435229540932
0.00716435229540932
0.00716435229540932
0.00716435229540932
0.00716435229540932
0.00716435174545497
0.00716435174545497
0.00716252080924971
0.00716252080924971
0.00716250744517849
0.00716319797651716
0.00716250744517849
0.00716250744517849
0.00716250744517849
0.00716250744517849
0.00717419583528944
0.00718180748873086
0.00718180748873086
0.00717011909861991
0.00718180748873086
0.00717011909861991
0.00717011909861991
0.00717011909861991
0.00717011909861991
0.00717011909861991
0.0071700996235658
0.0071700996235658
0.0071700996235658
0.0071700996235658
0.0071700996235658
0.0071700996235658
0.0071700996235658
0.00716923853057544
0.00716923853057544
0.00716838683126723
0.00716838683126723
0.00716838683126723
0.00716838683126723
0.00716671100546712
0.00716671100546712
0.00716659165893595
0.00716611928111241
0.00716524825174288
0.00716527956114778
0.00716524825174288
0.00716524825174288
0.00716524825174288
0.00716524825174288
0.00716524825174288
0.00716524825174288
0.00716524825174288
0.00716524825174288
0.00716524825174288
0.00716524825174288
0.00716524825174288
0.00716524825174288
0.00716524825174288
0.00716524825174288
0.00716524825174288
0.00716524825174288
0.00716524825174288
0.00716532618438376
0.00713897662925417
0.00694304414827129
0.00712713390257036
0.00713474555601178
0.00713813074671012
0.00713813074671012
0.00713813074671012
0.0071379221342682
0.0071379221342682
0.0071379221342682
0.0071379221342682
0.0071379221342682
0.0071379221342682
0.0071379221342682
0.0071379221342682
0.0071379221342682
0.0071379221342682
0.0071379221342682
0.0071379221342682
0.0071379221342682
0.0071379221342682
0.0071379221342682
0.0071379221342682
0.0071379221342682
