7.23110338976478e-05
7.23110338976478e-05
7.23110338976478e-05
7.23110338976478e-05
7.23110338976478e-05
7.23110338976478e-05
7.23110338976478e-05
7.23110338976478e-05
7.23110338976478e-05
7.23110338976478e-05
7.23110338976478e-05
7.23110338976478e-05
7.23110338976478e-05
7.23110338976478e-05
7.23110338976478e-05
7.23110338976478e-05
7.23110338976478e-05
7.23110338976478e-05
7.23110338976478e-05
7.23110338976478e-05
7.23136418005704e-05
7.23110338976478e-05
7.23110338976478e-05
7.23110338976478e-05
7.23110338976478e-05
7.23110338976478e-05
7.23110338976478e-05
7.23110338976478e-05
7.23110338976478e-05
7.23110338976478e-05
7.23110338976478e-05
7.23110338976478e-05
7.23110338976478e-05
7.23110338976478e-05
7.23110338976478e-05
7.23110338976478e-05
7.23110338976478e-05
7.23110338976478e-05
7.23110338976478e-05
7.23110338976478e-05
7.23110338976478e-05
7.23110338976478e-05
7.23110338976478e-05
7.23110338976478e-05
7.23058231131595e-05
7.23058231131595e-05
7.23058231131595e-05
7.23058231131595e-05
7.22234103266276e-05
7.22234103266276e-05
7.22234103266276e-05
7.22234103266276e-05
7.21778331643637e-05
7.21778331643637e-05
7.21778331643637e-05
7.21778331643637e-05
7.21778331643637e-05
7.21778331643637e-05
7.21778331643637e-05
7.21778331643637e-05
7.21778331643637e-05
7.21778331643637e-05
7.21778331643637e-05
7.21778331643637e-05
7.21778331643637e-05
7.21778331643637e-05
7.21778331643637e-05
7.21778331643637e-05
7.21778331643637e-05
7.21778331643637e-05
7.21778331643637e-05
7.21778331643637e-05
7.20981559588834e-05
7.21006201638801e-05
7.20981559588834e-05
7.20981559588834e-05
7.20981559588834e-05
7.20981559588834e-05
7.20981559588834e-05
7.20981559588834e-05
7.20981559588834e-05
7.20981559588834e-05
7.20981559588834e-05
7.20981559588834e-05
7.20981559588834e-05
7.20981559588834e-05
7.20981559588834e-05
7.20981559588834e-05
7.20981559588834e-05
7.20981559588834e-05
7.20981559588834e-05
7.20981559588834e-05
7.20981559588834e-05
7.20981559588834e-05
7.20981559588834e-05
7.20981559588834e-05
