0.000161750742632696
0.000161750742632696
0.00016175041667974
0.00016175041667974
0.000161750742632696
0.000161750742632696
0.000161750742632696
0.000161750742632696
0.000161750742632696
0.000161750742632696
0.000161750742632696
0.000161750742632696
0.000159847829272342
0.000159847829272342
0.000159847829272342
0.000159847819088002
0.000159847819088002
0.000159845048473914
0.000159844722520957
0.000159844396568001
0.000159860313911016
0.000159844396568001
0.000159844396568001
0.000159844396568001
0.000159844396568001
0.000159844396568001
0.000161747309928356
0.000161747309928356
0.000161747309928356
0.000161747309928356
0.00016365022328871
0.00016365022328871
0.00016365022328871
0.00016365022328871
0.00016365022328871
0.000163649734373233
0.000163649734373233
0.000163649734373233
0.000163649734373233
0.000163649734373233
0.000163649734373233
0.000163649734373233
0.000163643238679905
0.000163643238679905
0.000163632937310809
0.000163632937310809
0.000163632937310809
0.000163632937310809
0.000163612666707439
0.000163612666707439
0.000163612666707439
0.000163601145297109
0.000164542751649083
0.000164543294891604
0.000164542751649083
0.000164542751649083
0.000164542751649083
0.000164542751649083
0.000164542751649083
0.000164542751649083
0.000164542751649083
0.000164542751649083
0.000164542751649083
0.000164542751649083
0.000164542751649083
0.000164542751649083
0.000164542751649083
0.000164542751649083
0.000164542751649083
0.000164542751649083
0.000164542751649083
0.000164543077602039
0.000164523687599874
0.00016452401355283
0.000164523687599874
0.000164523687599874
0.000164523687599874
0.000164523687599874
0.000164523687599874
0.000164523687599874
0.000164523687599874
0.000164523687599874
0.000164523687599874
0.000164523687599874
0.000164523687599874
0.000164523687599874
0.000164523687599874
0.000164523687599874
0.000164523687599874
0.000164523687599874
0.000164523687599874
0.000164523687599874
0.000164523687599874
0.000164523687599874
0.000164523687599874
0.000164523687599874
