0.000662226276967112
0.000662226276967112
0.000662224973155286
0.000662224973155286
0.000662226276967112
0.000662226276967112
0.000662226276967112
0.000662226276967112
0.000662226276967112
0.000662226276967112
0.000662226276967112
0.000662226276967112
0.000662226276967112
0.000662226276967112
0.000662226276967112
0.000662226236229752
0.000662226236229752
0.000662215153773402
0.000662213849961575
0.000662211894299664
0.000662280778807374
0.000662211894299664
0.000662211894299664
0.000662211894299664
0.000662211894299664
0.000662211894299664
0.000662211894299664
0.000662211894299664
0.000662211894299664
0.000662211894299664
0.000662211894299664
0.000662211894299664
0.000662211894299664
0.000662211894299664
0.000662211894299664
0.000662211894299664
0.000662211894299664
0.000662211894299664
0.000662211894299664
0.000662211894299664
0.000662211894299664
0.000662211894299664
0.000662185911526353
0.000662185911526353
0.000662139495265481
0.000662139495265481
0.000662139495265481
0.000662139495265481
0.00066197600006547
0.00066197600006547
0.00066197600006547
0.000661929914424149
0.000661844935949072
0.000661844935949072
0.000661844935949072
0.000661844935949072
0.000661844935949072
0.000661844935949072
0.000661844935949072
0.000661844935949072
0.000661844935949072
0.000661844935949072
0.000661844935949072
0.000661844935949072
0.000661844935949072
0.000661844935949072
0.000661844935949072
0.000661844935949072
0.000661844935949072
0.000661844935949072
0.000661844935949072
0.000661844935949072
0.000661687698734929
0.000661690162939925
0.000661646211269399
0.000661646211269399
0.000661605173608679
0.000661605173608679
0.000661605173608679
0.000661584821175322
0.000661584821175322
0.000661584821175322
0.000661584821175322
0.000661584821175322
0.000661584821175322
0.000661584821175322
0.000661584821175322
0.000661584821175322
0.000661584821175322
0.000661584821175322
0.000661584821175322
0.000661584821175322
0.000661584821175322
0.000661584821175322
0.000661584821175322
0.000661584821175322
