0.00159706229573549
0.00159706229573549
0.00159617670648044
0.00159617670648044
0.00159705062685021
0.00159705062685021
0.00159705062685021
0.00159705062685021
0.00159705062685021
0.00159705062685021
0.00159705062685021
0.00159705062685021
0.00159705062685021
0.00159705062685021
0.00159705062685021
0.00159705054537549
0.00159705054537549
0.00159685734270965
0.001596854735086
0.001596854735086
0.00159702863736933
0.001596854735086
0.001596854735086
0.001596854735086
0.001596854735086
0.00158924308164458
0.00158924308164458
0.00158924308164458
0.00158924308164458
0.00158924308164458
0.00158924308164458
0.00158924308164458
0.00158924308164458
0.00158924308164458
0.00158924308164458
0.00158923884439571
0.00158923884439571
0.00158923884439571
0.00159685049783713
0.00159304467111642
0.00158923884439571
0.00158923884439571
0.00158920749384095
0.00158920749384095
0.00158919186148749
0.00158919186148749
0.00158919186148749
0.00158919186148749
0.00158894462312789
0.00158894462312789
0.00158892133599986
0.00158892133599986
0.00158878460451307
0.00158878895045323
0.00158878460451307
0.00158878460451307
0.00158878460451307
0.00158878460451307
0.00158878460451307
0.00158878460451307
0.00158878460451307
0.00158878460451307
0.00158878460451307
0.00158878460451307
0.00158878460451307
0.00158878460451307
0.00158878460451307
0.00158878460451307
0.00158878460451307
0.00158878460451307
0.00158878460451307
0.00158880156054638
0.00158856252892994
0.00158857513768572
0.00158856252892994
0.00158856252892994
0.00158856252892994
0.00158856252892994
0.00158856252892994
0.00158856252892994
0.00158856252892994
0.00158856252892994
0.00158856252892994
0.00158856252892994
0.00158856252892994
0.00158856252892994
0.00158856252892994
0.00158856252892994
0.00158856252892994
0.00158856252892994
0.00158856252892994
0.00158856252892994
0.00158856252892994
0.00158856252892994
0.00158856252892994
0.00158856252892994
