0.000820171192767471
0.000820171192767471
0.000820169563002689
0.000820169563002689
0.000820171192767471
0.000820171192767471
0.000820171192767471
0.000820171192767471
0.000820171192767471
0.000820171192767471
0.000820171192767471
0.000820171192767471
0.000820171192767471
0.000820171192767471
0.000820171192767471
0.000820171141845772
0.000820171141845772
0.000820157288775333
0.00082015565901055
0.000820153214433162
0.000820239646020755
0.000820153214433162
0.000820153214433162
0.000820153214433162
0.000820153214433162
0.000820153214433162
0.000820153214433162
0.000820153214433162
0.000820153214433162
0.000820153214433162
0.000820153214433162
0.000820153214433162
0.000820153214433162
0.000820153214433162
0.000820153214433162
0.000820153214433162
0.000820153214433162
0.000820153214433162
0.000820153214433162
0.000820153214433162
0.000820153214433162
0.000820153214433162
0.000820120735966523
0.000820120735966523
0.000820062715640432
0.000820062715640432
0.000820062715640432
0.000820062715640432
0.000819858346640418
0.000819858346640418
0.000819858346640418
0.000819800739588767
0.000819694516494922
0.000819694516494922
0.000819694516494922
0.000819694516494922
0.000819694516494922
0.000819694516494922
0.000819694516494922
0.000819694516494922
0.000819694516494922
0.000819694516494922
0.000819694516494922
0.000829209083296695
0.000819694516494922
0.000819694516494922
0.000819694516494922
0.000819694516494922
0.000819694516494922
0.000819694516494922
0.000819694516494922
0.000819694516494922
0.000819497969977242
0.000819501050233488
0.000819446110645329
0.000819446110645329
0.00081939481356943
0.00081939481356943
0.00081939481356943
0.000819369373027733
0.000819369373027733
0.000819369373027733
0.000819369373027733
0.000819369373027733
0.000819369373027733
0.000819369373027733
0.000819369373027733
0.000819369373027733
0.000819369373027733
0.000819369373027733
0.000819369373027733
0.000819369373027733
0.000819369373027733
0.000819369373027733
0.000819369373027733
0.000819369373027733
