0.000101806109487881
0.000101806109487881
0.000101805783534925
0.000101805783534925
0.000101806109487881
0.000101806109487881
0.000101806109487881
0.000101806109487881
0.000101806109487881
0.000101806109487881
0.000101806109487881
0.000101806109487881
0.000101806109487881
0.000101806109487881
0.000101806109487881
0.000101806109487881
0.000101806109487881
0.000101805131629012
0.000101805131629012
0.000101805131629012
0.000101816702917098
0.000101805131629012
0.000101805131629012
0.000101805131629012
0.000101805131629012
0.000101805131629012
0.000101805131629012
0.000101805131629012
0.000101805131629012
0.000101805131629012
0.000101805131629012
0.000101805131629012
0.000101805131629012
0.000101805131629012
0.000101805131629012
0.000101805131629012
0.000101805131629012
0.000101805131629012
0.000101805131629012
0.000101805131629012
0.000101805131629012
0.000101805131629012
0.000101798635935684
0.000101798635935684
0.000101787031870466
0.000101787031870466
0.000101787031870466
0.000101787031870466
0.000101746158070463
0.000101746158070463
0.000101746158070463
0.000101734636660133
0.000101713392041364
0.000101713392041364
0.000101713392041364
0.000101713392041364
0.000101713392041364
0.000101713392041364
0.000101713392041364
0.000101713392041364
0.000101713392041364
0.000101713392041364
0.000101713392041364
0.000101713392041364
0.000101713392041364
0.000101713392041364
0.000101713392041364
0.000101713392041364
0.000101713392041364
0.000101713392041364
0.000101713392041364
0.000101713392041364
0.000101674082737828
0.000101674698789077
0.000101663710871445
0.000101663710871445
0.000101653451456265
0.000101653451456265
0.000101653451456265
0.000101648363347926
0.000101648363347926
0.000101648363347926
0.000101648363347926
0.000101648363347926
0.000101648363347926
0.000101648363347926
0.000101648363347926
0.000101648363347926
0.000101648363347926
0.000101648363347926
0.000101648363347926
0.000101648363347926
0.000101648363347926
0.000101648363347926
0.000101648363347926
0.000101648363347926
