0.000657354766930653
0.000657354766930653
0.000657354766930653
0.000657354766930653
0.000657354766930653
0.000657354766930653
0.000657354766930653
0.000657354766930653
0.000649743113489234
0.000657354766930653
0.000657354766930653
0.000657354766930653
0.000664966420372072
0.000657354766930653
0.000657354766930653
0.000664966379634712
0.000657354726193293
0.000657350162796073
0.000657349836843117
0.000657349836843117
0.000661236279164771
0.000664961490284536
0.000664961490284536
0.000664961490284536
0.000664961490284536
0.000664961490284536
0.000664961490284536
0.000664961490284536
0.000657349836843117
0.000657349836843117
0.000657349836843117
0.000657349836843117
0.000657349836843117
0.000657349836843117
0.000657349836843117
0.000664958230810798
0.000664958230810798
0.000664958230810798
0.000664958230810798
0.000664958230810798
0.000664958230810798
0.000664958230810798
0.000664958230810798
0.000664958230810798
0.000664958230810798
0.000664958230810798
0.000664958230810798
0.000664958230810798
0.000664958230810798
0.000662900856954658
0.000655289203513239
0.000655289203513239
0.000655289203513239
0.000662940335646275
0.000655289203513239
0.00065734657736938
0.00065734657736938
0.000664958230810798
0.00065734657736938
0.000664958230810798
0.00065734657736938
0.00065734657736938
0.00065734657736938
0.00065734657736938
0.00065734657736938
0.00065734657736938
0.00065734657736938
0.00065734657736938
0.00065734657736938
0.00065734657736938
0.00065734657736938
0.000657359621297104
0.000657359621297104
0.000657362229367497
0.000657318133831574
0.000657318133831574
0.000657277096170855
0.000657277096170855
0.000657277096170855
0.000657256743737497
0.000657256743737497
0.000657256743737497
0.000657256743737497
0.000657256743737497
0.000657256743737497
0.000657256743737497
0.000657256743737497
0.000657256743737497
0.000657256743737497
0.000657256743737497
0.000657256743737497
0.000657256743737497
0.000657256743737497
0.000657256743737497
0.000657256743737497
0.000657256743737497
