0.000958135122024982
0.000958135122024982
0.000958132840354287
0.000958132840354287
0.000958135122024982
0.000958135122024982
0.000958135122024982
0.000958135122024982
0.000958135122024982
0.000958135122024982
0.000958135122024982
0.000958135122024982
0.000958135122024982
0.000958135122024982
0.000958135122024982
0.000958135050734603
0.000958135050734603
0.000958122501503905
0.000958122501503905
0.000958119241974339
0.000959188081679223
0.000958119241974339
0.000958119241974339
0.000958119241974339
0.000958119241974339
0.000958119241974339
0.000958119241974339
0.000958119241974339
0.000958119241974339
0.000958119241974339
0.000958119241974339
0.000958119241974339
0.000958119241974339
0.000958119241974339
0.000958119241974339
0.000958117775227906
0.000958117775227906
0.000958117775227906
0.000958117775227906
0.000958117775227906
0.000958117775227906
0.000958117775227906
0.000958070023703916
0.000958070023703916
0.000957986513576693
0.000957986513576693
0.000957986513576693
0.000957986513576693
0.000957700396976673
0.000957700396976673
0.000957700396976673
0.000957619747104362
0.000957471034772978
0.000957477119141321
0.000957471034772978
0.000957471034772978
0.000957471034772978
0.000957471034772978
0.000957471034772978
0.000957471034772978
0.000957471034772978
0.000957471034772978
0.000957471034772978
0.000957471034772978
0.000957471034772978
0.000957471034772978
0.000957471034772978
0.000957471034772978
0.000957471034772978
0.000957471034772978
0.000957471034772978
0.000957476904272272
0.000957201739147521
0.000957206051506265
0.000957129136082843
0.000957129136082843
0.000957057320176584
0.000957057320176584
0.000957057320176584
0.000957021703418208
0.000957021703418208
0.000957021703418208
0.000957021703418208
0.000957021703418208
0.000957021703418208
0.000957021703418208
0.000957021703418208
0.000957021703418208
0.000957021703418208
0.000957021703418208
0.000957021703418208
0.000957021703418208
0.000957021703418208
0.000957021703418208
0.000957021703418208
0.000957021703418208
