0.00340634201194113
0.00340634201194113
0.00340412803880349
0.00340412803880349
0.00340631283972791
0.00340631283972791
0.00340631283972791
0.00340631283972791
0.00340631283972791
0.00340631283972791
0.00340631283972791
0.00340631283972791
0.00340631283972791
0.00340631283972791
0.00340631283972791
0.00340631263604111
0.00340631263604111
0.00340536040333274
0.0034053538842736
0.00340534084615534
0.00340569587870444
0.00340534084615534
0.00340534084615534
0.00340534084615534
0.00340534084615534
0.00340522796701
0.00340522796701
0.00340522796701
0.00340522796701
0.00340522796701
0.00340534084615534
0.00340534084615534
0.00340534084615534
0.00340534084615534
0.00340534084615534
0.00340533106784579
0.00340533106784579
0.00340533106784579
0.00340533106784579
0.00340533106784579
0.00340533106784579
0.00340533106784579
0.0034048686714631
0.0034048686714631
0.00340441132124688
0.00340441132124688
0.00340441132124688
0.00340441132124688
0.00340351143246029
0.00340351143246029
0.00340345321464021
0.0034032227864336
0.00340275231689596
0.00340276970974721
0.00340275231689596
0.00340275231689596
0.00340275231689596
0.00340275231689596
0.00340275231689596
0.00340275231689596
0.00340275231689596
0.00340275231689596
0.00340275231689596
0.00342082600192127
0.00340275231689596
0.00340275231689596
0.00340275231689596
0.00340275231689596
0.00340275231689596
0.00340275231689596
0.00340275231689596
0.00340279144689125
0.00340192558361505
0.00340195340919699
0.00340192558361505
0.00340192558361505
0.00340192558361505
0.00340192558361505
0.00340192558361505
0.00340192558361505
0.00340192558361505
0.00340192558361505
0.00340192558361505
0.00340192558361505
0.00340192558361505
0.00340192558361505
0.00340192558361505
0.00340192558361505
0.00340192558361505
0.00340192558361505
0.00340192558361505
0.00340192558361505
0.00340192558361505
0.00340192558361505
0.00340192558361505
0.00340192558361505
