0.000856332250023492
0.000856332250023492
0.000856330620258709
0.000856330620258709
0.000856332250023492
0.000856332250023492
0.000856332250023492
0.000856332250023492
0.000856332250023492
0.000856332250023492
0.000856332250023492
0.000856332250023492
0.000856332250023492
0.000856332250023492
0.000856332250023492
0.000856332199101792
0.000856332199101792
0.000856318346031354
0.000856316716266571
0.000856313456737005
0.000856410970725122
0.000856313456737005
0.000856313456737005
0.000856313456737005
0.000856313456737005
0.000856313456737005
0.000856313456737005
0.000856313456737005
0.000856313456737005
0.000856313456737005
0.000856313456737005
0.000856313456737005
0.000856313456737005
0.000856313456737005
0.000856313456737005
0.000856311012159617
0.000856311012159617
0.000856311012159617
0.000856311012159617
0.000856311012159617
0.000856311012159617
0.000856311012159617
0.000856311012159617
0.000856311012159617
0.000856311012159617
0.000856311012159617
0.000856311012159617
0.000856311012159617
0.000856311012159617
0.000856311012159617
0.000856311012159617
0.000856311012159617
0.000856311012159617
0.000856312098607439
0.000856311012159617
0.000856311012159617
0.000856311012159617
0.000856311012159617
0.000856311012159617
0.000856311012159617
0.000856311012159617
0.000856311012159617
0.000856311012159617
0.000856311012159617
0.000856311012159617
0.000856311012159617
0.000856311012159617
0.000856311012159617
0.000856311012159617
0.000856311012159617
0.000856311012159617
0.000856311012159617
0.000856311012159617
0.000856312641924399
0.000856311012159617
0.000856311012159617
0.000856311012159617
0.000856311012159617
0.000856311012159617
0.000856311012159617
0.000856311012159617
0.000856311012159617
0.000856311012159617
0.000856311012159617
0.000856311012159617
0.000856311012159617
0.000856311012159617
0.000856311012159617
0.000856311012159617
0.000856311012159617
0.000856311012159617
0.000856311012159617
0.000856311012159617
0.000856311012159617
0.000856311012159617
0.000856311012159617
