1.14173172275139e-05
1.14173172275139e-05
1.14173172275139e-05
1.14173172275139e-05
1.14173172275139e-05
1.14173172275139e-05
1.14173172275139e-05
1.14173172275139e-05
1.14173172275139e-05
1.14173172275139e-05
1.14173172275139e-05
1.14173172275139e-05
1.14173172275139e-05
1.14173172275139e-05
1.14173172275139e-05
1.14173172275139e-05
1.14173172275139e-05
1.14173172275139e-05
1.14173172275139e-05
1.14173172275139e-05
1.1417969133427e-05
1.14173172275139e-05
1.14173172275139e-05
1.14173172275139e-05
1.14173172275139e-05
1.14173172275139e-05
1.14173172275139e-05
1.14173172275139e-05
1.14173172275139e-05
1.14173172275139e-05
1.14173172275139e-05
1.14173172275139e-05
1.14173172275139e-05
1.14173172275139e-05
1.14173172275139e-05
1.14173172275139e-05
1.14173172275139e-05
1.14173172275139e-05
1.14173172275139e-05
1.14173172275139e-05
1.14173172275139e-05
1.14173172275139e-05
1.14108215341862e-05
1.14108215341862e-05
1.13992174689681e-05
1.13992174689681e-05
1.13992174689681e-05
1.13992174689681e-05
1.13583436689652e-05
1.13583436689652e-05
1.13583436689652e-05
1.1346822258635e-05
1.13255776398659e-05
1.13255776398659e-05
1.13255776398659e-05
1.13255776398659e-05
1.13255776398659e-05
1.13255776398659e-05
1.13255776398659e-05
1.13255776398659e-05
1.13255776398659e-05
1.13255776398659e-05
1.13255776398659e-05
1.13255776398659e-05
1.13255776398659e-05
1.13255776398659e-05
1.13255776398659e-05
1.13255776398659e-05
1.13255776398659e-05
1.13255776398659e-05
1.13255776398659e-05
1.13255776398659e-05
1.128626833633e-05
1.12868843875792e-05
1.128626833633e-05
1.128626833633e-05
1.128626833633e-05
1.128626833633e-05
1.128626833633e-05
1.128626833633e-05
1.128626833633e-05
1.128626833633e-05
1.128626833633e-05
1.128626833633e-05
1.128626833633e-05
1.128626833633e-05
1.128626833633e-05
1.128626833633e-05
1.128626833633e-05
1.128626833633e-05
1.128626833633e-05
1.128626833633e-05
1.128626833633e-05
1.128626833633e-05
1.128626833633e-05
1.128626833633e-05
