0.000159856785294305
0.000159856785294305
0.000159856785294305
0.000159856785294305
0.000159856785294305
0.000159856785294305
0.000159856785294305
0.000159856785294305
0.000159856785294305
0.000159856785294305
0.000159856785294305
0.000159856785294305
0.000159856785294305
0.000159856785294305
0.000159856785294305
0.000159856785294305
0.000159856785294305
0.00015985124406613
0.00015985124406613
0.00015985124406613
0.000159874388877397
0.00015985124406613
0.00015985124406613
0.00015985124406613
0.00015985124406613
0.00015985124406613
0.00015985124406613
0.00015985124406613
0.00015985124406613
0.00015985124406613
0.00015985124406613
0.00015985124406613
0.00015985124406613
0.00015985124406613
0.00015985124406613
0.000159850918141087
0.000159850918141087
0.000159850918141087
0.000159850918141087
0.000159850918141087
0.000159850918141087
0.000159850918141087
0.000159850918141087
0.000159850918141087
0.000159850918141087
0.000159850918141087
0.000159850918141087
0.000159850918141087
0.000159850918141087
0.000159850918141087
0.000159850918141087
0.000159850918141087
0.000159850918141087
0.000159852223741254
0.000159850918141087
0.000159850918141087
0.000159850918141087
0.000159850918141087
0.000159850918141087
0.000159850918141087
0.000159850918141087
0.000159850918141087
0.000159850918141087
0.000159850918141087
0.000159850918141087
0.000159850918141087
0.000159850918141087
0.000159850918141087
0.000159850918141087
0.000159850918141087
0.000159850918141087
0.000159852222176284
0.000159852222176284
0.000159852222176284
0.000159852222176284
0.000159852222176284
0.000159852222176284
0.000159852222176284
0.000159852222176284
0.000159852222176284
0.000159852222176284
0.000159852222176284
0.000159852222176284
0.000159852222176284
0.000159852222176284
0.000159852222176284
0.000159852222176284
0.000159852222176284
0.000159852222176284
0.000159852222176284
0.000159852222176284
0.000159852222176284
0.000159852222176284
0.000159852222176284
0.000159852222176284
0.000159852222176284
