0.403055870109571
0.403055870109571
0.403055870109571
0.403055870109571
0.403055870109571
0.403055870109571
0.403055870109571
0.403055870109571
0.403055870109571
0.403055870109571
0.403055870109571
0.403055870109571
0.403055870109571
0.403055870109571
0.403055870109571
0.403055870109571
0.403055870109571
0.403055870109571
0.403055870109571
0.403055870109571
0.403055870109571
0.403055870109571
0.403055870109571
0.403055870109571
0.403055870109571
0.403055870109571
0.403055870109571
0.403055870109571
0.403055870109571
0.4032334523342
0.4032334523342
0.403055870109571
0.403055870109571
0.403055870109571
0.403055870109571
0.403055870109571
0.403055870109571
0.403055870109571
0.403055870109571
0.403055870109571
0.403055870109571
0.403055870109571
0.403055870109571
0.403055870109571
0.403055870109571
0.403055870109571
0.403055870109571
0.403055870109571
0.403055870109571
0.403055870109571
0.403055870109571
0.403055870109571
0.403055870109571
0.403055870109571
0.403055870109571
0.403055870109571
0.403055870109571
0.403055870109571
0.403055870109571
0.403055870109571
0.403055870109571
0.403055870109571
0.403055870109571
0.403055870109571
0.403055870109571
0.403055870109571
0.403055870109571
0.403055870109571
0.403055870109571
0.403055870109571
0.403055870109571
0.403055870109571
0.403055870109571
0.403055870109571
0.403055870109571
0.403055870109571
0.403055870109571
0.403055870109571
0.403055870109571
0.403055870109571
0.403055870109571
0.403055870109571
0.403055870109571
0.403055870109571
0.403055870109571
0.403055870109571
0.403055870109571
0.403055870109571
0.403055870109571
0.403055870109571
0.403055870109571
0.403055870109571
0.403055870109571
0.403055870109571
0.403055870109571
0.403055870109571