0.0296814941227133
0.0296814941227133
0.0296814941227133
0.0296814941227133
0.0296814941227133
0.0296814941227133
0.0296814941227133
0.0296814941227133
0.0296814941227133
0.0296814941227133
0.0296814941227133
0.0296814941227133
0.0296814941227133
0.0296814941227133
0.0296814941227133
0.0296814941227133
0.0296814941227133
0.0296814941227133
0.0296814941227133
0.0296814941227133
0.0296814941227133
0.0296814941227133
0.0296814941227133
0.0296814941227133
0.0296814941227133
0.0296814941227133
0.0296814941227133
0.0296814941227133
0.0296814941227133
0.0294039777348921
0.0294039777348921
0.0294039777348921
0.0294039777348921
0.0294039777348921
0.0294039777348921
0.0294039777348921
0.0294039777348921
0.0294039777348921
0.0294039777348921
0.0294039777348921
0.0294039777348921
0.0294039777348921
0.0294039777348921
0.0294039777348921
0.0294039777348921
0.0294039777348921
0.0294039777348921
0.0294039777348921
0.0294039777348921
0.0294039777348921
0.0294039777348921
0.0294039777348921
0.0294039777348921
0.0294039777348921
0.0294039777348921
0.0294039777348921
0.0294039777348921
0.0294039777348921
0.0294039777348921
0.0294039777348921
0.0294039777348921
0.0294039777348921
0.0294039777348921
0.0294039777348921
0.0294039777348921
0.0294039777348921
0.0294039777348921
0.0294039777348921
0.0294039777348921
0.0294039777348921
0.0294039777348921
0.0294039777348921
0.0294039777348921
0.0294039777348921
0.0294039777348921
0.0294039777348921
0.0294039777348921
0.0294039777348921
0.0294039777348921
0.0294039777348921
0.0294039777348921
0.0294039777348921
0.0294039777348921
0.0294039777348921
0.0294039777348921
0.0294039777348921
0.0294039777348921
0.0294039777348921
0.0285299606054323
0.0285299606054323
0.0285299606054323
0.0285299606054323
0.0285299606054323
0.0285299606054323
0.0285299606054323
0.0285299606054323