0.0603901178647187
0.0603901178647187
0.0603901178647187
0.0603901178647187
0.0603901178647187
0.0603901178647187
0.0603901178647187
0.0603901178647187
0.0603901178647187
0.0603901178647187
0.0603901178647187
0.0603901178647187
0.0603901178647187
0.0603901178647187
0.0603901178647187
0.0603901178647187
0.0603901178647187
0.0603901178647187
0.0603901178647187
0.0603901178647187
0.0603901178647187
0.0603901178647187
0.0603901178647187
0.060380927564531
0.060380927564531
0.060380927564531
0.060380927564531
0.060380927564531
0.060380927564531
0.0604000598316311
0.0604000598316311
0.060380927564531
0.060380927564531
0.060380927564531
0.060380927564531
0.060380927564531
0.060380927564531
0.060380927564531
0.060380927564531
0.060377358490566
0.060377358490566
0.060377358490566
0.060377358490566
0.060377358490566
0.060377358490566
0.060377358490566
0.060377358490566
0.060377358490566
0.060377358490566
0.060377358490566
0.060377358490566
0.060377358490566
0.060377358490566
0.060377358490566
0.060377358490566
0.060377358490566
0.060377358490566
0.060377358490566
0.060377358490566
0.060377358490566
0.060377358490566
0.060377358490566
0.060377358490566
0.060377358490566
0.060377358490566
0.060377358490566
0.060377358490566
0.060377358490566
0.060377358490566
0.060377358490566
0.060377358490566
0.060377358490566
0.060377358490566
0.060377358490566
0.060377358490566
0.060377358490566
0.060377358490566
0.060377358490566
0.060377358490566
0.060377358490566
0.060377358490566
0.0604156366130241
0.0604156366130241
0.0604156366130241
0.0604156366130241
0.0604156366130241
0.0604156366130241
0.060377358490566
0.060377358490566
0.060377358490566
0.060377358490566
0.060377358490566
0.060377358490566
0.060377358490566
0.060377358490566
0.060377358490566