0.04296875
0.04296875
0.04296875
0.04296875
0.04296875
0.0546875
0.04296875
0.04296875
0.04296875
0.04296875
0.04296875
0.04296875
0.04296875
0.04296875
0.04296875
0.04296875
0.04296875
0.04296875
0.04296875
0.04296875
0.04296875
0.04296875
0.04296875
0.04296875
0.04296875
0.04296875
0.04296875
0.04296875
0.04296875
0.04296875
0.04296875
0.04296875
0.04296875
0.04296875
0.04296875
0.04296875
0.04296875
0.04296875
0.04296875
0.04296875
0.04296875
0.04296875
0.04296875
0.04296875
0.04296875
0.04296875
0.04296875
0.04296875
0.04296875
0.04296875
0.04296875
0.04296875
0.04296875
0.04296875
0.04296875
0.04296875
0.04296875
0.04296875
0.04296875
0.04296875
0.04296875
0.04296875
0.04296875
0.04296875
0.04296875
0.04296875
0.04296875
0.04296875
0.04296875
0.04296875
0.04296875
0.04296875
0.04296875
0.04296875
0.04296875
0.04296875
0.04296875
0.04296875
0.04296875
0.04296875
0.04296875
0.04296875
0.04296875
0.04296875
0.04296875
0.06640625
0.04296875
0.04296875
0.04296875
0.04296875
0.04296875
0.04296875
0.04296875
0.04296875
0.04296875
0.04296875