0.6181640625
0.6181640625
0.6181640625
0.6181640625
0.6181640625
0.7841796875
0.6279296875
0.6279296875
0.6279296875
0.6279296875
0.6181640625
0.6611328125
0.6611328125
0.6611328125
0.6611328125
0.6181640625
0.6181640625
0.6181640625
0.6181640625
0.6181640625
0.6181640625
0.6181640625
0.6181640625
0.6181640625
0.6181640625
0.6181640625
0.6181640625
0.6181640625
0.6181640625
0.6181640625
0.6181640625
0.6181640625
0.6181640625
0.6181640625
0.6181640625
0.6181640625
0.6181640625
0.6181640625
0.6181640625
0.6181640625
0.6181640625
0.6181640625
0.6181640625
0.6181640625
0.6181640625
0.6181640625
0.6181640625
0.6181640625
0.6181640625
0.6181640625
0.6181640625
0.6181640625
0.6181640625
0.6181640625
0.6181640625
0.6181640625
0.6181640625
0.6181640625
0.6181640625
0.6181640625
0.6181640625
0.6181640625
0.6181640625
0.6181640625
0.6181640625
0.6181640625
0.6181640625
0.6181640625
0.6181640625
0.6181640625
0.6181640625
0.6181640625
0.6181640625
0.6181640625
0.6181640625
0.6181640625
0.6181640625
0.6181640625
0.6181640625
0.6181640625
0.6181640625
0.6181640625
0.6181640625
0.6181640625
0.6181640625
1.0
0.6181640625
0.6181640625
0.6181640625
0.6181640625
0.6181640625
0.6181640625
0.648111979166667
0.648111979166667
0.648111979166667
0.6494140625
