0.0878979400749064
0.0878979400749064
0.0878979400749064
0.0878979400749064
0.0878979400749064
0.0878979400749064
0.0878979400749064
0.0878979400749064
0.0878979400749064
0.0878979400749064
0.0878979400749064
0.0878979400749064
0.0878979400749064
0.0878979400749064
0.0878979400749064
0.0878979400749064
0.0878979400749064
0.0878979400749064
0.0878979400749064
0.0878979400749064
0.0878979400749064
0.0878979400749064
0.0878979400749064
0.0878979400749064
0.0878979400749064
0.0878979400749064
0.0878979400749064
0.0878979400749064
0.0878979400749064
0.0878979400749064
0.0878979400749064
0.0878979400749064
0.0878979400749064
0.0878979400749064
0.0878979400749064
0.0878979400749064
0.0878979400749064
0.0878979400749064
0.0878979400749064
0.0878979400749064
0.0878979400749064
0.0878979400749064
0.0878979400749064
0.0878979400749064
0.0878979400749064
0.0878979400749064
0.0878979400749064
0.0878979400749064
0.0878979400749064
0.0878979400749064
0.0878979400749064
0.0878979400749064
0.0878979400749064
0.0878979400749064
0.0878979400749064
0.0878979400749064
0.0878979400749064
0.0878979400749064
0.0878979400749064
0.0878979400749064
0.0878979400749064
0.0878979400749064
0.0878979400749064
0.0878979400749064
0.0878979400749064
0.083508184354577
0.083508184354577
0.083508184354577
0.0856149259276107
0.0856149259276107
0.0856149259276107
0.0856149259276107
0.0856149259276107
0.0856149259276107
0.0856149259276107
0.0856149259276107
0.0856149259276107
0.0856149259276107
0.0856149259276107
0.0856149259276107
0.0856149259276107
0.0856149259276107
0.0856149259276107
0.0856149259276107
0.0856149259276107
0.0856149259276107
0.0856149259276107
0.0856149259276107
0.0856149259276107
0.0856149259276107
0.0856149259276107
0.0856149259276107
0.0856149259276107
0.0856149259276107
0.0856149259276107
0.0856149259276107
