0.00912921348314607
0.00912921348314607
0.00912921348314607
0.00912921348314607
0.00912921348314607
0.00912921348314607
0.00912921348314607
0.00912921348314607
0.00912921348314607
0.00912921348314607
0.00912921348314607
0.00912921348314607
0.00912921348314607
0.00912921348314607
0.00912921348314607
0.00912921348314607
0.00912921348314607
0.00912921348314607
0.0112359550561798
0.00912921348314607
0.00912921348314607
0.00912921348314607
0.00912921348314607
0.00912921348314607
0.00912921348314607
0.00912921348314607
0.00912921348314607
0.00912921348314607
0.00912921348314607
0.00912921348314607
0.00912921348314607
0.00912921348314607
0.00912921348314607
0.00912921348314607
0.00912921348314607
0.00912921348314607
0.00912921348314607
0.00912921348314607
0.00912921348314607
0.00912921348314607
0.00912921348314607
0.00912921348314607
0.00912921348314607
0.00912921348314607
0.00912921348314607
0.00912921348314607
0.00912921348314607
0.00912921348314607
0.00912921348314607
0.00912921348314607
0.00912921348314607
0.00912921348314607
0.00912921348314607
0.00912921348314607
0.00912921348314607
0.00912921348314607
0.00912921348314607
0.00912921348314607
0.00912921348314607
0.00912921348314607
0.00912921348314607
0.00912921348314607
0.00912921348314607
0.00912921348314607
0.00912921348314607
0.00912921348314607
0.00912921348314607
0.00912921348314607
0.00912921348314607
0.00912921348314607
0.00912921348314607
0.00912921348314607
0.00912921348314607
0.00912921348314607
0.00912921348314607
0.00912921348314607
0.00912921348314607
0.00912921348314607
0.00912921348314607
0.00912921348314607
0.00912921348314607
0.00912921348314607
0.00912921348314607
0.00912921348314607
0.00912921348314607
0.00912921348314607
0.00912921348314607
0.00912921348314607
0.00912921348314607
0.00912921348314607
0.00912921348314607
0.00912921348314607
0.00912921348314607
0.00912921348314607
0.00912921348314607
0.00912921348314607
