0.310276217228464
0.313787453183521
0.313787453183521
0.313787453183521
0.313787453183521
0.313787453183521
0.313787453183521
0.313787453183521
0.310276217228464
0.313787453183521
0.313787453183521
0.313787453183521
0.313787453183521
0.313787453183521
0.313787453183521
0.313787453183521
0.313787453183521
0.313787453183521
0.313787453183521
0.313787453183521
0.313787453183521
0.313787453183521
0.313787453183521
0.313787453183521
0.313787453183521
0.314021535580524
0.314021535580524
0.314021535580524
0.314021535580524
0.314021535580524
0.314021535580524
0.314021535580524
0.314021535580524
0.314021535580524
0.314021535580524
0.314021535580524
0.314021535580524
0.314021535580524
0.314021535580524
0.314021535580524
0.314021535580524
0.314021535580524
0.314021535580524
0.314165586286373
0.314165586286373
0.314165586286373
0.314165586286373
0.314165586286373
0.312004825698646
0.312004825698646
0.312004825698646
0.314165586286373
0.314165586286373
0.314165586286373
0.314165586286373
0.314165586286373
0.314165586286373
0.314165586286373
0.314165586286373
0.314165586286373
0.314165586286373
0.312004825698646
0.312004825698646
0.312004825698646
0.314165586286373
0.313989313712111
0.313989313712111
0.313989313712111
0.313989313712111
0.313989313712111
0.313989313712111
0.313989313712111
0.314086896448331
0.314086896448331
0.314086896448331
0.314086896448331
0.314086896448331
0.314086896448331
0.314086896448331
0.312274645632818
0.314086896448331
0.314086896448331
0.314086896448331
0.314086896448331
0.314086896448331
0.314086896448331
0.314086896448331
0.314086896448331
0.314086896448331
0.314086896448331
0.314086896448331
0.314086896448331
0.312274645632818
0.314086896448331
0.314086896448331
0.314086896448331
