0.00210674157303371
0.00210674157303371
0.00210674157303371
0.00210674157303371
0.00210674157303371
0.00210674157303371
0.00210674157303371
0.00210674157303371
0.00210674157303371
0.00210674157303371
0.00210674157303371
0.00210674157303371
0.00210674157303371
0.00210674157303371
0.00210674157303371
0.00210674157303371
0.00210674157303371
0.00210674157303371
0.00421348314606742
0.00210674157303371
0.00210674157303371
0.00210674157303371
0.00210674157303371
0.00210674157303371
0.00210674157303371
0.00210674157303371
0.00210674157303371
0.00210674157303371
0.00210674157303371
0.00210674157303371
0.00210674157303371
0.00210674157303371
0.00210674157303371
0.00210674157303371
0.00210674157303371
0.00210674157303371
0.00210674157303371
0.00210674157303371
0.00210674157303371
0.00210674157303371
0.00210674157303371
0.00210674157303371
0.00210674157303371
0.00210674157303371
0.00210674157303371
0.00210674157303371
0.00210674157303371
0.00210674157303371
0.00210674157303371
0.00210674157303371
0.00210674157303371
0.00210674157303371
0.00210674157303371
0.00210674157303371
0.00210674157303371
0.00210674157303371
0.00210674157303371
0.00210674157303371
0.00210674157303371
0.00210674157303371
0.00210674157303371
0.00210674157303371
0.00210674157303371
0.00210674157303371
0.00210674157303371
0.00210674157303371
0.00210674157303371
0.00210674157303371
0.00210674157303371
0.00210674157303371
0.00210674157303371
0.00210674157303371
0.00210674157303371
0.00210674157303371
0.00210674157303371
0.00210674157303371
0.00210674157303371
0.00210674157303371
0.00210674157303371
0.00210674157303371
0.00210674157303371
0.00210674157303371
0.00210674157303371
0.00210674157303371
0.00210674157303371
0.00210674157303371
0.00210674157303371
0.00210674157303371
0.00210674157303371
0.00210674157303371
0.00210674157303371
0.00210674157303371
0.00210674157303371
0.00210674157303371
0.00210674157303371
0.00210674157303371
