0.58702025597017
0.58702025597017
0.58702025597017
0.58702025597017
0.58702025597017
0.58702025597017
0.58702025597017
0.58702025597017
0.58702025597017
0.58702025597017
0.58702025597017
0.58702025597017
0.58702025597017
0.58702025597017
0.58702025597017
0.58702025597017
0.58702025597017
0.58702025597017
0.58702025597017
0.58702025597017
0.58702025597017
0.58702025597017
0.58702025597017
0.58702025597017
0.58702025597017
0.58702025597017
0.58702025597017
0.58702025597017
0.58702025597017
0.58702025597017
0.58702025597017
0.59256454265036
0.59256454265036
0.592361702893767
0.592361702893767
0.592361702893767
0.592361702893767
0.592361702893767
0.592361702893767
0.592361702893767
0.592361702893767
0.592361702893767
0.592361702893767
0.592361702893767
0.592361702893767
0.592361702893767
0.592361702893767
0.592361702893767
0.592361702893767
0.592361702893767
0.592361702893767
0.592361702893767
0.592361702893767
0.592361702893767
0.592361702893767
0.592361702893767
0.592528538083524
0.592658415826928
0.592523189322533
0.592658415826928
0.592658415826928
0.592658415826928
0.592658415826928
0.592658415826928
0.592658415826928
0.59286125558352
0.592658415826928
0.592658415826928
0.592658415826928
0.592658415826928
0.592658415826928
0.592658415826928
0.592658415826928
0.592658415826928
0.592658415826928
0.592658415826928
0.592658415826928
0.592658415826928
0.592658415826928
0.592658415826928
0.592658415826928
0.587316968903331
0.587316968903331
0.587316968903331
0.587316968903331
0.587316968903331
0.587316968903331
0.587316968903331
0.587316968903331
0.587316968903331
0.587316968903331
0.587316968903331
0.587316968903331
0.587316968903331
0.587316968903331
0.587316968903331
