0.0537525354969574
0.0537525354969574
0.0537525354969574
0.0537525354969574
0.0537525354969574
0.0537525354969574
0.0537525354969574
0.0537525354969574
0.0537525354969574
0.0537525354969574
0.0537525354969574
0.0537525354969574
0.0537525354969574
0.0537525354969574
0.0537525354969574
0.0537525354969574
0.0537525354969574
0.0537525354969574
0.0537525354969574
0.0537525354969574
0.0537525354969574
0.0537525354969574
0.0537525354969574
0.0537525354969574
0.0537525354969574
0.0537525354969574
0.0537525354969574
0.0537525354969574
0.0537525354969574
0.0537525354969574
0.0537525354969574
0.0537525354969574
0.0537525354969574
0.0537525354969574
0.0537525354969574
0.0537525354969574
0.0537525354969574
0.0537525354969574
0.0537525354969574
0.0537525354969574
0.0537525354969574
0.0537525354969574
0.0537525354969574
0.0537525354969574
0.0537525354969574
0.0537525354969574
0.0537525354969574
0.0537525354969574
0.0537525354969574
0.0537525354969574
0.0537525354969574
0.0537525354969574
0.0537525354969574
0.0537525354969574
0.0537525354969574
0.0537525354969574
0.0538877620013523
0.0538877620013523
0.0538877620013523
0.0537525354969574
0.0537525354969574
0.0537525354969574
0.0537525354969574
0.0537525354969574
0.0537525354969574
0.0537525354969574
0.0537525354969574
0.0537525354969574
0.0537525354969574
0.0537525354969574
0.0537525354969574
0.0537525354969574
0.0537525354969574
0.0537525354969574
0.0537525354969574
0.0537525354969574
0.0537525354969574
0.0537525354969574
0.0537525354969574
0.0537525354969574
0.0537525354969574
0.0537525354969574
0.0537525354969574
0.0537525354969574
0.0537525354969574
0.0537525354969574
0.0537525354969574
0.0537525354969574
0.0537525354969574
0.0537525354969574
0.0537525354969574
0.0537525354969574
0.0537525354969574
0.0537525354969574
0.0537525354969574
0.0537525354969574
