0.541898864809081
0.542154750481294
0.542154750481294
0.542257949655701
0.542257949655701
0.542257949655701
0.542257949655701
0.542257949655701
0.542257949655701
0.542257949655701
0.542257949655701
0.542257949655701
0.542257949655701
0.542257949655701
0.542257949655701
0.542257949655701
0.542257949655701
0.542257949655701
0.542257949655701
0.542257949655701
0.542257949655701
0.542257949655701
0.542257949655701
0.542257949655701
0.542257949655701
0.542257949655701
0.542307436979101
0.542307436979101
0.542307436979101
0.542307436979101
0.542307436979101
0.542307436979101
0.542303285709198
0.542303285709198
0.542303285709198
0.542303285709198
0.542250832471259
0.542250832471259
0.542250832471259
0.542250832471259
0.542250832471259
0.542250832471259
0.542250832471259
0.542250832471259
0.542250832471259
0.542250832471259
0.542250832471259
0.542250832471259
0.542250832471259
0.542250832471259
0.542250832471259
0.542250832471259
0.542250832471259
0.542250832471259
0.542250832471259
0.542250832471259
0.542250832471259
0.542250832471259
0.542250832471259
0.542250832471259
0.542250832471259
0.542250832471259
0.542250832471259
0.542395988104822
0.54244433453886
0.54244433453886
0.54244433453886
0.54244433453886
0.54244433453886
0.54244433453886
0.54244433453886
0.54244433453886
0.54244433453886
0.54244433453886
0.54244433453886
0.54244433453886
0.54244433453886
0.54244433453886
0.54244433453886
0.54244433453886
0.54244433453886
0.54244433453886
0.54244433453886
0.54244433453886
0.542491640785988
0.542491640785988
0.542491640785988
0.542491640785988
0.542491640785988
0.542491640785988
0.542491640785988
0.542491640785988
0.542491640785988
0.542586206230149
0.542586206230149
0.542586206230149