0.165415599957494
0.165415599957494
0.165415599957494
0.165401575976728
0.165401575976728
0.165436329402504
0.165436335980201
0.165437294778021
0.165449338806362
0.165449338806362
0.165449338806362
0.16544927742109
0.165449257929435
0.165449257929435
0.165449257929435
0.165462255063712
0.165462017432597
0.16546690657169
0.165474574931628
0.165474574931628
0.165524682782366
0.165524682782366
0.165497103499509
0.165491239535786
0.165520726360822
0.165532259775252
0.166718410397457
0.166719044410967
0.166732029273087
0.16673125234695
0.166710726210629
0.166710726210629
0.166710726210629
0.166710726210629
0.167857961173384
0.167862283837413
0.169259586791577
0.16923332432457
0.169229949218069
0.16954946057828
0.169618182295327
0.169618182295327
0.169631472181551
0.170431664482726
0.170431645816001
0.170425403889637
0.170432395545048
0.170432335619532
0.170432311899596
0.17043226385057
0.170432255702442
0.170432177359577
0.170405387867367
0.170078605967024
0.170078589712546
0.170094380658699
0.1700937927136
0.1700937927136
0.1700937927136
0.170068333793427
0.170066351300514
0.170066351300514
0.171352736437347
0.171831254319965
0.171842339758731
0.171839256446822
0.171831587659717
0.171834195706064
0.17183420099609
0.17183420099609
0.171912910208797
0.172168333246431
0.171167105982029
0.171166957599853
0.171156949929282
0.171158584276164
0.171186594187897
0.173083457017268
0.175179152146516
0.174600586466781
0.174537836713187
0.173600734454395
0.173587502473075
0.173568938975802
0.173489380996117
0.17348944021621
0.173507518591511
0.173507470042873
0.173504973294606
0.173435401080068
0.17339800651282
0.173427945850542
0.173454470410371
0.173454470410371
0.173454421732994
0.173479032125836
