0.419426765640723
0.419426765640723
0.419329982152227
0.41915623830204
0.41915623830204
0.419093009224487
0.419093009224487
0.419084966188281
0.419012347228032
0.418903465264245
0.418899060780157
0.418903189030522
0.418903101318076
0.418903101318076
0.418903101318076
0.418592726711188
0.418591657371171
0.418602841734892
0.418595411723974
0.418595411723974
0.418443966162857
0.418443966162857
0.418496719153433
0.418498053644233
0.418391378511595
0.418224494685147
0.416534257914429
0.416515641480267
0.416532777688799
0.41706506231074
0.417192263200593
0.417192263200593
0.417192263200593
0.417129835477072
0.415365664412559
0.415419952123086
0.412771789942777
0.412889963716339
0.412906500653956
0.412243584011383
0.41184091393409
0.41184091393409
0.411819913171806
0.410467793679901
0.410455873342573
0.404971204719067
0.404836296080994
0.404836296080994
0.404898169255891
0.404798323112394
0.40479828644582
0.404826273242152
0.405060578874091
0.405568108107292
0.405568034962138
0.405640023773538
0.405637378020592
0.405637378020592
0.405604004190919
0.40566980853776
0.405665015464365
0.405677430225448
0.403555688648275
0.402450846835011
0.402391947099779
0.402368286743896
0.402380228641507
0.402382823482962
0.402377935221716
0.402303056004417
0.401730912474482
0.401351979961844
0.403327486836858
0.40333843488467
0.403344268490824
0.40334496513393
0.403311752408576
0.400376028096566
0.397446997302058
0.398858648603023
0.399608426897786
0.400796491305406
0.400859386386316
0.400855780790122
0.401400226654607
0.401400226654607
0.401399803818574
0.401418304430249
0.401434625700037
0.402108504255709
0.402144182946241
0.402166189174861
0.402126201470947
0.402126201470947
0.402212297625305
0.402153477843714
