0.100329754525824
0.100329754525824
0.100329754525824
0.100279755526161
0.100279755526161
0.100216200771516
0.100216202087056
0.10020888500198
0.100135888007113
0.100135888007113
0.10013198175621
0.100135888007113
0.100135888007113
0.100135888007113
0.100135888007113
0.100110229004247
0.100110229004247
0.10010906388949
0.100099445538585
0.100099445538585
0.10009940406678
0.10009940406678
0.100107273419941
0.100119739620659
0.100119448252099
0.100119437957371
0.0998316567399668
0.099833597376344
0.0998357291891017
0.0934320085273479
0.0896805184504272
0.0896723183684264
0.0896723183684264
0.0896723183684264
0.0894039998599858
0.0894039465549925
0.0881679815610337
0.0881679815610337
0.0881689756955568
0.0876895730348015
0.0876769548972138
0.0876769548972138
0.0876536680155969
0.0874887438664956
0.0874887414334595
0.0931090808698256
0.0931488796037784
0.0931488676186752
0.0931488687530712
0.0931463577675093
0.0931463577675093
0.0931463488389404
0.0931455632624813
0.098457866566092
0.098457866566092
0.0984284506746211
0.0984284506746211
0.0984284506746211
0.0984284506746211
0.0984316638247455
0.0984320018361168
0.0984320018361168
0.0981581708104663
0.0971700440723341
0.0971684172178496
0.0971763441213242
0.0971895647830008
0.0971921622654343
0.0971895684819843
0.0971895684819843
0.0966596828637285
0.0962344475025698
0.0963845687527317
0.0963946996218659
0.0963894949216879
0.0963895072492995
0.0963715485052979
0.0960019313202681
0.095798056580751
0.095842988733044
0.0961379371370649
0.0956358297202004
0.0956548570797892
0.0956426511745653
0.0961531738028043
0.0961531856468228
0.0961531496565682
0.0961531399468407
0.0961684301819782
0.0966257368378202
0.0966476759317313
0.0966291091571711
0.0965857403006438
0.0965857403006438
0.0965857403006438
0.0965771701289959
