0.282051433869115
0.282051433869115
0.282051433869115
0.281987098013545
0.281987098013545
0.281967226420732
0.281967226420732
0.281969739804781
0.281987400716771
0.281987400716771
0.281987400716771
0.281991160564672
0.281992354428517
0.281992354428517
0.281992354428517
0.281984771026818
0.281999325932601
0.281999325932601
0.281991764200343
0.281991764200343
0.281991764200343
0.281991764200343
0.281991764200343
0.28198924842231
0.28198924842231
0.28198924842231
0.281976719137516
0.281981086273105
0.281981401848983
0.281986154434014
0.281977021015649
0.281977021015649
0.281977021015649
0.281977021015649
0.281964591880358
0.281946650197452
0.281965749661345
0.281965749661345
0.281965437738111
0.281807253691322
0.281813323059725
0.281813323059725
0.281805204824276
0.281805296197967
0.281805296197967
0.287201725165878
0.287216126189823
0.287216126189823
0.287214356796449
0.287216858172206
0.287217357245018
0.287218024611972
0.287219696187873
0.287222020403019
0.287223015989842
0.287213731773746
0.287249743411063
0.287249743411063
0.287249743411063
0.287247431267578
0.287250267146386
0.287406280992615
0.287426112698183
0.287418300611333
0.287420383343693
0.287422978185148
0.287427606610167
0.287425011768712
0.287425011768712
0.287425011768712
0.287418241326869
0.287256053460589
0.28730923148495
0.287310086786665
0.287306817589311
0.287306817589311
0.287315273296476
0.28730546305993
0.28732849316112
0.287370722762214
0.28741451390801
0.287492779714731
0.287490949129539
0.28749069262478
0.287354748672561
0.287354748672561
0.287354748672561
0.287354748672561
0.287350617008005
0.287222162937271
0.287229998495832
0.28721047139973
0.28719914620037
0.28719914620037
0.28719914620037
0.28719914620037
