3.80906605110893e-05
3.80906605110893e-05
3.80906605110893e-05
3.80906605110893e-05
3.80906605110893e-05
3.80398220574627e-05
3.80398220574627e-05
3.80461386275054e-05
3.80906605110893e-05
3.80906605110893e-05
3.80957969356822e-05
3.80906605110893e-05
3.80906605110893e-05
3.80906605110893e-05
3.80906605110893e-05
3.80715138585553e-05
3.80715138585553e-05
3.80715138585553e-05
3.80524660631289e-05
4.35448590987746e-05
4.35448590987746e-05
4.35448590987746e-05
4.35448590987746e-05
4.3533473357964e-05
4.3533473357964e-05
4.3533473357964e-05
4.32731021528857e-05
4.32468885645856e-05
4.32468885645856e-05
4.32468885645856e-05
4.32687032502056e-05
4.32687032502056e-05
4.32687032502056e-05
4.32687032502056e-05
4.30114888457022e-05
4.30114888457022e-05
4.27863544923992e-05
4.27863544923992e-05
4.27875574620959e-05
4.23924843286903e-05
4.23924843286903e-05
4.23924843286903e-05
4.23733049245338e-05
4.22300783965936e-05
4.22300783965936e-05
4.22300783965936e-05
4.22628165823375e-05
4.22628165823375e-05
4.22628165823375e-05
5.12399159152421e-05
5.12399159152421e-05
5.12399159152421e-05
4.22628165823375e-05
4.2268303286199e-05
4.2268303286199e-05
4.22464086109606e-05
4.22464086109606e-05
4.22464086109606e-05
4.22464086109606e-05
5.11974737609099e-05
5.11974737609099e-05
5.11974737609099e-05
5.08335793723792e-05
5.0845977549648e-05
4.19578888869675e-05
4.45527303421546e-05
4.45636010084071e-05
4.196875955322e-05
4.196875955322e-05
4.196875955322e-05
4.23237416996128e-05
4.19349023665206e-05
4.15600918655495e-05
4.15516866088284e-05
4.41288115994759e-05
4.41288115994759e-05
4.40844544437137e-05
4.09630864652815e-05
4.05602153596568e-05
4.00619237841618e-05
3.92819975978904e-05
3.89792942215994e-05
3.89792942215994e-05
3.89820035271818e-05
3.87013398962016e-05
3.87013398962016e-05
3.87013398962016e-05
3.87013398962016e-05
3.86929648485352e-05
3.84290596939162e-05
3.84444213899038e-05
3.83985742889221e-05
3.83684019475409e-05
3.83684019475409e-05
3.83684019475409e-05
3.83684019475409e-05
