0.860803277761145
0.860803277761145
0.860803096487524
0.860829684495048
0.860829704054439
0.860786858150353
0.86078692357576
0.860823366193564
0.860847013350368
0.860896185524276
0.861187082166498
0.861141496753383
0.861235857026332
0.861239855714322
0.861239855714322
0.861239855714322
0.861321496378905
0.861314066869698
0.859608068567386
0.859071771810991
0.859052590339631
0.859943494382849
0.860350775582208
0.860403039393344
0.85971702532955
0.859719432313385
0.859698035752336
0.860030517925083
0.860030570777678
0.859985688094673
0.859946962235569
0.859946929741284
0.859931413836739
0.859899803463015
0.859969816728356
0.859966245932432
0.859966360104889
0.859973632017512
0.859975442550773
0.859973269391959
0.859973269391959
0.859939516752844
0.859977722156861
0.859931822878261
0.859929178123254
0.860571535127708
0.858881640514822
0.85847044854665
0.858482127665209
0.858454246261563
0.856739715169294
0.85657002316925
0.856349304149868
0.854801576312174
0.854249078680446
0.852999482603185
0.852922583708782
0.852797659627758
0.852797641287769
0.85277453312784
0.852737352050021
0.852737352050021
0.852763197712652
0.852763241369318
0.852735949562607
0.852735949562607
0.852738640128195
0.852744007198712
0.851688490606354
0.851682724215514
0.85167404586958
0.85164903435259
0.851735916976035
0.851736008174665
0.851736366141214
0.851736366141214
0.851723180545808
0.851735240975805
0.851745362770996
0.851745362770996
0.851719177639552
0.850144485395764
0.850019099327415
0.850028829866411
0.850728512431077
0.850773178494723
0.850773174067908
0.850773174067908
0.850773174067908
0.850773174067908
0.850773126335515
0.831823029401014
0.842065197856918
0.847646282411514
0.847645296471144
0.847637778844711
