5.80575187223339e-05
5.80575187223339e-05
5.80575187223339e-05
5.80575187223339e-05
5.80575187223339e-05
5.80374668623421e-05
5.80374668623421e-05
5.80374668623421e-05
5.80449715138189e-05
5.80449715138189e-05
5.26719783267742e-05
5.26719783267742e-05
5.25988241826798e-05
5.26000098118236e-05
5.26000098118236e-05
5.26000098118236e-05
5.25761184994053e-05
5.25761184994053e-05
5.2054810872312e-05
5.18407803110115e-05
5.18407803110115e-05
5.13732514795375e-05
5.63230614044254e-05
5.63290755703786e-05
5.66495553992196e-05
5.66483529806335e-05
5.66448234833376e-05
5.66426520794684e-05
5.66426520794684e-05
5.66306954116188e-05
5.66202772267622e-05
5.66202772267622e-05
5.6615525833485e-05
5.660607611042e-05
5.65329379013566e-05
5.65329379013566e-05
5.65329379013566e-05
5.65329379013566e-05
5.65329379013566e-05
5.65329379013566e-05
5.65329379013566e-05
5.65329379013566e-05
5.65291795395067e-05
5.65215447016463e-05
5.65212682368899e-05
5.6531860317633e-05
5.59361020641863e-05
5.6009263562994e-05
5.59880038046764e-05
5.60004516810696e-05
5.52926768162834e-05
5.53411720004818e-05
5.47568109920462e-05
5.48567038851115e-05
5.45616746246232e-05
5.43093221641746e-05
5.43785801867411e-05
5.43266330104782e-05
5.43266330104782e-05
5.43080160832435e-05
5.42747024795794e-05
5.42747024795794e-05
5.42747024795794e-05
5.42747024795794e-05
5.42663843428191e-05
5.42663843428191e-05
5.42643138806508e-05
5.42601837763669e-05
5.39363116445048e-05
5.39363116445048e-05
5.30694904120613e-05
5.30694904120613e-05
5.29978619295622e-05
5.29978619295622e-05
5.29978619295622e-05
5.29978619295622e-05
5.29940289076418e-05
5.29940289076418e-05
5.29864013302555e-05
5.29864013302555e-05
5.29788246139812e-05
5.29480974474852e-05
5.2935473870424e-05
5.37759069409845e-05
5.34512237116103e-05
5.34466706271964e-05
5.34466706271964e-05
5.34466706271964e-05
5.34466706271964e-05
5.34466706271964e-05
5.34466706271964e-05
8.9755979757378e-05
7.97269009687438e-05
6.8404375868912e-05
6.8404375868912e-05
6.8404375868912e-05
