0.0137421114977275
0.0137421114977275
0.0137421114977275
0.0137421114977275
0.0137421114977275
0.0137421048660401
0.0137421048660401
0.0137412387024832
0.0137412462071347
0.0137403805226693
0.0137403805226693
0.0137403805226693
0.0137403073685252
0.0137403085541543
0.0137403085541543
0.0137403085541543
0.0137174247680656
0.0137174247680656
0.0136030971419209
0.0135621222804724
0.013562113497692
0.0134409160606563
0.0133859549930052
0.0133746559820516
0.0134413871840758
0.0134413859816572
0.013440467150838
0.0134404641270143
0.0134404641270143
0.0134404280651848
0.0134399308266633
0.0134399497084998
0.013439954451014
0.0134399450012909
0.0134398718630819
0.0134398718630819
0.0134398718630819
0.0134398718630819
0.0134398718630819
0.0134398718630819
0.0134398718630819
0.0134398718630819
0.0134418232924979
0.013438961135111
0.0134388426521645
0.0134388537596089
0.0133295307905563
0.0133321523845636
0.0133162766565028
0.0133188866617188
0.0131956300419294
0.0131923302425883
0.013205549685935
0.0131024257237821
0.0130500584376795
0.012987216697978
0.0129867464210981
0.0129921597841939
0.0129921597841939
0.0129921597841939
0.0129921493041561
0.0129921493041561
0.0129921493041561
0.0129921274758231
0.0129921191576863
0.0129921191576863
0.0129921170872241
0.0129921129571198
0.012927773872827
0.0129273651356506
0.0129273651356506
0.0129269964195014
0.0129269332901022
0.0129268802090003
0.0129268802090003
0.0129268802090003
0.0129268763759784
0.0129268763759784
0.012926868748401
0.012926868748401
0.0129268611716847
0.0129268304445182
0.0129268090212999
0.0129247537669604
0.0128664259397096
0.0140104448542531
0.0128636502406815
0.0128636502406815
0.0128636502406815
0.0128636502406815
0.0128636502406815
0.0366300949451838
0.0236115217949777
0.0125271350814744
0.0125180713829745
0.0129949545176041
