6.95385699407214e-05
6.95385699407214e-05
6.95385699407214e-05
6.95385699407214e-05
6.95385699407214e-05
6.9511886393261e-05
6.9511886393261e-05
6.9511886393261e-05
6.95526250373213e-05
6.95156972490942e-05
6.95156972490942e-05
6.95156972490942e-05
6.9150856255325e-05
6.9154339586314e-05
6.9154339586314e-05
6.9154339586314e-05
6.90251465822704e-05
6.90251465822704e-05
6.83537520635338e-05
6.80421098907006e-05
6.80333271103342e-05
6.7327618387526e-05
6.69814183568928e-05
6.72778900360678e-05
6.76188845335583e-05
6.75718582878374e-05
6.75683847309182e-05
6.75613137555797e-05
6.75613137555797e-05
6.7476212940899e-05
6.74147279709008e-05
6.74336098074237e-05
6.74189953744941e-05
6.7371266033081e-05
6.70113387803583e-05
6.70113387803583e-05
6.70113387803583e-05
6.70113387803583e-05
6.7002897426092e-05
6.7002897426092e-05
6.7002897426092e-05
6.69646716286959e-05
6.69499640403107e-05
6.69328211621964e-05
6.69302206291804e-05
6.69787659177973e-05
6.64366621191881e-05
6.64217501176585e-05
6.63980858305471e-05
6.64103267520665e-05
6.59070450347315e-05
6.58378785745286e-05
6.57144838306855e-05
6.52579247504604e-05
6.50012440531273e-05
6.46844372646818e-05
6.5023935951356e-05
6.47016766438311e-05
6.47016766438311e-05
6.49992651774762e-05
6.492601041417e-05
6.46098049532901e-05
6.46098049532901e-05
6.45879766202811e-05
6.45481931799688e-05
6.45481931799688e-05
6.45383229710567e-05
6.45186723247495e-05
6.40839328207294e-05
6.40791705848787e-05
6.40791705848787e-05
6.40791705848787e-05
6.37763523841956e-05
6.37121754163825e-05
6.37121754163825e-05
6.37121754163825e-05
6.36917696409492e-05
6.36917696409492e-05
6.36578926705473e-05
6.36578926705473e-05
6.36243898794161e-05
6.35229503808835e-05
6.34889035855205e-05
6.34130109151022e-05
6.84297978890189e-05
6.29968372820413e-05
6.30072609712147e-05
6.30072609712147e-05
6.30072609712147e-05
6.30072609712147e-05
6.30072609712147e-05
5.63057477047338e-05
0.00556224737197324
7.20235169943307e-05
6.6650523807286e-05
7.11481201921822e-05
