0.0664540138224349
0.0664540138224349
0.0664540138224349
0.0664540138224349
0.0664540138224349
0.0664540138224349
0.0664540138224349
0.0664540138224349
0.0664540138224349
0.0664540138224349
0.0664540138224349
0.0664540138224349
0.0664540138224349
0.0664540138224349
0.0664540138224349
0.0664540138224349
0.0664540138224349
0.0664540138224349
0.0664540138224349
0.0664540138224349
0.0664540138224349
0.0664540138224349
0.0664540138224349
0.0664540138224349
0.0664540138224349
0.0664540138224349
0.0664540138224349
0.0664540138224349
0.0664540138224349
0.0
0.0
0.0
0.0
0.0
0.0
0.0
0.0
0.0483785220627326
0.0483785220627326
0.0659223817118554
0.0659223817118554
0.0659223817118554
0.0659223817118554
0.0659223817118554
0.0659223817118554
0.0659223817118554
0.0659223817118554
0.0
0.0
0.0
0.0
0.0
0.0
0.0
0.0
0.0
0.0
0.0
0.0
0.0
0.0
0.0
0.0
0.0
0.0
0.0
0.0
0.0
0.0
0.0
0.0
0.0
0.0
0.0
0.0
0.0
0.0
0.0
0.0
0.0
0.0
0.0
0.0
0.0
0.0
0.0
0.0
0.0
0.0
0.0
0.0
0.0
0.0
0.0
0.0
0.0