0.101010101010101
0.101010101010101
0.101010101010101
0.101010101010101
0.101010101010101
0.101010101010101
0.101010101010101
0.101010101010101
0.101010101010101
0.101010101010101
0.101010101010101
0.101010101010101
0.101010101010101
0.101010101010101
0.101010101010101
0.101010101010101
0.101010101010101
0.101010101010101
0.101010101010101
0.101010101010101
0.101010101010101
0.101010101010101
0.101010101010101
0.101010101010101
0.101010101010101
0.101010101010101
0.101010101010101
0.101010101010101
0.101010101010101
0.0
0.0
0.0
0.0
0.0
0.0
0.0
0.0
0.101010101010101
0.101010101010101
0.101010101010101
0.101010101010101
0.101010101010101
0.101010101010101
0.101010101010101
0.101010101010101
0.101010101010101
0.101010101010101
0.0
0.0
0.0
0.0
0.0
0.0
0.0
0.0
0.0
0.0
0.0
0.0
0.0
0.0
0.0
0.0
0.0
0.0
0.0
0.0
0.0
0.0
0.0
0.0
0.0
0.0
0.0
0.0
0.0
0.0
0.0
0.0
0.0
0.0
0.0
0.0
0.0
0.0
0.0
0.0
0.0
0.0
0.0
0.0
0.0
0.0
0.0
0.0
0.0