0.0350877192982456
0.0350877192982456
0.0350877192982456
0.0350877192982456
0.0350877192982456
0.0350877192982456
0.0350877192982456
0.0350877192982456
0.0350877192982456
0.0350877192982456
0.0350877192982456
0.0350877192982456
0.0350877192982456
0.0350877192982456
0.0350877192982456
0.0350877192982456
0.0350877192982456
0.0350877192982456
0.0350877192982456
0.0350877192982456
0.0350877192982456
0.0350877192982456
0.0350877192982456
0.0350877192982456
0.0350877192982456
0.0350877192982456
0.0350877192982456
0.0350877192982456
0.0350877192982456
0.0
0.0
0.0
0.0
0.0
0.0
0.0
0.0
0.0483785220627326
0.0483785220627326
0.0483785220627326
0.0483785220627326
0.0483785220627326
0.0483785220627326
0.0483785220627326
0.0483785220627326
0.0483785220627326
0.0483785220627326
0.0
0.0
0.0
0.0
0.0
0.0
0.0
0.0
0.0
0.0
0.0
0.0
0.0
0.0
0.0
0.0
0.0
0.0
0.0
0.0
0.0
0.0
0.0
0.0
0.0
0.0
0.0
0.0
0.0
0.0
0.0
0.0
0.0
0.0
0.0
0.0
0.0
0.0
0.0
0.0
0.0
0.0
0.0
0.0
0.0
0.0
0.0
0.0
0.0