3.1448068215449e-05
3.1448068215449e-05
3.1448068215449e-05
3.1448068215449e-05
3.1448068215449e-05
3.1448068215449e-05
3.1448068215449e-05
3.1448068215449e-05
3.1448068215449e-05
3.1448068215449e-05
3.1448068215449e-05
3.1448068215449e-05
3.1448068215449e-05
3.1448068215449e-05
3.1448068215449e-05
3.1448068215449e-05
3.1448068215449e-05
3.1448068215449e-05
3.1448068215449e-05
3.1448068215449e-05
3.1448068215449e-05
3.1448068215449e-05
3.1448068215449e-05
3.1448068215449e-05
3.1448068215449e-05
3.1448068215449e-05
3.1448068215449e-05
3.1448068215449e-05
3.1448068215449e-05
3.1448068215449e-05
3.1448068215449e-05
3.1448068215449e-05
3.1448068215449e-05
3.1448068215449e-05
3.1448068215449e-05
3.1448068215449e-05
3.1448068215449e-05
3.1448068215449e-05
3.1448068215449e-05
3.1448068215449e-05
3.1448068215449e-05
3.1448068215449e-05
3.1448068215449e-05
3.1448068215449e-05
3.1448068215449e-05
3.1448068215449e-05
3.1448068215449e-05
3.1448068215449e-05
3.1448068215449e-05
3.1448068215449e-05
3.1448068215449e-05
3.1448068215449e-05
3.1448068215449e-05
3.1448068215449e-05
3.1448068215449e-05
3.1448068215449e-05
3.1448068215449e-05
3.1448068215449e-05
3.1448068215449e-05
3.1448068215449e-05
3.1448068215449e-05
3.1448068215449e-05
3.1448068215449e-05
3.1448068215449e-05
2.93265745141638e-05
2.93265745141638e-05
2.93265745141638e-05
2.93265745141638e-05
2.93265745141638e-05
3.1448068215449e-05
3.1448068215449e-05
3.1448068215449e-05
3.1448068215449e-05
3.1448068215449e-05
3.1448068215449e-05
3.1448068215449e-05
3.1448068215449e-05
3.1448068215449e-05
3.03873213648064e-05
3.1448068215449e-05
3.1448068215449e-05
3.1448068215449e-05
3.1448068215449e-05
3.1448068215449e-05
3.1448068215449e-05
3.1448068215449e-05
3.1448068215449e-05
3.1448068215449e-05
3.1448068215449e-05
3.1448068215449e-05
3.1448068215449e-05
3.1448068215449e-05
3.21552327825441e-05
3.21552327825441e-05
3.21552327825441e-05
3.21552327825441e-05
