0.0845607940838456
0.0845607940838456
0.0845607940838456
0.0845607940838456
0.0845607940838456
0.0845607940838456
0.0845607940838456
0.0845607940838456
0.0845607940838456
0.0845607940838456
0.0845607940838456
0.0845607940838456
0.0845607940838456
0.0845607940838456
0.0845607940838456
0.0845607940838456
0.0845607940838456
0.0845607940838456
0.0845607940838456
0.0845607940838456
0.0845607940838456
0.0845607940838456
0.0845607940838456
0.0845607940838456
0.0845607940838456
0.0845607940838456
0.0845607940838456
0.0845607940838456
0.0845607940838456
0.0845607940838456
0.0845607940838456
0.0845607940838456
0.0845607940838456
0.0845607940838456
0.0845607940838456
0.0845607940838456
0.0845607940838456
0.0845607940838456
0.0845607940838456
0.0845607940838456
0.0845607940838456
0.0845607940838456
0.0845607940838456
0.0845607940838456
0.0845607940838456
0.0845607940838456
0.0845607940838456
0.0845607940838456
0.0845607940838456
0.0845607940838456
0.0845607940838456
0.0845607940838456
0.0845607940838456
0.0845607940838456
0.0845607940838456
0.0845607940838456
0.0845607940838456
0.0845607940838456
0.0845607940838456
0.0845607940838456
0.0845607940838456
0.0845607940838456
0.0845459436279367
0.0845459436279367
0.0730665412102824
0.0730665412102824
0.0730665412102824
0.0730665412102824
0.0730665412102824
0.0845607940838456
0.0845607940838456
0.0845607940838456
0.0845607940838456
0.0845607940838456
0.0845607940838456
0.0845607940838456
0.0845607940838456
0.0837418975151496
0.0818537681210057
0.0845607940838456
0.0845607940838456
0.0845607940838456
0.0845607940838456
0.0845607940838456
0.0845607940838456
0.0845607940838456
0.0845607940838456
0.0845607940838456
0.0845607940838456
0.0845607940838456
0.0845607940838456
0.0845607940838456
0.0845615012484127
0.0845615012484127
0.0845615012484127
0.0845615012484127
