0.0175032684868933
0.0175032684868933
0.0175032684868933
0.0175032684868933
0.0175032684868933
0.0175032684868933
0.0175032687441912
0.0175032687441912
0.0175032690014859
0.0175032690014859
0.0175032690014859
0.0175032690014859
0.0175032690014859
0.0175032670178898
0.0175032670178898
0.0175032670178898
0.0175032670178898
0.0175032670178898
0.0175032670178898
0.0175032670178898
0.0175032670178898
0.0175032672752065
0.0175032666611496
0.0175034904610709
0.0175032672752065
0.0175032655489995
0.0175032655489995
0.0175032658063349
0.0175032638228651
0.0175032638228651
0.017503262096803
0.0175032623541824
0.0175032623541824
0.0175032623541824
0.0175032623541824
0.0175032623541824
0.0175032606282148
0.0175032606282148
0.0175032606282148
0.0175032606282148
0.0175032608856129
0.0175032608856129
0.0175032611430076
0.0175032594171565
0.0175032594171565
0.01750325967457
0.01750325967457
0.0175032579488132
0.0175032584636744
0.0175032587211001
0.0175032587211001
0.0175032589785225
0.0175032589785225
0.0175032592359417
0.0175032592359417
0.0175032592359417
0.0175032594933575
0.0175032600081795
0.0175032600081795
0.0175032580252397
0.017503258282671
0.017503258282671
0.0175032562997816
0.0175032565572349
0.0175032565572349
0.0175032570721317
0.0175032556042775
0.0175032556042775
0.0175032561191986
0.0175032563766543
0.0175032566341067
0.0175032551664403
0.0175032551664403
0.0175032551664403
0.0175032551664403
0.0175032551664403
0.0175032554239081
0.0175032554239081
0.017503253698887
0.0175032539563735
0.0175032539563735
0.0175032539563735
0.0175032539563735
0.0175032544713368
0.0175032567111984
0.0175032554239081
0.0175032556813727
0.0175032556813727
0.0175032556813727
0.0175032556813727
0.0175032556813727
0.0175032556813727
0.017503255938834
0.017503255938834
0.017503255938834
0.017503255938834