0.426792003314688
0.426792003314688
0.426792003314688
0.426792003314688
0.426792003314688
0.426792003314688
0.426792003314688
0.426792003314688
0.426792003314688
0.426792003314688
0.426792003314688
0.426792003314688
0.426792003314688
0.426792003314688
0.426792003314688
0.426792003314688
0.426792003314688
0.426792003314688
0.426792003314688
0.426792003314688
0.426792003314688
0.426792003314688
0.426792003314688
0.426792003314688
0.426792003314688
0.426792003314688
0.426792003314688
0.426792003314688
0.426792003314688
0.426792003314688
0.426792003314688
0.426792003314688
0.426792003314688
0.426792003314688
0.426792003314688
0.426792003314688
0.426792003314688
0.426792003314688
0.426792003314688
0.426792003314688
0.426792003314688
0.426792003314688
0.426792003314688
0.426792003314688
0.427108266892881
0.426766107313031
0.426766107313031
0.426766107313031
0.426766107313031
0.426766107313031
0.426988592966084
0.42686969131966
0.426843795318003
0.426817899316346
0.426817899316346
0.426817899316346
0.426817899316346
0.426817899316346
0.426817899316346
0.426817899316346
0.426817899316346
0.426817899316346
0.426817899316346
0.426817899316346
0.426817899316346
0.426817899316346
0.426817899316346
0.426817899316346
0.426817899316346
0.426817899316346
0.426817899316346
0.426817899316346
0.426817899316346
0.426817899316346
0.426817899316346
0.426817899316346
0.423469578258415
0.423469578258415
0.423469578258415
0.423289069158066
0.423277101452393
0.423277101452393
0.423277101452393
0.423277101452393
0.423277101452393
0.423277101452393
0.423277101452393
0.423277101452393
0.423277101452393
0.423277101452393
0.4253749595012
0.425061846192142
0.424660528481305
0.423673135950395
0.423277101452393
0.423277101452393