0.0882535736482287
0.0882535736482287
0.0882535736482287
0.0882535736482287
0.0882535736482287
0.0882535736482287
0.0882535736482287
0.0882535736482287
0.0882535736482287
0.0882535736482287
0.0880464056349699
0.0880464056349699
0.0880464056349699
0.0880464056349699
0.0880464056349699
0.0880464056349699
0.0880464056349699
0.0880464056349699
0.0880464056349699
0.0880464056349699
0.0880464056349699
0.0880464056349699
0.0880464056349699
0.0880464056349699
0.0880464056349699
0.0882351907167721
0.0882167304867019
0.0881992931325062
0.0881992931325062
0.0881992931325062
0.0881992931325062
0.0881992931325062
0.0881992931325062
0.0881992931325062
0.0881992931325062
0.0881992931325062
0.0881992931325062
0.0881992931325062
0.0881992931325062
0.0881992931325062
0.0881992931325062
0.0881992931325062
0.0882535736482287
0.0882535736482287
0.0882545669636562
0.0882535736482287
0.0882535736482287
0.0882535736482287
0.0882535736482287
0.0882535736482287
0.0882545669636562
0.0882535736482287
0.0882535736482287
0.0882535736482287
0.0882535736482287
0.0882535736482287
0.0882535736482287
0.0882535736482287
0.0882535736482287
0.0882535736482287
0.0882535736482287
0.0882535736482287
0.0882535736482287
0.0882535736482287
0.0882535736482287
0.0882535736482287
0.0882535736482287
0.0882535736482287
0.0882535736482287
0.0882535736482287
0.0882535736482287
0.0882535736482287
0.0882535736482287
0.0882535736482287
0.0882535736482287
0.0882535736482287
0.0882467886439632
0.0882467886439632
0.0882467886439632
0.0882467886439632
0.0882467886439632
0.0882467886439632
0.0882467886439632
0.0882467886439632
0.0882467886439632
0.0882467886439632
0.0882467886439632
0.0882467886439632
0.0882467886439632
0.0882467886439632
0.0308359402543334
0.0777701230675525
0.0777522110496991
0.0878324526174457
0.0882467886439632
0.0882467886439632