0.529102167182662
0.529102167182662
0.529102167182662
0.529102167182662
0.529102167182662
0.529147429978455
0.529147429978455
0.529250629152861
0.529250629152861
0.529250629152861
0.529250629152861
0.529250629152861
0.529250629152861
0.529250629152861
0.529250629152861
0.529250629152861
0.529250629152861
0.529250629152861
0.529250629152861
0.529250629152861
0.529250629152861
0.529250629152861
0.529250629152861
0.529250629152861
0.529250629152861
0.529250629152861
0.529250629152861
0.529250629152861
0.529299541042268
0.529299541042268
0.529299541042268
0.529299541042268
0.529299541042268
0.529299541042268
0.529299541042268
0.529299541042268
0.529299541042268
0.529299541042268
0.529299541042268
0.529299541042268
0.529299541042268
0.529299541042268
0.529299541042268
0.529299541042268
0.529299541042268
0.529299541042268
0.529299541042268
0.529299541042268
0.529299541042268
0.529299541042268
0.529299541042268
0.529299541042268
0.529299541042268
0.529299541042268
0.529299541042268
0.529299541042268
0.529299541042268
0.529299541042268
0.529299541042268
0.529299541042268
0.529299541042268
0.529299541042268
0.529299541042268
0.529299541042268
0.529299541042268
0.529299541042268
0.529299541042268
0.529299541042268
0.529299541042268
0.529299541042268
0.529299541042268
0.529299541042268
0.529347887476306
0.529347887476306
0.529347887476306
0.529347887476306
0.529347887476306
0.529347887476306
0.529347887476306
0.529347887476306
0.529347887476306
0.529347887476306
0.529347887476306
0.529347887476306
0.529347887476306
0.529347887476306
0.529347887476306
0.529347887476306
0.529347887476306
0.529347887476306
0.529342672125791
0.529342672125791
0.529342672125791
0.529342672125791
0.529342672125791
0.529342672125791