0.150219298245614
0.150219298245614
0.150219298245614
0.150219298245614
0.150219298245614
0.150219298245614
0.150219298245614
0.150219298245614
0.150219298245614
0.150219298245614
0.150219298245614
0.150219298245614
0.150219298245614
0.150219298245614
0.150219298245614
0.150219298245614
0.150219298245614
0.150219298245614
0.150219298245614
0.150219298245614
0.150219298245614
0.150219298245614
0.150219298245614
0.150219298245614
0.150219298245614
0.150219298245614
0.150219298245614
0.150219298245614
0.150219298245614
0.150219298245614
0.150219298245614
0.150219298245614
0.150219298245614
0.150219298245614
0.150219298245614
0.150219298245614
0.150219298245614
0.150219298245614
0.150219298245614
0.150219298245614
0.150219298245614
0.150219298245614
0.150219298245614
0.150219298245614
0.150219298245614
0.150219298245614
0.150219298245614
0.150219298245614
0.150219298245614
0.150219298245614
0.150219298245614
0.150219298245614
0.150219298245614
0.150219298245614
0.150219298245614
0.150219298245614
0.150219298245614
0.149742562929062
0.149742562929062
0.149742562929062
0.149742562929062
0.149742562929062
0.149742562929062
0.149742562929062
0.149742562929062
0.149742562929062
0.149742562929062
0.149742562929062
0.149742562929062
0.149742562929062
0.149742562929062
0.149742562929062
0.149742562929062
0.149742562929062
0.149742562929062
0.149742562929062
0.149742562929062
0.149742562929062
0.149742562929062
0.149742562929062
0.149742562929062
0.149742562929062
0.149742562929062
0.149742562929062
0.149742562929062
0.149742562929062
0.149742562929062
0.149742562929062
0.149742562929062
0.149742562929062
0.149742562929062
0.149742562929062
0.149742562929062
0.149742562929062
0.149742562929062
0.149742562929062