0.0405701754385965
0.0405701754385965
0.0405701754385965
0.0405701754385965
0.0405701754385965
0.0405701754385965
0.0405701754385965
0.0405701754385965
0.0405701754385965
0.0405701754385965
0.0405701754385965
0.0405701754385965
0.0405701754385965
0.0405701754385965
0.0405701754385965
0.0405701754385965
0.0405701754385965
0.0405701754385965
0.0405701754385965
0.0405701754385965
0.0405701754385965
0.0405701754385965
0.0405701754385965
0.0405701754385965
0.0405701754385965
0.0405701754385965
0.0405701754385965
0.0405701754385965
0.0405701754385965
0.0405701754385965
0.0405701754385965
0.0405701754385965
0.0405701754385965
0.0405701754385965
0.0405701754385965
0.0416666666666667
0.0416666666666667
0.0416666666666667
0.0416666666666667
0.0416666666666667
0.0416666666666667
0.0416666666666667
0.0416666666666667
0.0416666666666667
0.0416666666666667
0.0416666666666667
0.0416666666666667
0.0416666666666667
0.0416666666666667
0.0416666666666667
0.0416666666666667
0.0416666666666667
0.0416666666666667
0.0416666666666667
0.0416666666666667
0.0416666666666667
0.0416666666666667
0.0416666666666667
0.0416666666666667
0.0416666666666667
0.0416666666666667
0.0416666666666667
0.0416666666666667
0.0416666666666667
0.0416666666666667
0.0416666666666667
0.0416666666666667
0.0416666666666667
0.0416666666666667
0.0416666666666667
0.0416666666666667
0.0416666666666667
0.0416666666666667
0.0416666666666667
0.0416666666666667
0.0416666666666667
0.0416666666666667
0.0416666666666667
0.0416666666666667
0.0416666666666667
0.0416666666666667
0.0416666666666667
0.0416666666666667
0.0416666666666667
0.0416666666666667
0.0416666666666667
0.0416666666666667
0.0416666666666667
0.0416666666666667
0.0416666666666667
0.0416666666666667
0.0416666666666667
0.0416666666666667
0.0416666666666667
0.0416666666666667
0.0416666666666667