0.0191885964912281
0.0191885964912281
0.0191885964912281
0.0191885964912281
0.0191885964912281
0.0191885964912281
0.0191885964912281
0.0191885964912281
0.0191885964912281
0.0191885964912281
0.0191885964912281
0.0191885964912281
0.0191885964912281
0.0191885964912281
0.0191885964912281
0.0191885964912281
0.0191885964912281
0.0191885964912281
0.0191885964912281
0.0191885964912281
0.0191885964912281
0.0191885964912281
0.0191885964912281
0.0191885964912281
0.0191885964912281
0.0191885964912281
0.0191885964912281
0.0191885964912281
0.0191885964912281
0.0191885964912281
0.0191885964912281
0.0191885964912281
0.0191885964912281
0.0191885964912281
0.0191885964912281
0.0180921052631579
0.0180921052631579
0.0180921052631579
0.0180921052631579
0.0180921052631579
0.0180921052631579
0.0180921052631579
0.0180921052631579
0.0180921052631579
0.0180921052631579
0.0180921052631579
0.0180921052631579
0.0180921052631579
0.0180921052631579
0.0180921052631579
0.0180921052631579
0.0180921052631579
0.0180921052631579
0.0180921052631579
0.0180921052631579
0.0180921052631579
0.0180921052631579
0.0180921052631579
0.0180921052631579
0.0180921052631579
0.0180921052631579
0.0180921052631579
0.0180921052631579
0.0180921052631579
0.0180921052631579
0.0180921052631579
0.0180921052631579
0.0180921052631579
0.0180921052631579
0.0180921052631579
0.0180921052631579
0.0180921052631579
0.0180921052631579
0.0180921052631579
0.0180921052631579
0.0180921052631579
0.0180921052631579
0.0180921052631579
0.0180921052631579
0.0180921052631579
0.0180921052631579
0.0180921052631579
0.0180921052631579
0.0180921052631579
0.0180921052631579
0.0180921052631579
0.0180921052631579
0.0180921052631579
0.0180921052631579
0.0180921052631579
0.0180921052631579
0.0180921052631579
0.0180921052631579
0.0180921052631579
0.0180921052631579
0.0180921052631579