0.0866228070175439
0.0866228070175439
0.0866228070175439
0.0866228070175439
0.0866228070175439
0.0866228070175439
0.0866228070175439
0.0866228070175439
0.0866228070175439
0.0866228070175439
0.0866228070175439
0.0866228070175439
0.0866228070175439
0.0866228070175439
0.0866228070175439
0.0866228070175439
0.0866228070175439
0.0866228070175439
0.0866228070175439
0.0866228070175439
0.0866228070175439
0.0866228070175439
0.0866228070175439
0.0866228070175439
0.0866228070175439
0.0866228070175439
0.0866228070175439
0.0866228070175439
0.0866228070175439
0.0866228070175439
0.0866228070175439
0.0866228070175439
0.0866228070175439
0.0866228070175439
0.0866228070175439
0.0855263157894737
0.0855263157894737
0.0855263157894737
0.0855263157894737
0.0855263157894737
0.0855263157894737
0.0855263157894737
0.0855263157894737
0.0855263157894737
0.0855263157894737
0.0855263157894737
0.0855263157894737
0.0855263157894737
0.0855263157894737
0.0855263157894737
0.0855263157894737
0.0855263157894737
0.0855263157894737
0.0855263157894737
0.0855263157894737
0.0855263157894737
0.0855263157894737
0.0850495804729214
0.0850495804729214
0.0850495804729214
0.0850495804729214
0.0850495804729214
0.0850495804729214
0.0850495804729214
0.0850495804729214
0.0850495804729214
0.0850495804729214
0.0850495804729214
0.0850495804729214
0.0850495804729214
0.0850495804729214
0.0850495804729214
0.0850495804729214
0.0850495804729214
0.0850495804729214
0.0850495804729214
0.0850495804729214
0.0850495804729214
0.0850495804729214
0.0850495804729214
0.0850495804729214
0.0850495804729214
0.0850495804729214
0.0850495804729214
0.0850495804729214
0.0850495804729214
0.0850495804729214
0.0850495804729214
0.0850495804729214
0.0850495804729214
0.0850495804729214
0.0850495804729214
0.0850495804729214
0.0850495804729214
0.0850495804729214
0.0850495804729214