0.999954489095049
0.999954489095049
0.999954489095049
0.999954489095049
0.999954489095049
0.999954470239182
0.999954470239182
0.999954470239182
0.999954599232352
0.999954599232352
0.999954599232352
0.999954599232352
0.999954915240253
0.999955068047316
0.999955968725878
0.99995599809348
0.999956278717698
0.999956410245738
0.999957059455392
0.99995781393984
0.999958465931008
0.999958541216507
0.999958562031281
0.999958668135292
0.999983311706075
0.999983422843018
0.999983821632161
0.99998394727876
0.999983882804266
0.99998390579291
0.99998390579291
0.999984146658693
0.999984146658693
0.999984240246626
0.999984664086143
0.999984664086143
0.999984737620262
0.999984737620262
0.999984767611166
0.999984779445704
0.999984779445704
0.999961105564261
0.999961110188624
0.999961161158827
0.999961179397139
0.999961279455243
0.999962004926883
0.999962352657116
0.999962352657116
0.999962352657116
0.999962372070191
0.99996237601646
0.999962494218286
0.999962512395938
0.999962586676234
0.999962586676234
0.999962592642098
0.999962618867195
0.999962641020865
0.999962652663239
0.999962652663239
0.999962667845017
0.999962667845017
0.999962792231639
0.999962804867838
0.999962953022577
0.999963003163944
0.999963003163944
0.999963007260672
0.999963007260672
0.999963062528256
0.999963062528256
0.999963062528256
0.999963474374754
0.999963846500118
0.999963990776648
0.999964024701966
0.999964061312517
0.999964061312517
0.999963393953646
0.999963393953646
0.999963393953646
0.999963393953646
0.999963425288286
0.99996343613337
0.99996343613337
0.999963465078736
0.999963465078736
0.999963465078736
0.999879194235045
0.999893920720172
0.999893920720172
0.999894029884896
0.999894110946931
0.999894846630783
0.999894893307884
