0.533492464725079
0.532864386716613
0.532864709958339
0.532864709958339
0.532864709958339
0.532850440536642
0.533476134350347
0.533476134350347
0.533063462826116
0.533063462826116
0.533063462826116
0.533063462826116
0.532747927934712
0.53254330478249
0.533208766394524
0.533724068568165
0.534095309612093
0.534160729220352
0.533942198424341
0.533683539218526
0.533688295199032
0.533541579570904
0.533557335359979
0.533558760535752
0.533595066114588
0.533621341442421
0.533389131240557
0.533044566423878
0.53285984912606
0.532792548764394
0.532792548764394
0.532338743284607
0.532338743284607
0.532345140098195
0.531053459040599
0.531610569322522
0.531551293587548
0.531554613083
0.531565064912863
0.531584484858657
0.531584484858657
0.531575715300579
0.531583881847226
0.531568875401312
0.531581025111527
0.531420392883954
0.531180555537828
0.531772741295014
0.531795154440419
0.531795154440419
0.531749326998057
0.531735521511586
0.531360670541301
0.533378544490335
0.535267920196665
0.534370977125092
0.531216735100374
0.531182172333194
0.531195461515647
0.531205790916561
0.53120718893341
0.531198886256512
0.531198592215742
0.530762707861912
0.530775683105261
0.530718619063853
0.530724556981722
0.530724770767751
0.530728008517937
0.530728220560044
0.530689322381561
0.530687806233198
0.530690188333771
0.530352969684606
0.530012903837685
0.529933898483675
0.529924588966763
0.529879139439178
0.529873039917296
0.529561647225848
0.529563864322566
0.52956385566488
0.52956385566488
0.529171046121239
0.529130834883792
0.529130834883792
0.529123186504126
0.529123186504126
0.529123186504126
0.591287363778762
0.528282648517769
0.528210936963922
0.52776292498095
0.527666108689631
0.528352651962841
0.528408016110468
