0.0736086548602982
0.0736080436862822
0.0736080464025993
0.0736080464025993
0.0736080464025993
0.0736049143218987
0.0736049143218987
0.0736049143218987
0.0735082131421221
0.0735082131421221
0.0735082131421221
0.0735082131421221
0.0739621911364574
0.0738625476786314
0.0732843617130285
0.0730440622209843
0.0728279291783557
0.0730615667585564
0.0727708414049064
0.0723789422694961
0.0722470687986302
0.0720031356712788
0.0719884509087789
0.0719245255587622
0.0719097734143363
0.0718840189016121
0.0716453363667604
0.0716442372167255
0.0717696877945616
0.0717494790519759
0.0717494790519759
0.0724463653649714
0.0724463653649714
0.0724445028953162
0.0729340498825044
0.07204526464204
0.0720220732138233
0.0720190599157724
0.0720105574946357
0.0719940374219398
0.0719940374219398
0.0719920248322839
0.0719857945173243
0.07201816407613
0.0720088563763741
0.0718726197259217
0.0718726197259217
0.0716666936539581
0.071666430001493
0.071666430001493
0.0717111492101698
0.0717060166705767
0.0722119954675021
0.0723071230735812
0.0727282132677716
0.0722522842910189
0.0722296730136082
0.0722673859672393
0.0722557225096361
0.0722499235502037
0.0722499352982444
0.0722411227880599
0.0722411227880599
0.0729054426815408
0.0728957332242877
0.0728762742228394
0.0728415320640167
0.0728420157212539
0.0728357927095771
0.0728362763509884
0.0728171261178512
0.0728160491825781
0.0728145109429707
0.0726679592398374
0.0726364575602535
0.0725660913106493
0.0726043275487904
0.072733050674869
0.0727329878176153
0.0729109393506576
0.0729109579817224
0.0729109579817224
0.0729109579817224
0.0731683777081556
0.073229810631964
0.073229810631964
0.0732393318415507
0.0732393318415507
0.0732393318415507
0.0852465572562964
0.0736473982466257
0.0733982246331137
0.0736578670974005
0.0737994390577903
0.0734998093190938
0.07347239144297
