0.760964912280702
0.760964912280702
0.760964912280702
0.760964912280702
0.760964912280702
0.763850415512465
0.763850415512465
0.761657433056325
0.761657433056325
0.761657433056325
0.761657433056325
0.761657433056325
0.761657433056325
0.761657433056325
0.761657433056325
0.763850415512465
0.763850415512465
0.761657433056325
0.761657433056325
0.761657433056325
0.761657433056325
0.761657433056325
0.761657433056325
0.761657433056325
0.761657433056325
0.761657433056325
0.761657433056325
0.761657433056325
0.761657433056325
0.761657433056325
0.761657433056325
0.761657433056325
0.761657433056325
0.761657433056325
0.761657433056325
0.761657433056325
0.761657433056325
0.761657433056325
0.761657433056325
0.761657433056325
0.761657433056325
0.761657433056325
0.761657433056325
0.761657433056325
0.761657433056325
0.761657433056325
0.761657433056325
0.761657433056325
0.761657433056325
0.761657433056325
0.761657433056325
0.761657433056325
0.761657433056325
0.761657433056325
0.761657433056325
0.761657433056325
0.761657433056325
0.761657433056325
0.761657433056325
0.761657433056325
0.761657433056325
0.761657433056325
0.761657433056325
0.761657433056325
0.761657433056325
0.761657433056325
0.761657433056325
0.761657433056325
0.761657433056325
0.761657433056325
0.761657433056325
0.761657433056325
0.761657433056325
0.761657433056325
0.761657433056325
0.761657433056325
0.761657433056325
0.761657433056325
0.761657433056325
0.761657433056325
0.761657433056325
0.761657433056325
0.761657433056325
0.761657433056325
0.761657433056325
0.761657433056325
0.761657433056325
0.761657433056325
0.761657433056325
0.761657433056325
0.761657433056325
0.761657433056325
0.761657433056325
0.761657433056325
0.761657433056325
0.761657433056325