0.0405701754385965
0.0405701754385965
0.0405701754385965
0.0405701754385965
0.0405701754385965
0.0405701754385965
0.0405701754385965
0.0405701754385965
0.0405701754385965
0.0405701754385965
0.0405701754385965
0.0405701754385965
0.0405701754385965
0.0405701754385965
0.0405701754385965
0.0405701754385965
0.0405701754385965
0.0405701754385965
0.0405701754385965
0.0405701754385965
0.0405701754385965
0.0405701754385965
0.0405701754385965
0.0405701754385965
0.0405701754385965
0.0405701754385965
0.0405701754385965
0.0405701754385965
0.0405701754385965
0.0405701754385965
0.0405701754385965
0.0405701754385965
0.0405701754385965
0.0405701754385965
0.0405701754385965
0.0405701754385965
0.0405701754385965
0.0405701754385965
0.0405701754385965
0.0405701754385965
0.0405701754385965
0.0405701754385965
0.0405701754385965
0.0405701754385965
0.0405701754385965
0.0405701754385965
0.0405701754385965
0.0405701754385965
0.0405701754385965
0.0405701754385965
0.0405701754385965
0.0405701754385965
0.0405701754385965
0.0405701754385965
0.0405701754385965
0.0405701754385965
0.0405701754385965
0.0405701754385965
0.0405701754385965
0.0405701754385965
0.0405701754385965
0.0405701754385965
0.0405701754385965
0.0405701754385965
0.0405701754385965
0.0405701754385965
0.0405701754385965
0.0405701754385965
0.0405701754385965
0.0405701754385965
0.0405701754385965
0.0405701754385965
0.0405701754385965
0.0405701754385965
0.0405701754385965
0.0405701754385965
0.0405701754385965
0.0405701754385965
0.0405701754385965
0.0405701754385965
0.0405701754385965
0.0405701754385965
0.0405701754385965
0.0405701754385965
0.0405701754385965
0.0405701754385965
0.0405701754385965
0.0339912280701754
0.0405701754385965
0.0405701754385965
0.0339912280701754
0.0339912280701754
0.0339912280701754
0.0339912280701754
0.0405701754385965
0.0405701754385965