0.0416666666666667
0.0416666666666667
0.0416666666666667
0.0416666666666667
0.0416666666666667
0.0389542936288089
0.0389542936288089
0.0411472760849492
0.0411472760849492
0.0411472760849492
0.0411472760849492
0.0411472760849492
0.0411472760849492
0.0411472760849492
0.0411472760849492
0.0389542936288089
0.0389542936288089
0.0411472760849492
0.0411472760849492
0.0411472760849492
0.0411472760849492
0.0411472760849492
0.0411472760849492
0.0411472760849492
0.0411472760849492
0.0411472760849492
0.0411472760849492
0.0411472760849492
0.0411472760849492
0.0411472760849492
0.0411472760849492
0.0411472760849492
0.0411472760849492
0.0411472760849492
0.0411472760849492
0.0411472760849492
0.0411472760849492
0.0411472760849492
0.0411472760849492
0.0411472760849492
0.0411472760849492
0.0411472760849492
0.0411472760849492
0.0411472760849492
0.0411472760849492
0.0411472760849492
0.0411472760849492
0.0411472760849492
0.0411472760849492
0.0411472760849492
0.0411472760849492
0.0411472760849492
0.0411472760849492
0.0411472760849492
0.0411472760849492
0.0411472760849492
0.0411472760849492
0.0411472760849492
0.0411472760849492
0.0411472760849492
0.0411472760849492
0.0411472760849492
0.0411472760849492
0.0411472760849492
0.0411472760849492
0.0411472760849492
0.0411472760849492
0.0411472760849492
0.0411472760849492
0.0411472760849492
0.0411472760849492
0.0411472760849492
0.0411472760849492
0.0411472760849492
0.0411472760849492
0.0411472760849492
0.0411472760849492
0.0411472760849492
0.0411472760849492
0.0411472760849492
0.0411472760849492
0.0411472760849492
0.0411472760849492
0.0411472760849492
0.0411472760849492
0.0411472760849492
0.0411472760849492
0.0411472760849492
0.0411472760849492
0.0411472760849492
0.0411472760849492
0.0411472760849492
0.0411472760849492
0.0411472760849492
0.0411472760849492
0.0411472760849492