0.620535714285714
0.620535714285714
0.620535714285714
0.620535714285714
0.620535714285714
0.620535714285714
0.620535714285714
0.620535714285714
0.620535714285714
0.620535714285714
0.620535714285714
0.620535714285714
0.620535714285714
0.620535714285714
0.620535714285714
0.620535714285714
0.620535714285714
0.620535714285714
0.620535714285714
0.620535714285714
0.620535714285714
0.620535714285714
0.620535714285714
0.620535714285714
0.620535714285714
0.620535714285714
0.620535714285714
0.620535714285714
0.620535714285714
0.620535714285714
0.620535714285714
0.620535714285714
0.620535714285714
0.620535714285714
0.620535714285714
0.620535714285714
0.620535714285714
0.620535714285714
0.620535714285714
0.620535714285714
0.620535714285714
0.620535714285714
0.620535714285714
0.620535714285714
0.620535714285714
0.620535714285714
0.620535714285714
0.620535714285714
0.620535714285714
0.620535714285714
0.620535714285714
0.620535714285714
0.620535714285714
0.620535714285714
0.620535714285714
0.620535714285714
0.620535714285714
0.620535714285714
0.620535714285714
0.620535714285714
0.620535714285714
0.620535714285714
0.620535714285714
0.620535714285714
0.620535714285714
0.620535714285714
0.620535714285714
0.620535714285714
0.620535714285714
0.620535714285714
0.620535714285714
0.620535714285714
0.620535714285714
0.620535714285714
0.620535714285714
0.620535714285714
0.620535714285714
0.620535714285714
0.620535714285714
0.620535714285714
0.620535714285714
0.620535714285714
0.620535714285714
0.620535714285714
0.620535714285714
0.620535714285714
0.620535714285714
0.620535714285714
0.620535714285714
0.620535714285714
0.620535714285714
0.620535714285714
0.620535714285714
0.620535714285714
0.620535714285714
0.620535714285714
