0.361607142857143
0.361607142857143
0.361607142857143
0.361607142857143
0.361607142857143
0.361607142857143
0.361607142857143
0.361607142857143
0.361607142857143
0.361607142857143
0.361607142857143
0.361607142857143
0.361607142857143
0.361607142857143
0.361607142857143
0.361607142857143
0.361607142857143
0.361607142857143
0.361607142857143
0.361607142857143
0.361607142857143
0.361607142857143
0.361607142857143
0.361607142857143
0.361607142857143
0.361607142857143
0.361607142857143
0.361607142857143
0.361607142857143
0.361607142857143
0.361607142857143
0.361607142857143
0.361607142857143
0.361607142857143
0.361607142857143
0.361607142857143
0.361607142857143
0.361607142857143
0.361607142857143
0.361607142857143
0.361607142857143
0.361607142857143
0.361607142857143
0.361607142857143
0.361607142857143
0.361607142857143
0.361607142857143
0.361607142857143
0.361607142857143
0.361607142857143
0.361607142857143
0.361607142857143
0.361607142857143
0.361607142857143
0.361607142857143
0.361607142857143
0.361607142857143
0.361607142857143
0.361607142857143
0.361607142857143
0.361607142857143
0.361607142857143
0.361607142857143
0.361607142857143
0.361607142857143
0.361607142857143
0.361607142857143
0.361607142857143
0.361607142857143
0.361607142857143
0.361607142857143
0.361607142857143
0.361607142857143
0.361607142857143
0.361607142857143
0.361607142857143
0.361607142857143
0.361607142857143
0.361607142857143
0.361607142857143
0.361607142857143
0.361607142857143
0.361607142857143
0.361607142857143
0.361607142857143
0.361607142857143
0.361607142857143
0.361607142857143
0.361607142857143
0.361607142857143
0.361607142857143
0.361607142857143
0.361607142857143
0.361607142857143
0.361607142857143
0.361607142857143
