0.0275646487126291
0.0274182468423535
0.0274128033531852
0.0274128033531852
0.0274164210555916
0.0274164210555916
0.0274164210555916
0.0274164210555916
0.0274164210555916
0.0274164210555916
0.0274164210555916
0.0274164210555916
0.0274164210555916
0.0274164210555916
0.0274164210555916
0.0274164210555916
0.027398600356876
0.0273919128596791
0.0274218459967499
0.0274218459967499
0.0270992436493292
0.0271600822338926
0.0271542020489753
0.0271209582819434
0.0271209582819434
0.0271206984522728
0.027116335488567
0.0271136457724158
0.0271136457724158
0.0271136457724158
0.0271136457724158
0.0275467077009007
0.0275454965273104
0.027325700164406
0.0273206068740825
0.0273500949608954
0.0273496428787283
0.0273739708268847
0.0286557638724736
0.028027459408705
0.028027459408705
0.0278756248746688
0.0278756248746688
0.0278756248746688
0.0278744012624706
0.0278744012624706
0.0278771760256908
0.0278444362296754
0.0278444362296754
0.0278444362296754
0.027838145959103
0.0278411862095713
0.0278411862095713
0.0277889204961249
0.0278057683568791
0.0278057683568791
0.0278175362303069
0.0277941960359311
0.0278704565186298
0.0278704594523335
0.0278661745808065
0.0278470079358319
0.0278436323447047
0.0278436323447047
0.0271356683718153
0.0271356683718153
0.0271356683718153
0.0271356683718153
0.0271356683718153
0.0271283636728442
0.0271283636728442
0.0271283636728442
0.0271283636728442
0.0271283636728442
0.0271283636728442
0.0271283636728442
0.0271283636728442
0.0271283636728442
0.0271283636728442
0.0271283636728442
0.0271283636728442
0.0271283636728442
0.0271283636728442
0.0271283636728442
0.0271283636728442
0.0272242119306719
0.0269926335481175
0.0269758075957686
0.0269758075957686
0.0271654692103284
0.0269510079458825
0.0268078910277791
0.0267748580569376
0.0267748580569376
0.027724537269571
0.0277028475902035