0.00791398768941367
0.00796539262461155
0.00776877997216114
0.00770880841607193
0.00770749127834217
0.0077091015567334
0.0077091015567334
0.0077091015567334
0.0077091015567334
0.0077091015567334
0.0077091015567334
0.0077091015567334
0.0077091015567334
0.0077091015567334
0.0077091015567334
0.0077091015567334
0.00769904576425402
0.00769743451310563
0.00769344491237656
0.00769344491237656
0.00737958626175959
0.00739196377917125
0.00732848037029949
0.00727662474338293
0.00727574384606029
0.00727525265011831
0.0072775246502274
0.00727717871807054
0.00727717871807054
0.00727717871807054
0.00727717871807054
0.00727639534171525
0.00726838896727258
0.0072737917581917
0.00726697028625252
0.00746601487223978
0.00726697028625252
0.00726697028625252
0.00725941265178172
0.00725941265178172
0.00725471706493771
0.00721036902727734
0.00720590791957121
0.00720590791957121
0.0072056369257857
0.0072056369257857
0.00720521005483183
0.00720512382047905
0.00720512382047905
0.00720512382047905
0.00705947126358111
0.00674626140644608
0.00674626140644608
0.00674190213230453
0.00672914912136039
0.00672914912136039
0.00670563845696083
0.00669119866741158
0.00667093294968628
0.00666783377613256
0.00665546851700796
0.00665286327822657
0.0066548912055683
0.006656188782238
0.00664721714206012
0.00664721714206012
0.00664775352288841
0.00663998642001495
0.00663998642001495
0.00663998642001495
0.00663998642001495
0.00663998642001495
0.00663998642001495
0.00663998642001495
0.00663998642001495
0.00663998642001495
0.00663998642001495
0.00663998642001495
0.00663998642001495
0.00663998642001495
0.00663998642001495
0.00663998642001495
0.00663998642001495
0.00663998642001495
0.00663998642001495
0.00658551214521387
0.00609223692026922
0.00609223692026922
0.00609165281571916
0.0061372024523645
0.00607542399959919
0.00639704060404834
0.00637142487298654
0.00637142487298654
0.00637185848417677
0.00635849793171369