0.0025837252732289
0.00260050567476408
0.0025487142593198
0.00253818972041955
0.00253873471135679
0.00253925656083543
0.00253925656083543
0.00253925656083543
0.00253925656083543
0.00253925656083543
0.00253925656083543
0.00253925656083543
0.00253925656083543
0.00253925656083543
0.00253925656083543
0.00253925656083543
0.00253712644960139
0.00253672581662193
0.00253648395607508
0.00253648395607508
0.00244216257270226
0.00244452516541767
0.00242628980802727
0.00241153502073054
0.00241123037402939
0.00241113098555288
0.00241187741188948
0.00241184065393295
0.00241184065393295
0.00241184065393295
0.00241184065393295
0.00241132546367939
0.0023297438616718
0.00233149421923133
0.00240978608452292
0.00240572214888457
0.00240572214888457
0.00240623438487435
0.00240303540664884
0.00240250536878863
0.00240098365082992
0.00239273276992711
0.00239136965368357
0.00239136965368357
0.00239124985001744
0.00238598744794863
0.00238577532901078
0.00238575491715153
0.00238575491715153
0.00238575491715153
0.00235205167132388
0.0022238968347021
0.00222347226919861
0.00222624448360899
0.00222197285344232
0.00222197285344232
0.00212136714905847
0.00211701082399445
0.00199555957727545
0.00199537695610614
0.00212879069762957
0.00212797052986506
0.00220134035901322
0.00220185695642701
0.00219941823838154
0.00219941823838154
0.00219958709901267
0.00219835319480323
0.00219835319480323
0.00219788569406908
0.00219788569406908
0.00219788569406908
0.00219788569406908
0.00219788569406908
0.00219788569406908
0.00219788569406908
0.00219788569406908
0.00219788569406908
0.00219788569406908
0.00219788569406908
0.00219788569406908
0.00219788569406908
0.00219788569406908
0.00219788569406908
0.00219788569406908
0.00218340795138228
0.00204496545123685
0.00204496545123685
0.00204470343101938
0.00204295120178283
0.00204295487016812
0.00204606094972419
0.00203466667727986
0.0020367696382489
0.002040458190212
0.00203679842621807