0.24214375825412
0.242147703436956
0.245088529791968
0.247146169007217
0.247201049667621
0.24719672696474
0.24719672696474
0.24719672696474
0.24719672696474
0.24719672696474
0.24719672696474
0.24719672696474
0.24719672696474
0.24719672696474
0.24719672696474
0.24719672696474
0.247535856669777
0.247514523324202
0.247516048462237
0.247516048462237
0.251189162403675
0.251454118533474
0.251189717966601
0.250930806726741
0.250916214160683
0.250936037056754
0.250995117702036
0.25102034939637
0.25102034939637
0.25102034939637
0.25102034939637
0.250910406956635
0.25092783196238
0.251116858825272
0.250920115996338
0.2521875990362
0.2521875990362
0.252280057632354
0.249839704783126
0.237790455379592
0.237508067561505
0.238369721124268
0.238320896778818
0.238320896778818
0.23834699320158
0.23921790459381
0.23914423680938
0.239142020113545
0.239142020113545
0.239142020113545
0.242958569164824
0.252154717411634
0.252531388282716
0.252034908819523
0.251802501217213
0.251802501217213
0.251708233345486
0.2512943835204
0.250967040711231
0.250933662325436
0.250554177783477
0.250516007219287
0.25052687292134
0.250574477423272
0.250662634315294
0.250662634315294
0.250668534504405
0.250575335628955
0.250575335628955
0.250495451441007
0.250495451441007
0.250495451441007
0.250495451441007
0.250495451441007
0.250499908857639
0.250499908857639
0.250499908857639
0.250499908857639
0.250499908857639
0.250499908857639
0.250499908857639
0.250499908857639
0.250499908857639
0.250499908857639
0.250499908857639
0.251496538424827
0.260166098056599
0.260169643894
0.259937083649753
0.259823394791496
0.259741214296524
0.259732489987634
0.259393902603117
0.259393902603117
0.259440891568844
0.258911680485674