0.0773167956009197
0.0779729454267359
0.0781113653801876
0.072965825025928
0.0752891815515424
0.0743142757436377
0.0756225921564053
0.076416110337624
0.0733028062977916
0.0761563494243669
0.075169594012922
0.0750188344539107
0.0754468060459604
0.0645987008884103
0.0632203292170375
0.0626570228507948
0.0627556421801834
0.0627556421801834
0.0627556421801834
0.0645274672935111
0.0634179511918313
0.0606313916790559
0.0613063292765487
0.0610467955678411
0.0615233762366113
0.0614528011488555
0.0633058053732875
0.0570842456619686
0.0571043980847358
0.0569432491587299
0.0568415909773628
0.0568432630593537
0.0568409740608988
0.0591447263479732
0.0568728487387754
0.0568504522719874
0.0519052966226434
0.0541076306254453
0.0548794996257594
0.0552652347143372
0.0554495386736466
0.0555860423920199
0.055251685371698
0.0557053147432068
0.0553388009021275
0.0542969342764184
0.0546060403837596
0.0541087961689067
0.0571471429599116
0.0571500921480866
0.0571435746870573
0.0541012474454092
0.0540672883888702
0.0556444316089327
0.0559724875925229
0.0534533903314302
0.0438359156911408
0.0573606218581198
0.0578156501202021
0.057841159617803
0.0579037761684989
0.057858367878582
0.057860851074035
0.0550541538163849
0.0550476561676617
0.0550826260137243
0.0550621375636278
0.0550585965024771
0.0550525949250258
0.0550357034588995
0.0550396283596111
0.0550396073309031
0.0570642404916335
0.0547308802607816
0.0547276305297316
0.0547180390247402
0.0547684192640204
0.0547644285971523
0.0547583941906433
0.0555863819857049
0.0555927293556673
0.054681971997739
0.0546795124231773
0.0546851047216355
0.0546773286736429
0.0551405467081035
0.0551275985762322
0.0550460637497265
0.05502153828575
0.0549975025390682
0.0552342596705725
0.0552134204534044
0.0570567658090084
0.0570298889415451
0.056970524240847
0.0569846616189734