0.00168750017996146
0.00165607093504907
0.00221044922575487
0.00221097463213879
0.00221437217584989
0.00221437217584989
0.00216448071475519
0.00216448071475519
0.0166426455381363
0.00215584554932997
0.00215584554932997
0.00215584554932997
0.0022577397608217
0.00227584612420789
0.0163042848073699
0.0163042848073699
0.0163042848073699
0.0163042848073699
0.0163042848073699
0.0172247553818003
0.0153656667142827
0.0151574915202937
0.0149426442293502
0.0149714746165784
0.0149002257917493
0.0145818041382015
0.0146923702453644
0.0145500548753667
0.0144968303476655
0.0144632736488903
0.0144491953878267
0.0144540673745659
0.0144524657218033
0.0144562426888747
0.0144556863682159
0.0144500440836632
0.0144508922738517
0.0144533810636953
0.0144530917377655
0.0144700147502169
0.0144527111913395
0.0144559291200208
0.0144591296193279
0.0144574529439579
0.0144502696576344
0.014430726397513
0.0147276970081242
0.0144199356317396
0.0144228039360008
0.0144235547914012
0.0144231375862489
0.0151059536192521
0.0151039979383325
0.0149944879199376
0.0187942985164306
0.0191335774489432
0.0791942947840262
0.0192559368419528
0.0184808862248187
0.0184818851830507
0.0184336181599013
0.0184378623645028
0.018434677890906
0.0178173879802505
0.017814416425386
0.0178067632699888
0.017828486389444
0.0178126935404019
0.0178073420483682
0.0178038428083675
0.0178054864117519
0.0178054864117519
0.0180413334742722
0.0178142893659756
0.0178052721621116
0.0178081264050536
0.0178013956998734
0.0178019251438351
0.0178160493954156
0.0190581909158318
0.0184771992783153
0.0184368914729231
0.0184320590378755
0.0178282061518187
0.0178245196470075
0.0178289266368493
0.017829491847707
0.0178435293511253
0.0178451524948766
0.0178277468202991
0.0178298138262887
0.017823689489814
0.0178410130840692
0.0178421812429002
0.017838150894569
0.0178356349041315