0.434923122835608
0.434864602085684
0.469277503916895
0.499902865015242
0.499657496009663
0.499829944153028
0.481990440674599
0.507778054099275
0.540224604063519
0.508983196238452
0.507291173473002
0.507291173473002
0.485912282695201
0.375180953150025
0.421000987655519
0.42168601048651
0.420665679732452
0.420665679732452
0.420665679732452
0.453482837813179
0.447189254505006
0.466563165486159
0.448203215125769
0.44740533776628
0.447602575999044
0.440842840495312
0.395652141777703
0.392660822503486
0.392735667663406
0.392532094380495
0.392533223289821
0.392634204706223
0.395107141795099
0.408340975266221
0.395018453478972
0.395039310387391
0.36232564627034
0.361878122462188
0.361914925747843
0.361785525360895
0.362069943481379
0.361193555371811
0.361738461192573
0.361890974742453
0.362182469512934
0.363402342075547
0.334603651357491
0.340695007611097
0.36403981568918
0.363622386575259
0.363607607276299
0.363926980822765
0.36387165745952
0.363998470052747
0.365406774503346
0.36388120386366
0.388016218665813
0.365344066902313
0.36584361203072
0.365386838638877
0.365407965962337
0.365488127689927
0.36541587470316
0.345762153505791
0.345735869340742
0.345708088570816
0.345728460805462
0.345813376239277
0.345294012256167
0.345204365211075
0.345227035222788
0.345635341986386
0.345648158656761
0.345581483494805
0.345212558703589
0.345167271680246
0.345149318603099
0.345152901309267
0.345172672447387
0.34513682631255
0.345229158214792
0.3451664041936
0.345203053437767
0.345921901125327
0.345872587090642
0.345616644638029
0.345639663529059
0.345611060891511
0.345376086385277
0.345230248126217
0.343527230038314
0.343529602519071
0.344176428953362
0.344088447029447
0.344156544248272
0.344114148110571