0.0474727463502273
0.0474710835241525
0.0500149993575495
0.0477076594822728
0.0488506926389825
0.0488525268052507
0.047706916729592
0.0479974725261106
0.0441656419589429
0.0488004026360805
0.0497763877869817
0.0497763877869817
0.0601805702644313
0.192935918955751
0.176813435435866
0.176650039029053
0.177207617545211
0.177207617545211
0.177207617545211
0.186417202800299
0.176628764754502
0.172204302070921
0.170123706020769
0.169975309024698
0.169910575406653
0.166665472938479
0.150361366477176
0.145616962122862
0.145552194131953
0.145540796305949
0.145521428483621
0.145556085569739
0.145547398850646
0.145511617353527
0.145512248516058
0.145525360167125
0.145537869458891
0.145662093906518
0.145678496616084
0.145645010983557
0.145677715211638
0.145683246093183
0.145770419743948
0.146091472081409
0.145669396403164
0.145289495797457
0.146157955860789
0.144114610578894
0.144079999898237
0.146198123518183
0.146247760488833
0.146806896044447
0.14677357413877
0.144450284129288
0.144333141335422
0.146608621224187
0.135301838307406
0.14637620983256
0.144029141723347
0.143993098426995
0.144328377644992
0.144029677372994
0.144005202864978
0.144011268384649
0.143996414221192
0.143985704480065
0.143993536442679
0.144025548576199
0.146161276865723
0.146406479967377
0.146417062090276
0.144714563708049
0.145170752785221
0.144211121918562
0.146412503142695
0.146393729908121
0.146389147764634
0.146388144476411
0.146396037260719
0.146379965357152
0.146415883017457
0.146394813553931
0.146407620420283
0.146499149855779
0.146480919967298
0.146464105883025
0.146473511620801
0.146462452252041
0.146432824771941
0.146423044767186
0.146287527777619
0.146277140693329
0.14633667089912
0.146298921289199
0.146312080360365
0.146288242780642