0.0614986308345679
0.0611370991460881
0.0944292022625227
0.102394672067092
0.102155429469697
0.101964288585631
0.0982365536930843
0.104720059014501
0.0955693570022595
0.10241170556507
0.102434498475732
0.102434498475732
0.105570948162451
0.099132863904685
0.0929606244386044
0.0928560130862112
0.0928560130862112
0.0928560130862112
0.0928560130862112
0.098347514895325
0.138433391632703
0.132451102503496
0.130405301995338
0.130154637143961
0.129889831944345
0.128646867432097
0.127319235639287
0.127349587319078
0.127371862002827
0.127339082421465
0.127340655182561
0.127376352069927
0.127363565379077
0.127331279356313
0.127332379927953
0.1273445557665
0.102811364313285
0.0956631585088124
0.0955003517028861
0.0954789669071572
0.0956021282436799
0.0955210190057017
0.0959173913979912
0.0956220044129347
0.0955444690227945
0.0969951870888588
0.0606607065076956
0.0732789731937186
0.0737466339536268
0.073760011884965
0.0737548485537843
0.0747134515625724
0.0747048893382766
0.0731456494512243
0.0753840820494023
0.0735046816726781
0.0634211901629275
0.0719361133200934
0.0715230225662103
0.0695209534883291
0.0694940705706635
0.0695140291924489
0.0695019755874064
0.0692652462695263
0.0692596530340764
0.0692563823536643
0.0692572440642557
0.0692774582769665
0.0692598826831765
0.0692463024993236
0.0692512670166908
0.0692502289107657
0.0703484463483397
0.0692313043044355
0.0692487060871606
0.0692408230787151
0.0692369548185184
0.0692374933318286
0.0692386598183204
0.0694834853047408
0.0695048443064605
0.0694908016097635
0.0694996678039192
0.0695048723337406
0.0694974951944203
0.0695832515652663
0.0695911090780496
0.0695810709171328
0.0695886093287851
0.0696018375472938
0.0722773123688588
0.0722729319756736
0.0724733592168174
0.072452766724247
0.0724700601094145
0.0724598872915073