0.000181118454402945
0.000181118454402945
0.000283472599745831
0.000278896250645295
0.000279324168383154
0.000279324168383154
0.000273040179988572
0.000365648850475346
0.000334729283789288
0.000364191022958901
0.000364191022958901
0.000364191022958901
0.000381392792779726
0.00434773841759581
0.00404199513262963
0.00404199513262963
0.00404199513262963
0.00404199513262963
0.00404199513262963
0.00424433787317086
0.00400443882211667
0.00390255887349108
0.00385860897537315
0.00385860897537315
0.00386187608613929
0.00376054422899443
0.00473893224862924
0.000692560284463228
0.000692708067201435
0.000692542247088504
0.000692445465977394
0.000692717627271495
0.000692623582478107
0.000692448640170179
0.000699629009637979
0.000692546117505181
0.000692573231038383
0.000692703046916535
0.000692703046916535
0.000692392707598237
0.000692551679598735
0.000692473846245755
0.000692373725634557
0.000699373850631531
0.000692267276803221
0.000690094070393271
0.000692624093538948
0.000682992786190512
0.000682822283629249
0.00068284300984145
0.000682823935415285
0.00073219555961293
0.000732032123333151
0.000732041093330178
0.000730462500367089
0.0007298964799466
0.000816124692714047
0.000729283286679299
0.000729278401746019
0.000729108875740906
0.000736317116925155
0.000729283286679299
0.000729102015522785
0.000729127920141827
0.000729116534227573
0.00072900776194409
0.000729113760674186
0.000729267436580349
0.000729110527526942
0.000728933876357431
0.00072894818944409
0.000728933876357431
0.000728969118430633
0.000728783700972088
0.000728933876357431
0.000728801077822058
0.000728690338689425
0.000728768660697396
0.000728801910968578
0.000728778820530701
0.000728942114609472
0.000728798636593857
0.00072885555434946
0.00072894818944409
0.000728809562624933
0.000728780470786951
0.000728803561224828
0.000728774756753992
0.000728792966750482
0.00072894818944409
0.000728801910968578
0.000728761009041041
0.00164519415678286
0.00164460341213192
0.00164513062178654
0.00164451004984925