0.0304860679511084
0.0304860679511084
0.0304860679511084
0.0304860679511084
0.0304860679511084
0.0304860679511084
0.0304860679511084
0.0304860679511084
0.0304860679511084
0.0304860679511084
0.0304860679511084
0.0304860679511084
0.0304860679511084
0.0304860679511084
0.0304860679511084
0.0304860679511084
0.0304860679511084
0.0304860679511084
0.0285011436143645
0.0294502278848146
0.0294502278848146
0.0294502278848146
0.0294502278848146
0.0294502278848146
0.0294502278848146
0.0294502278848146
0.0294502278848146
0.0294502278848146
0.0294502278848146
0.0294502278848146
0.0294502278848146
0.0294502278848146
0.0294502278848146
0.0294502278848146
0.0294502278848146
0.0294502278848146
0.0294502278848146
0.0294502278848146
0.0294502278848146
0.0294502278848146
0.0294502278848146
0.0294502278848146
0.0294502278848146
0.0294502278848146
0.0294502278848146
0.0294502278848146
0.0294502278848146
0.0294502278848146
0.0294502278848146
0.0294502278848146
0.0294502278848146
0.0294502278848146
0.0294502278848146
0.0294502278848146
0.0294502278848146
0.0294502278848146
0.0294502278848146
0.0294502278848146
0.0294502278848146
0.0294502278848146
0.0294502278848146
0.0294243318831572
0.0294502278848146
0.0294502278848146
0.0294502278848146
0.0294502278848146
0.0294502278848146
0.0294502278848146
0.0294502278848146
0.0294502278848146
0.0294502278848146
0.0294502278848146
0.0294502278848146
0.0294502278848146
0.0294502278848146
0.0294502278848146
0.0294502278848146
0.0294502278848146
0.0294502278848146
0.0294502278848146
0.0294502278848146
0.0294502278848146
0.0294502278848146
0.0294502278848146
0.0294502278848146
0.0294502278848146
0.0294502278848146
0.0294502278848146
0.0294502278848146
0.0294502278848146
0.0294502278848146
0.0294502278848146
0.0294502278848146
0.0294502278848146
0.0294502278848146
0.0294502278848146