0.0314377460120157
0.0314377460120157
0.0314377460120157
0.0314377460120157
0.0314377460120157
0.0314377460120157
0.0314377460120157
0.0314377460120157
0.0314377460120157
0.0314377460120157
0.0314377460120157
0.0314377460120157
0.0314377460120157
0.0314377460120157
0.0314377460120157
0.0314377460120157
0.0314377460120157
0.0314377460120157
0.0326220229654794
0.0314752910241274
0.0314377460120157
0.0314377460120157
0.0314377460120157
0.0314377460120157
0.0314377460120157
0.0314377460120157
0.0314377460120157
0.0314377460120157
0.0314377460120157
0.0314377460120157
0.0314377460120157
0.0314377460120157
0.0314377460120157
0.0314377460120157
0.0314377460120157
0.0314377460120157
0.0314377460120157
0.0316137002942
0.0314377460120157
0.0314377460120157
0.0314377460120157
0.0314377460120157
0.0314377460120157
0.0314377460120157
0.0314377460120157
0.0314377460120157
0.0314377460120157
0.0314377460120157
0.0314377460120157
0.0314377460120157
0.0314377460120157
0.0314377460120157
0.0314377460120157
0.0314377460120157
0.0314377460120157
0.0314377460120157
0.0314377460120157
0.0314377460120157
0.0314377460120157
0.0314377460120157
0.0314386373112642
0.0314377460120157
0.0314377460120157
0.0314377460120157
0.0314377460120157
0.0314377460120157
0.0314377460120157
0.0314377460120157
0.0314377460120157
0.0314377460120157
0.0314377460120157
0.0314377460120157
0.0314377460120157
0.0314377460120157
0.0314377460120157
0.0314377460120157
0.0314377460120157
0.0314377460120157
0.0314377460120157
0.0314377460120157
0.0314377460120157
0.0314377460120157
0.0314377460120157
0.0314377460120157
0.0314377460120157
0.0314377460120157
0.0314377460120157
0.0314377460120157
0.0314377460120157
0.0314377460120157
0.0314377460120157
0.0314377460120157
0.0314377460120157
0.0314377460120157
0.0314377460120157
0.0314377460120157