0.0885643256681168
0.0885643256681168
0.0885643256681168
0.0885643256681168
0.0885643256681168
0.0885643256681168
0.0885643256681168
0.0885643256681168
0.0886679096747462
0.0886679096747462
0.0886679096747462
0.0886679096747462
0.0886679096747462
0.0886679096747462
0.0886679096747462
0.0886679096747462
0.0886679096747462
0.0886679096747462
0.0522562121909995
0.0882535736482287
0.0886679096747462
0.0886679096747462
0.0886679096747462
0.0886679096747462
0.0886679096747462
0.0886679096747462
0.0886679096747462
0.0886679096747462
0.0886679096747462
0.0886679096747462
0.0886679096747462
0.0886679096747462
0.0886679096747462
0.0886679096747462
0.0886679096747462
0.0886679096747462
0.0886679096747462
0.0886679096747462
0.0886679096747462
0.0886679096747462
0.0886679096747462
0.0886679096747462
0.0886679096747462
0.0886679096747462
0.0886679096747462
0.0886574944738997
0.0886574944738997
0.0886393513112196
0.0886393513112196
0.0886393513112196
0.0886393513112196
0.0886393513112196
0.0886393513112196
0.0886393513112196
0.0886393513112196
0.0886393513112196
0.0886393513112196
0.0886393513112196
0.0886393513112196
0.0886393513112196
0.088640344626647
0.0886393513112196
0.0886393513112196
0.0886393513112196
0.0886393513112196
0.0886393513112196
0.0886393513112196
0.0886393513112196
0.0886393513112196
0.0886393513112196
0.0886393513112196
0.0886393513112196
0.0886393513112196
0.0886393513112196
0.0886393513112196
0.0886393513112196
0.0886393513112196
0.0886393513112196
0.0885824823451103
0.0885824823451103
0.0885824823451103
0.0885824823451103
0.0885824823451103
0.0885824823451103
0.0885824823451103
0.0885824823451103
0.0885824823451103
0.0885824823451103
0.0885824823451103
0.0885824823451103
0.0885824823451103
0.0885824823451103
0.0885824823451103
0.0885824823451103
0.0885348844399299
0.0885348844399299