0.0918324117102236
0.0918324117102236
0.0918324117102236
0.0918324117102236
0.0918324117102236
0.0918324117102236
0.0918324117102236
0.0918324117102236
0.0918324117102236
0.0918324117102236
0.0918324117102236
0.0918324117102236
0.0918324117102236
0.0918324117102236
0.0918324117102236
0.0918324117102236
0.0918324117102236
0.0918324117102236
0.0918324117102236
0.0918324117102236
0.0918324117102236
0.0918324117102236
0.0918324117102236
0.0918324117102236
0.0918324117102236
0.0918324117102236
0.0918324117102236
0.0918324117102236
0.0918324117102236
0.0918324117102236
0.0918324117102236
0.0918324117102236
0.0918324117102236
0.0918324117102236
0.0918324117102236
0.0918324117102236
0.0918324117102236
0.0918320011530025
0.0918320011530025
0.0918352362368397
0.0918227515132396
0.0918227515132396
0.0918250910291254
0.0918283255165238
0.0918283255165238
0.0918283255165238
0.0918283255165238
0.0918283255165238
0.0918283255165238
0.0918283255165238
0.0918283255165238
0.0918283255165238
0.0918283255165238
0.0918283255165238
0.0918283255165238
0.0918283255165238
0.0918283255165238
0.0918241644667455
0.0918244761715412
0.0918244761715412
0.0918244761715412
0.0918244761715412
0.0918244761715412
0.0918244761715412
0.0918244761715412
0.0918244761715412
0.0918244761715412
0.0918244761715412
0.0918244761715412
0.0918244761715412
0.0918244761715412
0.0918244761715412
0.0918244761715412
0.0918244761715412
0.0918244761715412
0.0918244761715412
0.0918244761715412
0.0918244761715412
0.0918244761715412
0.0918244761715412
0.0918244761715412
0.0918244761715412
0.0918244761715412
0.0918244761715412
0.0918244761715412
0.0918244761715412
0.0918244761715412
0.0918244761715412
0.0918244761715412
0.0918244761715412
0.0918244761715412
0.0918244761715412
0.0918244761715412
0.0918244761715412
0.0918244761715412
0.0918244761715412
0.0918356781149246
0.0918356781149246
0.0918356781149246
0.0918356781149246
0.0918356781149246
0.0918356781149246
0.0885158699260644
0.0893539111745193
0.0918356781149246
0.0918356781149246
0.0918356781149246
0.0918356781149246
0.0918356781149246
0.0918356781149246
0.0918356781149246
0.0918356781149246
0.0918356781149246
0.0918356781149246
0.0918356781149246
0.0918356781149246
0.0918356781149246
0.0918356781149246
0.0918356781149246
0.0918356781149246
0.0918356781149246
0.0918356781149246
0.0918356781149246
0.0918356781149246
0.0918356781149246
0.0918356781149246
0.0918356781149246
0.0918356781149246
0.0918356781149246
0.0918356781149246
0.0918356781149246
0.0918356781149246
0.0918356781149246
0.0918356781149246
0.0918356781149246
0.0918356781149246
0.0918356781149246
0.0918356781149246
0.0918356781149246
0.0918356781149246
0.0918356781149246
0.0918356781149246
0.0918356781149246
0.0918356781149246
0.0918356781149246
0.0918356781149246
0.0918356781149246
0.0918356781149246
0.0918356781149246
0.0918356781149246
0.0918356781149246
0.0918356781149246
0.0918356781149246
0.0918356781149246
0.0918356781149246
0.0918356781149246
0.0918356781149246
0.0918356781149246
0.0918356781149246
0.0918356781149246
0.0918356781149246
0.0918356781149246
0.0918356781149246
0.0918356781149246
0.0918356781149246
0.0918356781149246
0.0918356781149246
0.0918356781149246
0.0918356781149246
0.0918356781149246
0.0918356781149246
0.0918356781149246
0.0918319794272251
0.0918319794272251
0.0918319794272251
0.091835215107721
0.091835215107721
0.091835215107721
0.091835215107721
0.091835215107721
0.091835215107721
0.091835215107721
0.091835215107721
0.091835215107721
0.091835215107721
0.091835215107721
0.091835215107721
0.091835215107721
0.091835215107721
0.091835215107721
0.091835215107721
0.091835215107721
0.0918356781149246
0.0918356781149246
0.0918356781149246
0.0918356781149246
0.0918356781149246
0.0918356781149246
0.0918356781149246
0.0918356781149246
0.0918356781149246
0.0918356781149246
0.0918356781149246
0.0918319794272251
0.0918319794272251
0.0918319794272251
0.091835215107721
0.091835215107721
0.091835215107721
0.091835215107721
0.091835215107721
0.091835215107721
0.091835215107721
0.091835215107721
0.091835215107721
0.091835215107721
0.091835215107721
0.091835215107721
0.091835215107721
0.091835215107721
0.091835215107721
0.091835215107721
0.091835215107721
0.091835215107721
0.091835215107721
0.091835215107721
0.091835215107721
0.091835215107721
0.091835215107721
0.091835215107721
0.091835215107721
0.091835215107721
0.091835215107721
0.091835215107721
0.091835215107721
0.091835215107721
0.091835215107721
0.091835215107721
0.091835215107721
0.091835215107721
0.091835215107721
0.091835215107721
0.091835215107721
0.091835215107721
0.091835215107721
0.091835215107721
0.091835215107721
0.091835215107721
0.091835215107721
0.091835215107721
0.091835215107721
0.091835215107721
0.091835215107721
0.091835215107721
0.091835215107721
0.091835215107721
0.091835215107721
0.091835215107721
0.091835215107721
0.091835215107721
0.091835215107721
0.091835215107721
0.091835215107721
0.091835215107721
0.091835215107721
0.091835215107721
0.091835215107721
0.091835215107721
0.091835215107721
0.091835215107721
0.091835215107721
0.091835215107721
0.091835215107721
0.091835215107721
0.091835215107721
0.091835215107721
0.091835215107721
0.091835215107721
0.091835215107721
0.091835215107721
0.091835215107721
0.091835215107721
0.091835215107721
0.091835215107721
0.091835215107721
0.091835215107721
0.091835215107721
0.091835215107721
0.0918356781149246
0.0918356781149246
0.0918356781149246
0.0918356781149246
0.0918356781149246
0.0918356781149246
0.0918356781149246
0.0918356781149246
0.0918356781149246
0.0918356781149246
0.0918356781149246
0.0918319045428283
0.0918319045428283
0.0918319045428283
0.0918351402233242
0.0918351402233242
0.0918351402233242
0.0918351402233242
0.0918351402233242
0.0918351402233242
0.0918351402233242
0.0918351402233242
0.0918351402233242
0.0918351402233242
0.0918351402233242
0.0918351402233242
0.0918351402233242
0.0918351402233242
0.0918351402233242
0.0918351402233242
0.0918351402233242
0.0918351402233242
0.0918351402233242
0.0918351402233242
0.0918351402233242
0.0918351402233242
0.0918351402233242
0.0918351402233242
0.0918351402233242
0.0918351402233242
0.0918351402233242
0.0918351402233242
0.0918351402233242
0.0918277124651709
0.0918277124651709
0.0918277124651709
0.0918309481456668
0.0918309481456668
0.0918309481456668
0.0918309481456668
0.0918309481456668
0.0918309481456668
0.0918309481456668
0.0918309481456668
0.0918309481456668
0.0918309481456668
0.0918309481456668
0.0918309481456668
0.0918309481456668
0.0918309481456668
0.0918309481456668
0.0918309481456668
0.0918309481456668
0.0918309481456668
0.0918309481456668
0.0918309481456668
0.0918309481456668
0.0918309481456668
0.0918309481456668
0.0918309481456668
0.0918309481456668
0.0918309481456668
0.0918309481456668
0.0918309481456668
0.0918309481456668
0.0918309481456668
0.0918309481456668
0.0918309481456668
0.0918309481456668
0.0918309481456668
0.0918309481456668
0.0918309481456668
0.0918309481456668
0.0918309481456668
0.0918309481456668
0.0918309481456668
0.0918309481456668
0.0918309481456668
0.0918309481456668
0.0918309481456668
0.0918309481456668
0.0918309481456668
0.0918309481456668
0.0918309481456668
0.0918309481456668
0.0918309481456668
0.0934756009384054
0.0934756009384054
0.0934756009384054
0.0934756009384054
0.0934756009384054
0.0934756009384054
0.0934756009384054
0.0934756009384054
0.0934756009384054
0.0934756009384054
0.0934756009384054
0.0934713649275219
0.0934713649275219
0.0934713649275219
0.0934746583880267
0.0934746583880267
0.0934746583880267
0.0934746583880267
0.0934746583880267
0.0934746583880267
0.0934746583880267
0.0934746583880267
0.0934746583880267
0.0934746583880267
0.0934746583880267
0.0934746583880267
0.0934746583880267
0.0934746583880267
0.0934746583880267
0.0934746583880267
0.0934746583880267
0.0934746583880267
0.0934746583880267
0.0934746583880267
0.0934746583880267
0.0934746583880267
0.0934746583880267
0.0934746583880267
0.0934746583880267
0.0934746583880267
0.0934746583880267
0.0934746583880267
0.0934746583880267
0.0934742183856889
0.0934742183856889
0.0934742183856889
0.0934742183856889
0.0934775118461938
0.0934775118461938
0.0934775118461938
0.0934775118461938
0.0934775118461938
0.0934775118461938
0.0934775118461938
0.0934775118461938
0.0934775118461938
0.0934775118461938
0.0934775118461938
0.0934775118461938
0.0934775118461938
0.0934775118461938
0.0934775118461938
0.0934775118461938
0.0934775118461938
0.0934775118461938
0.0934775118461938
0.0934775118461938
0.0934775118461938
0.0934775118461938
0.0934775118461938
0.0934775118461938
0.0934775118461938
0.0934775118461938
0.0934775118461938
0.0934775118461938
0.0934775118461938
0.0934775118461938
0.0934775118461938
0.0934775118461938
0.0934775118461938
0.0934775118461938
0.0934775118461938
0.0934775118461938
0.0934775118461938
0.0934775118461938
0.0934775118461938
0.0934775118461938
0.0934775118461938
0.0934775118461938
0.0934775118461938
0.0934775118461938
0.0934775118461938
0.0934775118461938
0.0934775118461938
0.0934775118461938
0.0934775118461938
0.0918389445196256
0.0918389445196256
0.0918389445196256
0.0918389445196256
0.0918389445196256
0.0918389445196256
0.0918389445196256
0.0918389445196256
0.0918389445196256
0.0918389445196256
0.0918389445196256
0.0918389445196256
0.0918389445196256
0.0918389445196256
0.0918389445196256
0.0918389445196256
0.0918389445196256
0.0918389445196256
0.0918389445196256
0.0918389445196256
0.0918389445196256
0.0918389445196256
0.0918389445196256
0.0918389445196256
0.0918389445196256
0.0918389445196256
0.0918389445196256
0.0918389445196256
0.0918389445196256
0.0918389445196256
0.0918454158806175
0.0918307087812242
0.0918371753715851
0.0918404086667656
0.0918404086667656
0.0918404086667656
0.0918404086667656
0.0918404086667656
0.0918404086667656
0.0918404086667656
0.0918404086667656
0.0918404086667656
0.0918404086667656
0.0918404086667656
0.0918404086667656
0.0918404086667656
0.0918404086667656
0.0918404086667656
0.0918404086667656
0.0918404086667656
0.0918404086667656
0.0918404086667656
0.0918404086667656
0.0918404086667656
0.0918404086667656
0.0918404086667656
0.0918404086667656
0.0918404086667656
0.0918404086667656
0.0918404086667656
0.0918404086667656
0.0918404086667656
0.0918404086667656
0.0918404086667656
0.0918404086667656
0.0918404086667656
0.0918404086667656
0.0918404086667656
0.0918404086667656
0.0918404086667656
0.0918404086667656
0.0918404086667656
0.0918404086667656
0.0918404086667656
0.0918404086667656
0.0918404086667656
0.0918404086667656
0.0918404086667656
0.0918404086667656
0.0918404086667656
0.0918404086667656
0.0918404086667656
0.0918404086667656
0.0918404086667656
0.0918404086667656
0.0918404086667656
0.0918404086667656
0.0918404086667656
0.0918404086667656
0.0918404086667656
0.0918404086667656
0.0918404086667656
0.0918404086667656
0.0918404086667656
0.0918404086667656
0.0918404086667656
0.0918680656440893
0.0918680656440893
0.0918680656440893
0.0918680656440893
0.0918680656440893
0.0918680656440893
0.0918680656440893
0.0918680656440893
0.0918680656440893
0.0918680656440893
0.0918680656440893
0.0918680656440893
0.0918680656440893
0.0918680656440893
0.0918680656440893
0.0918680656440893
0.0918680656440893
0.0918680656440893
0.0918680656440893
0.0918680656440893
0.0918680656440893
0.0918680656440893
0.0918583586026014
0.0918468847983885
0.0918468847983885
0.0918533513887494
0.0918565846839299
0.0918565846839299
0.0918140031450755
0.0918140031450755
0.0918140031450755
0.0918140049317554
0.0918237048172968
0.0918237048172968
0.0918301749810176
0.0918301749810176
0.0918122709289657
0.0918122709289657
0.0935334022139284
0.0935366331273077
0.0935366331273077
0.0935366331273077
0.0935366331273077
0.093529711950193
0.093529711950193
0.0935329428635722
0.0935329428635722
0.0935329428635722
0.0935329428635722
0.0935329428635722
0.0935329428635722
0.0935329428635722
0.0935329428635722
0.0935329428635722
0.0935329428635722
0.0935329428635722
0.0935329428635722
0.0935329428635722
0.0935329428635722
0.0935329428635722
0.0935329428635722
0.0935329428635722
0.0935329428635722
0.0935329428635722
0.0935329428635722
0.0935329428635722
0.0935329428635722
0.0935329428635722
0.0935329428635722
0.0935329428635722
0.0935329428635722
0.0935329428635722
0.0935329428635722
0.0935329428635722
0.0935329428635722
0.0935244113043957
0.0935244113043957
0.0935244113043957
0.0935308731311541
0.0935308731311541
0.0935308731311541
0.0935308731311541
0.0935308731311541
0.0935308731311541
0.0935308731311541
0.0935308731311541
0.0935308731311541
0.0935308731311541
0.0935308731311541
0.0935308731311541
0.0935308731311541
0.0935308731311541
0.0935308731311541
0.0935308731311541
0.0935308731311541
0.0935308731311541
0.0935829455827458
0.0935829455827458
0.0935829455827458
0.0935829455827458
0.0935829455827458
0.0935829455827458
0.0935829455827458
0.0935829455827458
0.0935829455827458
0.0935792517735275
0.0935792517735275
0.0935792517735275
0.0935792517735275
0.0935792517735275
0.0935792517735275
0.0935792517735275
0.0935792517735275
0.0935792517735275
0.0935792517735275
0.0935792517735275
0.0935792517735275
0.0935792517735275
0.0935792517735275
0.0935792517735275
0.0935792517735275
0.0935792517735275
0.0935792517735275
0.0935792517735275
0.0935792517735275
0.0935792517735275
0.0935792517735275
0.0935792517735275
0.0935792517735275
0.0935792517735275
0.0935792517735275
0.0935792517735275
0.0935787262589425
0.0935787262589425
0.0935787262589425
0.0935787262589425
0.0935787262589425
0.0935787262589425
0.0935787262589425
0.0935680943972757
0.0935680943972757
0.0935680943972757
0.0935713300777717
0.0935713300777717
0.0935713300777717
0.0935713300777717
0.0935713300777717
0.0935713300777717
0.0935713300777717
0.0935713300777717
0.0935713300777717
0.0935713300777717
0.0935713300777717
0.0935713300777717
0.0935713300777717
0.0935713300777717
0.0935713300777717
0.0935713300777717
0.0935713300777717
0.0935713300777717
0.0935713300777717
0.0935713300777717
0.0935713300777717
0.0935713300777717
0.0935713300777717
0.0935713300777717
0.0935713300777717
0.0935713300777717
0.0935713300777717
0.0935713300777717
0.0935713300777717
0.0935713300777717
0.0935713300777717
0.0935713300777717
0.0935713300777717
0.0935713300777717
0.0935713300777717
0.0935713300777717
0.0935713300777717
0.0935713300777717
0.0935713300777717
0.0935713300777717
0.0935713300777717
0.0935713300777717
0.0935713300777717
0.0935713300777717
0.0935713300777717
0.0935713300777717
0.0935713300777717
0.0935713300777717
0.0935713300777717
0.0935713300777717
0.0935732385412578
0.0935732385412578
0.0935732385412578
0.0935732385412578
0.0935732385412578
0.0935732385412578
0.0935732385412578
0.0935732385412578
0.0935732385412578
0.0935732385412578
0.0935732385412578
0.0935732385412578
0.0935732385412578
0.0935732385412578
0.0935732385412578
0.0935732385412578
0.0935732385412578
0.0935732385412578
0.0935732385412578
0.0935732385412578
0.0935732385412578
0.0935732385412578
0.0935732385412578
0.0935732385412578
0.0935732385412578
0.0935732385412578
0.0935732385412578
0.0935732385412578
0.0935732385412578
0.0935732385412578
0.0935732385412578
0.0935732385412578
0.0935732385412578
0.0935732385412578
0.0935732385412578
0.0935732385412578
0.0935732385412578
0.0935732385412578
0.0935732385412578
0.0935732385412578
0.0935732385412578
0.0935732385412578
0.0935732385412578
0.0935655322673426
0.0935655322673426
0.0935655322673426
0.0935655322673426
0.0935720036283346
0.0935720036283346
0.0935720036283346
0.0935720036283346
0.0935720036283346
0.0935720036283346
0.0935720036283346
0.0935720036283346
0.0935720036283346
0.0935720036283346
0.0935720036283346
0.0935720036283346
0.0935720036283346
0.0935720036283346
0.0935720036283346
0.0935720036283346
0.0935720036283346
0.0935720036283346
0.0935720036283346
0.0935720036283346
0.0935720036283346
0.0935720036283346
0.0935720036283346
0.0935720036283346
0.0935720036283346
0.0935720036283346
0.0935720036283346
0.0935720036283346
0.0935720343525396
0.0935720343525396
0.0935720343525396
0.0935752700330356
0.0935752700330356
0.0935752700330356
0.0935752700330356
0.0935752700330356
0.0935752700330356
0.0935752700330356
0.0935752700330356
0.0935752700330356
0.0935752700330356
0.0935752700330356
0.0935752700330356
0.0935752700330356
0.0935752700330356
0.0935752700330356
0.0935752700330356
0.0935752700330356
0.0935752700330356
0.0935829763069508
0.0935829763069508
0.0935829763069508
0.0935829763069508
0.0935829763069508
0.0935829763069508
0.0935829763069508
0.0935829763069508
0.0935829763069508
0.0935829763069508
0.0935829763069508
0.0935829763069508
0.0935829763069508
0.0935829763069508
0.0935829763069508
0.0935829763069508
0.0935829763069508
0.0935829763069508
0.0935829763069508
0.0935829763069508
0.0935829763069508
0.0935829763069508
0.0935829763069508
0.0935829763069508
0.0935829763069508
0.0935829763069508
0.0935829763069508
0.0935829763069508
0.0935829763069508
0.0935829763069508
0.0935829763069508
0.0935829763069508
0.0935829763069508
0.0935829763069508
0.0935829763069508
0.0935829763069508
0.0935829763069508
0.0935829763069508
0.0935829763069508
0.0935829763069508
0.0935829763069508
0.0935829763069508
0.0935829763069508
0.0935829763069508
0.0935829763069508
0.0935829763069508
0.0935829763069508
0.0935829763069508
0.0935829763069508
0.0935829763069508
0.0935829763069508
0.0935829763069508
0.0935829763069508
0.0935829763069508
0.0935829763069508
0.0935829763069508
0.0935829763069508
0.0935829763069508
0.0935829763069508
0.0935829763069508
0.0935829763069508
0.0935829763069508
0.0935829763069508
0.0935829763069508
0.0935829763069508
0.0935829763069508
0.0935829763069508
0.0935829763069508
0.0935829763069508
0.0935829763069508
0.0935829763069508
0.0935829763069508
0.0935829763069508
0.0935829763069508
0.0935829763069508
0.0935829763069508
0.0935829763069508
0.0935829763069508
0.0935829763069508
0.0935829763069508
0.0935829763069508
0.0935829763069508
0.0935829763069508
0.0935829763069508
0.0935829763069508
0.0935829763069508
0.0935829763069508
0.0935829763069508
0.0935829763069508
0.0935829763069508
0.0935829763069508
0.0935829763069508
0.0935829763069508
0.0935829763069508
0.0935829763069508
0.0935829763069508
0.0935829763069508
0.0935829763069508
0.0935829763069508
0.0935829763069508
0.0935829763069508
0.0935829763069508
0.0935829763069508
0.0935829763069508
0.0935829763069508
0.0935829763069508
0.0935829763069508
0.0935845140673199
0.0935845140673199
0.0935845140673199
0.0935845140673199
0.0935877497478159
0.0935877497478159
0.0935877497478159
0.0935877497478159
0.0935877497478159
0.0935877497478159
0.0935877497478159
0.0935877497478159
0.0935877497478159
0.0935877497478159
0.0935877497478159
0.0935877497478159
0.0935877497478159
0.0935877497478159
0.0935877497478159
0.0935877497478159
0.0935877497478159
0.0935877497478159
0.0935877497478159
0.0935877497478159
0.0935877497478159
0.0935877497478159
0.0935877497478159
0.0935877497478159
0.0935877497478159
0.0935877497478159
0.0935877497478159
0.0935877497478159
0.0935877497478159
0.0935877497478159
0.0935877497478159
0.0935877497478159
0.0935877497478159
0.0935877497478159
0.0935877497478159
0.0954935655599393
0.0935877497478159
0.0935877497478159
0.0935877497478159
0.0935877497478159
0.0935877497478159
0.0935877497478159
0.0935877497478159
0.0935877497478159
0.0935877497478159
0.0935877497478159
0.0935877497478159
0.0935877497478159
0.0935877497478159
0.0935877497478159
0.0935877497478159
0.0935877497478159
0.0935877497478159
0.0935877497478159
0.0935877497478159
0.0935877497478159
0.0935877497478159
0.0935877497478159
0.0935877497478159
0.0935877497478159
0.0935877497478159
0.0935877497478159
0.0935877497478159
0.0935877497478159
0.0935877497478159
0.0935877497478159
0.0935877497478159
0.0935877497478159
0.0935877497478159
0.0935877497478159
0.0935877497478159
0.0935877497478159
0.0935877497478159
0.0935877497478159
0.0935877497478159
0.0935877497478159
0.0935877497478159
0.0935877497478159
0.0935877497478159
0.0935877497478159
0.0935877497478159
0.0952606878048703
0.0952606878048703
0.0952606878048703
0.0952606878048703
0.0952606878048703
0.0952606878048703
0.0952606878048703
0.0952606878048703
0.0952606878048703
0.0952606878048703
0.0952606878048703
0.0952431089286011
0.0952431089286011
0.0952431089286011
0.095246402389106
0.095246402389106
0.095246402389106
0.095246402389106
0.095246402389106
0.095246402389106
0.095246402389106
0.095246402389106
0.095246402389106
0.095246402389106
0.095246402389106
0.095246402389106
0.095246402389106
0.095246402389106
0.095246402389106
0.095246402389106
0.095246402389106
0.095246402389106
0.095246402389106
0.095246402389106
0.095246402389106
0.095246402389106
0.095246402389106
0.095246402389106
0.095246402389106
0.095246402389106
0.095246402389106
0.095246402389106
0.095246402389106
0.095246402389106
0.095246402389106
0.095246402389106
0.095246402389106
0.095246402389106
0.095246402389106
0.095246402389106
0.095246402389106
0.095246402389106
0.095246402389106
0.095246402389106
0.095246402389106
0.095246402389106
0.095246402389106
0.095246402389106
0.095246402389106
0.095246402389106
0.095246402389106
0.095246402389106
0.095246402389106
0.095246402389106
0.095246402389106
0.095246402389106
0.095246402389106
0.095246402389106
0.095246402389106
0.095246402389106
0.095246402389106
0.095246402389106
0.095246402389106
0.095246402389106
0.095246402389106
0.0952459625605423
0.0952459625605423
0.0952459625605423
0.0952492560210471
0.0952492560210471
0.0952492560210471
0.0952492560210471
0.0952492560210471
0.0952492560210471
0.0952492560210471
0.0952492560210471
0.0952492560210471
0.0952492560210471
0.0952492560210471
0.0952492560210471
0.0952492560210471
0.0952492560210471
0.0952492560210471
0.0952492560210471
0.0952492560210471
0.0952492560210471
0.0935829763069508
0.0935829763069508
0.0935829763069508
0.0935829763069508
0.0935829763069508
0.0935829763069508
0.0935829763069508
0.0935829763069508
0.0935829763069508
0.0935829763069508
0.0935829763069508
0.0935829763069508
0.0935829763069508
0.0935829763069508
0.0935829763069508
0.0935829763069508
0.0935829763069508
0.0935829763069508
0.0935829763069508
0.0935829763069508
0.0935829763069508
0.0935829763069508
0.0935829763069508
0.0935829763069508
0.0935829763069508
0.0935829763069508
0.0935829763069508
0.0935829763069508
0.0935829763069508
0.0935829763069508
0.0935829763069508
0.0935829763069508
0.0935829763069508
0.0935829763069508
0.0935829763069508
0.0935829763069508
0.0935829763069508
0.0935829763069508
0.0935829763069508
0.0935829763069508
0.0935829763069508
0.0935829763069508
0.0935829763069508
0.093581471875367
0.093581471875367
0.0935777739550516
0.0935810096355476
0.0935810096355476
0.0935810096355476
0.0935810096355476
0.0935810096355476
0.0935810096355476
0.0935810096355476
0.0935810096355476
0.0935810096355476
0.0935810096355476
0.0935810096355476
0.0935810096355476
0.0935810096355476
0.0935810096355476
0.0935810096355476
0.0935810096355476
0.0935810096355476
0.0935810096355476
0.0935810096355476
0.0935810096355476
0.0935810096355476
0.0935810096355476
0.0935810096355476
0.0935810096355476
0.0935810096355476
0.0935810096355476
0.0935810096355476
0.0935810096355476
0.0935810096355476
0.0935745081470093
0.0935745081470093
0.0935745081470093
0.0935777432308465
0.0935777432308465
0.0935777432308465
0.0935777432308465
0.0935777432308465
0.0935777432308465
0.0935777432308465
0.0935777432308465
0.0935777432308465
0.0935777432308465
0.0935777432308465
0.0935777432308465
0.0935777432308465
0.0935777432308465
0.0935777432308465
0.0935777432308465
0.0935777432308465
0.0935777432308465
0.0935764742217538
0.0935764742217538
0.0935764742217538
0.0935764742217538
0.0935764742217538
0.0935764742217538
0.0935764742217538
0.0935764742217538
0.0935764742217538
0.0935764742217538
0.0935764742217538
0.0935732385412578
0.0935732385412578
0.0935732385412578
0.0935764742217538
0.0935764742217538
0.0935764742217538
0.0935764742217538
0.0935764742217538
0.0935764742217538
0.0935764742217538
0.0935764742217538
0.0935764742217538
0.0935764742217538
0.0935764742217538
0.0935764742217538
0.0935764742217538
0.0935764742217538
0.0935764742217538
0.0935764742217538
0.0935764742217538
0.0935764742217538
0.0935764742217538
0.0935764742217538
0.0935764742217538
0.0935764742217538
0.0935764742217538
0.0935764742217538
0.0935764742217538
0.0935764742217538
0.0935764742217538
0.0935764742217538
0.0935764742217538
0.0935764742217538
0.0935764742217538
0.0935764742217538
0.0935764742217538
0.0935764742217538
0.0935764742217538
0.0935764742217538
0.0935764742217538
0.0935764742217538
0.0935764742217538
0.0935764742217538
0.0935764742217538
0.0935764742217538
0.0935764742217538
0.0935764742217538
0.0935764742217538
0.0935764742217538
0.0935764742217538
0.0935764742217538
0.0935764742217538
0.0935764742217538
0.0935764742217538
0.0935764742217538
0.0935764742217538
0.0935764742217538
0.0935764742217538
0.0935764742217538
0.0935764742217538
0.0935764742217538
0.0935764742217538
0.0935764742217538
0.0935764742217538
0.0935730632312813
0.0935730632312813
0.0935730632312813
0.0935762989117773
0.0935762989117773
0.0935762989117773
0.0935762989117773
0.0935762989117773
0.0935762989117773
0.0935762989117773
0.0935762989117773
0.0935762989117773
0.0935762989117773
0.0935762989117773
0.0935762989117773
0.0935762989117773
0.0935762989117773
0.0935762989117773
0.0935762989117773
0.0935762989117773
0.0935761236710522
0.0935732385412578
0.0935732385412578
0.0935732385412578
0.0935732385412578
0.0935732385412578
0.0935732385412578
0.0935732385412578
0.0935732385412578
0.0935732385412578
0.0935732385412578
0.0935732385412578
0.0935732692654629
0.0935732692654629
0.0935732692654629
0.0935765049459589
0.0935765049459589
0.0935765049459589
0.0935765049459589
0.0935765049459589
0.0935765049459589
0.0935765049459589
0.0935765049459589
0.0935765049459589
0.0935765049459589
0.0935765049459589
0.0935765049459589
0.0935765049459589
0.0935765049459589
0.0935765049459589
0.0935765049459589
0.0935765049459589
0.0935765049459589
0.0935765049459589
0.0935765049459589
0.0935765049459589
0.0935765049459589
0.0935765049459589
0.0935765049459589
0.0935765049459589
0.0935765049459589
0.0935765049459589
0.0935765049459589
0.0935765049459589
0.0935765049459589
0.0935765049459589
0.0935765049459589
0.0935765049459589
0.0935765049459589
0.0935765049459589
0.0935765049459589
0.0935765049459589
0.0935765049459589
0.0935765049459589
0.0935765049459589
0.0935765049459589
0.0935765049459589
0.0935765049459589
0.0935765049459589
0.0935765049459589
0.0935765049459589
0.0935765049459589
0.0935765049459589
0.0935765049459589
0.0935765049459589
0.0935765049459589
0.0935765049459589
0.0935765049459589
0.0935765049459589
0.0935765049459589
0.0935765049459589
0.0935765049459589
0.0935765049459589
0.0935765049459589
0.0935765049459589
0.0935765049459589
0.0935700028607619
0.0935700028607619
0.0935700028607619
0.0935732385412578
0.0935732385412578
0.0935732385412578
0.0935732385412578
0.0935732385412578
0.0935732385412578
0.0935732385412578
0.0935732385412578
0.0935732385412578
0.0935732385412578
0.12156657537234
0.12156657537234
0.126873091385723
0.126873091385723
0.126873091385723
0.126873091385723
0.126873091385723
0.126873091385723