0.0585710498459313
0.0585710498459313
0.0585710498459313
0.0585710498459313
0.0585710498459313
0.0585710498459313
0.0585710498459313
0.0585710498459313
0.0585710498459313
0.0585710498459313
0.0585710498459313
0.0585710498459313
0.0585710498459313
0.0585710498459313
0.0585710498459313
0.0585710498459313
0.0585710498459313
0.0585710498459313
0.0585710498459313
0.0585710498459313
0.0585710498459313
0.0585710498459313
0.0585710498459313
0.0585710498459313
0.0585710498459313
0.0585710498459313
0.0585710498459313
0.0585710498459313
0.0585710498459313
0.0585710498459313
0.0585710498459313
0.0585710498459313
0.0585710498459313
0.0585710498459313
0.0585710498459313
0.0527468249531941
0.0527468249531941
0.0527433430931219
0.0527433430931219
0.0527428850281538
0.0527391322054714
0.0527389794608269
0.0527389794608269
0.0527357443769897
0.0527357443769897
0.0527357443769897
0.0527357443769897
0.0527357443769897
0.0527357443769897
0.0527357443769897
0.0527357443769897
0.0527357443769897
0.0527357443769897
0.0527357443769897
0.0527357443769897
0.0527357443769897
0.0527357443769897
0.0527339369589953
0.0527321238096398
0.0527321238096398
0.0527319711213171
0.0527319711213171
0.0527319711213171
0.0527319711213171
0.0527319711213171
0.0527319711213171
0.0527319711213171
0.0527319711213171
0.0527319711213171
0.0527319711213171
0.0527319711213171
0.0527319711213171
0.0527319711213171
0.0527319711213171
0.0527319711213171
0.0527319711213171
0.0527319711213171
0.0527319711213171
0.0527319711213171
0.0527319711213171
0.0527319711213171
0.0527319711213171
0.0527319711213171
0.0527319711213171
0.0527319711213171
0.0527319711213171
0.0527319711213171
0.0527319711213171
0.0527319711213171
0.0527319711213171
0.0527319711213171
0.0527319711213171
0.0527319711213171
0.0527319711213171
0.0527319711213171
0.0527319711213171
0.052743558548493
0.052743558548493
0.052743558548493
0.052743558548493
0.052743558548493
0.052743558548493
0.0527953294364285
0.0527953294364285
0.0585677834412302
0.0643920083339674
0.0643920083339674
0.0585677834412303
0.0585677834412303
0.0585677834412303
0.0586980628715948
0.0585599180447388
0.0585599180447388
0.0585599180447388
0.0585599180447388
0.0585599180447388
0.0585599180447388
0.0585599180447388
0.0585599180447388
0.0585599180447388
0.0585599180447388
0.0585599180447388
0.0585599180447388
0.0585599180447388
0.0585599180447388
0.0585599180447388
0.0585599180447388
0.0585599180447388
0.0585599180447388
0.0585599180447388
0.0585599180447388
0.0585599180447388
0.0585599180447388
0.0585599180447388
0.0585599180447388
0.0585599180447388
0.0585599180447388
0.0585599180447388
0.0585599180447388
0.0585599180447388
0.0585599180447388
0.0527356931520016
0.0527356931520016
0.0527356931520016
0.0527356931520016
0.0527356931520016
0.0527356931520016
0.0527356931520016
0.0527356931520016
0.0527356931520016
0.0527356931520016
0.0527356931520016
0.0527356931520016
0.0527356931520016
0.0527356931520016
0.0527356931520016
0.0527356931520016
0.0527356931520016
0.0527356931520016
0.0527356931520016
0.0527356931520016
0.0527356931520016
0.0527356931520016
0.0527356931520016
0.0527356931520016
0.0527356931520016
0.0527356931520016
0.0527356931520016
0.0527356931520016
0.0527356931520016
0.0527356931520016
0.0527356931520016
0.0527252975592539
0.0527252975592539
0.0527252975592539
0.0527252975592539
0.0527252975592539
0.0527252975592539
0.0527252975592539
0.0527252975592539
0.0527252975592539
0.0527252975592539
0.0527252975592539
0.0527252975592539
0.0527252975592539
0.0527252975592539
0.0527252975592539
0.0527252975592539
0.0527252975592539
0.0527252975592539
0.0527252975592539
0.0527252975592539
0.0527338515070052
0.0527338515070052
0.0527338515070052
0.0527338515070052
0.0527338515070052
0.0527338515070052
0.0527338515070052
0.0527338515070052
0.0527338515070052
0.0527338515070052
0.0527338515070052
0.0527334684450343
0.0527334684450343
0.0527334684450343
0.0527334684450343
0.0527334684450343
0.0527334684450343
0.0527334684450343
0.0527334684450343
0.0527334684450343
0.0527334684450343
0.0527334684450343
0.0527334684450343
0.0527334684450343
0.0527334684450343
0.0527334684450343
0.0527334684450343
0.0527334684450343
0.0527334684450343
0.0527334684450343
0.0527334684450343
0.0527334684450343
0.0527334684450343
0.0527334684450343
0.0527334684450343
0.0527334684450343
0.0527334684450343
0.0527334684450343
0.0527334684450343
0.0527334684450343
0.0527334684450343
0.0527334684450343
0.0527334684450343
0.0527334684450343
0.0527334684450343
0.0527334684450343
0.0527334684450343
0.0527334684450343
0.0527334684450343
0.0527334684450343
0.0527334684450343
0.0527334684450343
0.0527334684450343
0.0527334684450343
0.0527334684450343
0.0527334684450343
0.0527334684450343
0.0527334684450343
0.0527334684450343
0.0527334684450343
0.0527334684450343
0.0527334684450343
0.0527334684450343
0.0527334684450343
0.0527334684450343
0.0527334684450343
0.0527334684450343
0.0527334684450343
0.0527334684450343
0.0527334684450343
0.0527334684450343
0.0527334684450343
0.0527334684450343
0.0527334684450343
0.0527334684450343
0.0527334684450343
0.0527334684450343
0.0527334684450343
0.0527334684450343
0.0527334684450343
0.0527334684450343
0.0527334684450343
0.0527334684450343
0.0527334684450343
0.0527334684450343
0.0527334684450343
0.0527334684450343
0.0527334684450343
0.0527334684450343
0.0527334684450343
0.0527334684450343
0.0527334684450343
0.0527334684450343
0.0527334684450343
0.0527334684450343
0.0527334684450343
0.0527338515070052
0.0527338515070052
0.0527338515070052
0.0527338515070052
0.0527338515070052
0.0527338515070052
0.0527338515070052
0.0527338515070052
0.0527338515070052
0.0527338515070052
0.0527338515070052
0.0527338375899046
0.0527338375899046
0.0527306019094086
0.0527306019094086
0.0527306019094086
0.0527306019094086
0.0527306019094086
0.0527306019094086
0.0527306019094086
0.0527306019094086
0.0527306019094086
0.0527306019094086
0.0527306019094086
0.0527306019094086
0.0527306019094086
0.0527306019094086
0.0527306019094086
0.0527306019094086
0.0527306019094086
0.0527306019094086
0.0527306019094086
0.0527306019094086
0.0527306019094086
0.0527306019094086
0.0527306019094086
0.0527306019094086
0.0527306019094086
0.0527306019094086
0.0527306019094086
0.0527306019094086
0.0527306019094086
0.0527306019094086
0.0527334853793066
0.0527334853793066
0.0527334853793066
0.0527334853793066
0.0527334853793066
0.0527334853793066
0.0527334853793066
0.0527334853793066
0.0527334853793066
0.0527334853793066
0.0527334853793066
0.0527334853793066
0.0527334853793066
0.0527334853793066
0.0527334853793066
0.0527334853793066
0.0527334853793066
0.0527334853793066
0.0527334853793066
0.0527334853793066
0.0527334853793066
0.0527334853793066
0.0527334853793066
0.0527334853793066
0.0527334853793066
0.0527334853793066
0.0527334853793066
0.0527334853793066
0.0527334853793066
0.0527334853793066
0.0527334853793066
0.0527334853793066
0.0527334853793066
0.0527334853793066
0.0527334853793066
0.0527334853793066
0.0527334853793066
0.0527334853793066
0.0527334853793066
0.0527334853793066
0.0527334853793066
0.0527334853793066
0.0527334853793066
0.0527334853793066
0.0527334853793066
0.0527334853793066
0.0527334853793066
0.0527334853793066
0.0527334853793066
0.0527334853793066
0.0527334853793066
0.0527334853793066
0.0527334853793066
0.0528243956875386
0.0528243956875386
0.0528243956875386
0.0528243956875386
0.0528243956875386
0.0528243956875386
0.0528243956875386
0.0528243956875386
0.0528243956875386
0.0528243956875386
0.0528243956875386
0.0528242390006844
0.0528242390006844
0.0528242390006844
0.0528242390006844
0.0528242390006844
0.0528242390006844
0.0528242390006844
0.0528242390006844
0.0528242390006844
0.0528242390006844
0.0528242390006844
0.0528242390006844
0.0528242390006844
0.0528242390006844
0.0528242390006844
0.0528242390006844
0.0528242390006844
0.0528242390006844
0.0528242390006844
0.0528242390006844
0.0528242390006844
0.0528242390006844
0.0528242390006844
0.0528242390006844
0.0528242390006844
0.0528242390006844
0.0528242390006844
0.0528242390006844
0.0528242390006844
0.0528242390006844
0.0528242390006844
0.0528242390006844
0.052820291221567
0.052820291221567
0.052820291221567
0.052820291221567
0.052820291221567
0.052820291221567
0.052820291221567
0.052820291221567
0.052820291221567
0.052820291221567
0.052820291221567
0.052820291221567
0.052820291221567
0.052820291221567
0.052820291221567
0.052820291221567
0.052820291221567
0.052820291221567
0.052820291221567
0.052820291221567
0.052820291221567
0.052820291221567
0.052820291221567
0.052820291221567
0.052820291221567
0.052820291221567
0.052820291221567
0.052820291221567
0.052820291221567
0.052820291221567
0.052820291221567
0.052820291221567
0.052820291221567
0.052820291221567
0.052820291221567
0.052820291221567
0.052820291221567
0.052820291221567
0.052820291221567
0.052820291221567
0.052820291221567
0.052820291221567
0.052820291221567
0.052820291221567
0.052820291221567
0.052820291221567
0.052820291221567
0.052820291221567
0.052820291221567
0.052820291221567
0.052820291221567
0.052820291221567
0.052820291221567
0.0527305851023041
0.0527305851023041
0.0527305851023041
0.0527305851023041
0.0527305851023041
0.0527305851023041
0.0527305851023041
0.0527305851023041
0.0527305851023041
0.0527305851023041
0.0527305851023041
0.0527338207828001
0.0527338207828001
0.0527338207828001
0.0527338207828001
0.0527338207828001
0.0527338207828001
0.0527338207828001
0.0527338207828001
0.0527338207828001
0.0527338207828001
0.0527338207828001
0.0527338207828001
0.0527338207828001
0.0527338207828001
0.0527338207828001
0.0527338207828001
0.0527338207828001
0.0527338207828001
0.0527338207828001
0.0527401029985748
0.0527294131129278
0.0527294131129278
0.0527197132273864
0.0527197132273864
0.0527197132273864
0.0527197132273864
0.0527197132273864
0.0527197132273864
0.0527197132273864
0.0527197132273864
0.0527197132273864
0.0527197132273864
0.0527197132273864
0.0527197132273864
0.0527197132273864
0.0527197132273864
0.0527197132273864
0.0527197132273864
0.0527197132273864
0.0527197132273864
0.0527197132273864
0.0527197132273864
0.0527197132273864
0.0527197132273864
0.0527197132273864
0.0527197132273864
0.0527197132273864
0.0527197132273864
0.0527197132273864
0.0527197132273864
0.0527197132273864
0.0527197132273864
0.0527197132273864
0.0527197132273864
0.0527197132273864
0.0527197132273864
0.0527197132273864
0.0527197132273864
0.0527197132273864
0.0527197132273864
0.0527197132273864
0.0527197132273864
0.0527197132273864
0.0527197132273864
0.0527197132273864
0.0527197132273864
0.0527197132273864
0.0527197132273864
0.0527197132273864
0.0527197132273864
0.0527197132273864
0.0527197132273864
0.0527197132273864
0.0527197132273864
0.0527197132273864
0.0527197132273864
0.0527197132273864
0.052716479932206
0.052716479932206
0.052716479932206
0.052716479932206
0.052716479932206
0.052716479932206
0.052716479932206
0.052716479932206
0.0527305851023041
0.0527305851023041
0.0527305851023041
0.0527305851023041
0.0527305851023041
0.0527305851023041
0.0527305851023041
0.0527305851023041
0.0527305851023041
0.0527305851023041
0.0527305851023041
0.0527305851023041
0.0527305851023041
0.0527305851023041
0.0527305851023041
0.0527305851023041
0.0527305851023041
0.0527305851023041
0.0527305851023041
0.0527305851023041
0.0527305851023041
0.0527305851023041
0.0527426115816771
0.0527261272561802
0.0527164273706389
0.0527164273706389
0.0527164273706389
0.0527164273706389
0.0527298062363305
0.0578065054954682
0.0577968056099268
0.0577968056099268
0.0586790074305587
0.0586790074305587
0.0586842437041759
0.0586842437041759
0.0586539418476248
0.0586539418476248
0.0569231291210658
0.0569521912850346
0.0569521912850346
0.0569521912850346
0.0569521912850346
0.0569482760258986
0.0569482760258986
0.0569482760258986
0.0569482760258986
0.0569482760258986
0.0569482760258986
0.0569482760258986
0.0569482760258986
0.0569482760258986
0.0569482760258986
0.0569482760258986
0.0569482760258986
0.0569482760258986
0.0569482760258986
0.0569482760258986
0.0569482760258986
0.0569482760258986
0.0569482760258986
0.0569482760258986
0.0569482760258986
0.0569482760258986
0.0569482760258986
0.0569482760258986
0.0569482760258986
0.0569482760258986
0.0569475151116161
0.0569475151116161
0.0569475151116161
0.0569475151116161
0.0569475151116161
0.0569475151116161
0.0569475151116161
0.0569479497715707
0.0569479497715707
0.0569479497715707
0.0569479497715707
0.0569479497715707
0.0569479497715707
0.0569479497715707
0.0569640936359214
0.0569640936359214
0.0569640936359214
0.0569640936359214
0.0569640936359214
0.0569640936359214
0.0569640936359214
0.0569640936359214
0.0569640936359214
0.0569640936359214
0.0569640936359214
0.0569640936359214
0.0569640936359214
0.0569640936359214
0.0569855356787033
0.0569855356787033
0.0569855356787033
0.0569855356787033
0.0569855356787033
0.0569855356787033
0.0569855356787033
0.0569855356787033
0.0569855356787033
0.0569825153896816
0.0569825153896816
0.0569825153896816
0.0569825153896816
0.0569825153896816
0.0569825153896816
0.0569825153896816
0.0569825153896816
0.0569825153896816
0.0569825153896816
0.0569825153896816
0.0569825153896816
0.0569825153896816
0.0569825153896816
0.0569825153896816
0.0569825153896816
0.0569825153896816
0.0569825153896816
0.0569825153896816
0.0569825153896816
0.0569825153896816
0.0569825153896816
0.0569825153896816
0.0569825153896816
0.0569825153896816
0.0569825153896816
0.0569825153896816
0.0569819898750966
0.0569819898750966
0.0569819898750966
0.0569819898750966
0.0569819898750966
0.0569819898750966
0.0569819898750966
0.0569810732846914
0.0569810732846914
0.0569810732846914
0.0569810732846914
0.0569810732846914
0.0569810732846914
0.0569810732846914
0.0569810732846914
0.0569810732846914
0.0569810732846914
0.0569810732846914
0.0569810732846914
0.0569810732846914
0.0569810732846914
0.0569810732846914
0.0569810732846914
0.0569810732846914
0.0569810732846914
0.0569810732846914
0.0569810732846914
0.0569810732846914
0.0569810732846914
0.0569810732846914
0.0569810732846914
0.0569810732846914
0.0569810732846914
0.0569810732846914
0.0569810732846914
0.0569810732846914
0.0569810732846914
0.0569810732846914
0.0569810732846914
0.0569810732846914
0.0569810732846914
0.0569810732846914
0.0569810732846914
0.0569810732846914
0.0569810732846914
0.0569810732846914
0.0569810732846914
0.0569810732846914
0.0569809207089188
0.0569809207089188
0.0569809207089188
0.0569809207089188
0.0569809207089188
0.0569809207089188
0.0569809207089188
0.0569809207089188
0.0569809207089188
0.0569809207089188
0.0569809207089188
0.0569809207089188
0.0569855356787033
0.0569855356787033
0.0569855356787033
0.0569855356787033
0.0569855356787033
0.0569855356787033
0.0569855356787033
0.0569855356787033
0.0569855356787033
0.0569855356787033
0.0569855356787033
0.0569855356787033
0.0569855356787033
0.0569855356787033
0.0569855356787033
0.0569855356787033
0.0569855356787033
0.0569855356787033
0.0569855356787033
0.0569855356787033
0.0569855356787033
0.0569855356787033
0.0569855356787033
0.0569855356787033
0.0569855356787033
0.0569855356787033
0.0569855356787033
0.0569855356787033
0.0569855356787033
0.0569855356787033
0.0569855356787033
0.0569855356787033
0.0569855356787033
0.0569855356787033
0.0569855356787033
0.0569855356787033
0.0569855356787033
0.0569855356787033
0.0569855356787033
0.0569855356787033
0.0569855356787033
0.0569855356787033
0.0569855356787033
0.0569682094107963
0.0569682094107963
0.0569682094107963
0.0569682094107963
0.0569682094107963
0.0569682094107963
0.0569682094107963
0.0569682094107963
0.0569682094107963
0.0569682094107963
0.0569682094107963
0.0569682094107963
0.0569682094107963
0.0569682094107963
0.0569682094107963
0.0569682094107963
0.0569682094107963
0.0569682094107963
0.0569682094107963
0.0569682094107963
0.0569682094107963
0.0569682094107963
0.0569682094107963
0.0569682094107963
0.0569682094107963
0.0569682094107963
0.0569682094107963
0.0569682094107963
0.0569682094107963
0.0569682094107963
0.0569682094107963
0.0569682094107963
0.0569809669874465
0.0569809669874465
0.0569809669874465
0.0569809669874465
0.0569809669874465
0.0569809669874465
0.0569809669874465
0.0569809669874465
0.0569809669874465
0.0569809669874465
0.0569809669874465
0.0569809669874465
0.0569809669874465
0.0569809669874465
0.0569809669874465
0.0569809669874465
0.0569809669874465
0.0569809669874465
0.0569809669874465
0.0569809669874465
0.0569809669874465
0.0569822692740023
0.0569822692740023
0.0569822692740023
0.0569822692740023
0.0569822692740023
0.0569822692740023
0.0569822692740023
0.0569822692740023
0.0569822692740023
0.0569822692740023
0.0569822692740023
0.0569822692740023
0.0569822692740023
0.0569822692740023
0.0569822692740023
0.0569822692740023
0.0569822692740023
0.0569822692740023
0.0569822692740023
0.0569822692740023
0.0569822692740023
0.0569822692740023
0.0569822692740023
0.0569822692740023
0.0569822692740023
0.0569822692740023
0.0569822692740023
0.0569822692740023
0.0569822692740023
0.0569822692740023
0.0569822692740023
0.0569822692740023
0.0569822692740023
0.0569822692740023
0.0569822692740023
0.0569822692740023
0.0569822692740023
0.0569822692740023
0.0569822692740023
0.0569822692740023
0.0569822692740023
0.0569822692740023
0.0569822692740023
0.0569822692740023
0.0569822692740023
0.0569822692740023
0.0569822692740023
0.0569822692740023
0.0569822692740023
0.0569822692740023
0.0569822692740023
0.0569822692740023
0.0569822692740023
0.0569822692740023
0.0569822692740023
0.0569822692740023
0.0569822692740023
0.0569822692740023
0.0569822692740023
0.0569822692740023
0.0569822692740023
0.0569822692740023
0.0569822692740023
0.0569822692740023
0.0569822692740023
0.0569822692740023
0.0569822692740023
0.0569822692740023
0.0569822692740023
0.0569822692740023
0.0569822692740023
0.0569822692740023
0.0569822692740023
0.0569822692740023
0.0569822692740023
0.0569822692740023
0.0569822692740023
0.0569822692740023
0.0569822692740023
0.0569822692740023
0.0569822692740023
0.0569822692740023
0.0569822692740023
0.0569822692740023
0.0569822692740023
0.0569822692740023
0.0569822692740023
0.0569822692740023
0.0569822692740023
0.0569822692740023
0.0569822692740023
0.0569822692740023
0.0569822692740023
0.0569822692740023
0.0569822692740023
0.0569822692740023
0.0630588772454248
0.0630588772454248
0.0630588772454248
0.0630588772454248
0.0630588772454248
0.0630588772454248
0.0630588772454248
0.0630588772454248
0.0630588772454248
0.0630588772454248
0.0630588772454248
0.0630413993131072
0.0630413993131072
0.0630413993131072
0.0630413993131072
0.0630413993131072
0.0630413993131072
0.0630413993131072
0.0630413993131072
0.0630413993131072
0.0630413993131072
0.0630413993131072
0.0630413993131072
0.0630413993131072
0.0630413993131072
0.0630413993131072
0.0630413993131072
0.0630413993131072
0.0630413993131072
0.0630413993131072
0.0630413993131072
0.0630413993131072
0.0630413993131072
0.0630413993131072
0.0630413993131072
0.0630413993131072
0.0630413993131072
0.0630413993131072
0.0630413993131072
0.0630413993131072
0.0630413993131072
0.0630413993131072
0.0630413993131072
0.0630413993131072
0.0630413993131072
0.0630413993131072
0.0630413993131072
0.0630413993131072
0.0630413993131072
0.0630413993131072
0.0630413993131072
0.0630413993131072
0.0630413993131072
0.0630413993131072
0.0630413993131072
0.0630381636326113
0.0630381636326113
0.0630381636326113
0.0630381636326113
0.0630381636326113
0.0630381636326113
0.0630381636326113
0.0630381636326113
0.0630381636326113
0.0630381636326113
0.0630381636326113
0.0630381636326113
0.0630381636326113
0.0630381636326113
0.0630381636326113
0.0630381636326113
0.0630381636326113
0.0630381636326113
0.0630381636326113
0.0630381636326113
0.0630381636326113
0.0630381636326113
0.0630381636326113
0.0630381636326113
0.0630381636326113
0.0630381636326113
0.0630381636326113
0.0630381636326113
0.0630381636326113
0.0630381636326113
0.0630381636326113
0.0630381636326113
0.0630381636326113
0.0630381636326113
0.0630381636326113
0.0630381636326113
0.0630381636326113
0.0630381636326113
0.0630381636326113
0.0630381636326113
0.0630381636326113
0.0571402166049939
0.0571402166049939
0.0571402166049939
0.0571402166049939
0.0571402166049939
0.0571402166049939
0.0571402166049939
0.0571402166049939
0.0571402166049939
0.0571402166049939
0.0571402166049939
0.0571454114683537
0.0571454114683537
0.0571454114683537
0.0571454114683537
0.0571454114683537
0.0571454114683537
0.0571454114683537
0.0571454114683537
0.0571454114683537
0.0571454114683537
0.0571454114683537
0.0571454114683537
0.0571454114683537
0.0571454114683537
0.0571454114683537
0.0571454114683537
0.0571454114683537
0.0571454114683537
0.0571454114683537
0.0571454114683537
0.0571454114683537
0.0571454114683537
0.0571454114683537
0.0571454114683537
0.0571454114683537
0.0571454114683537
0.0571454114683537
0.0571454114683537
0.0571454114683537
0.0571454114683537
0.0571454114683537
0.0571454114683537
0.0571519971747366
0.0571519971747366
0.0571519971747366
0.0571519971747366
0.0571519971747366
0.0571519971747366
0.0571519971747366
0.0571519971747366
0.0571519971747366
0.0571519971747366
0.0571519971747366
0.0571519971747366
0.0571519971747366
0.0571519971747366
0.0571519971747366
0.0571519971747366
0.0571519971747366
0.0571519971747366
0.0571519971747366
0.0571519971747366
0.0571519971747366
0.0571519971747366
0.0571519971747366
0.0571519971747366
0.0571519971747366
0.0571519971747366
0.0571519971747366
0.0571519971747366
0.0571519971747366
0.0571519971747366
0.0571519971747366
0.0571519971747366
0.057148360340074
0.057148360340074
0.057148360340074
0.057148360340074
0.057148360340074
0.057148360340074
0.057148360340074
0.057148360340074
0.057148360340074
0.057148360340074
0.057148360340074
0.057148360340074
0.057148360340074
0.057148360340074
0.057148360340074
0.057148360340074
0.057148360340074
0.057148360340074
0.057148360340074
0.057148360340074
0.057148360340074
0.0630459345234409
0.0630459345234409
0.0630459345234409
0.0630459345234409
0.0630459345234409
0.0630459345234409
0.0630459345234409
0.0630459345234409
0.0630459345234409
0.0630459345234409
0.0630459345234409
0.0630459345234409
0.0630459345234409
0.0630459345234409
0.0630459345234409
0.0630459345234409
0.0630459345234409
0.0630459345234409
0.0630459345234409
0.0630459345234409
0.0630459345234409
0.0630459345234409
0.0630459345234409
0.0630459345234409
0.0630459345234409
0.0630459345234409
0.0630459345234409
0.0630459345234409
0.0630459345234409
0.0630459345234409
0.0630459345234409
0.0630459345234409
0.0630459345234409
0.0630459345234409
0.0630459345234409
0.0630459345234409
0.0630459345234409
0.0630459345234409
0.0630459345234409
0.0630459345234409
0.0630459345234409
0.0630459345234409
0.0630459345234409
0.0630488601739894
0.0630488601739894
0.0630488601739894
0.0630488601739894
0.0630488601739894
0.0630488601739894
0.0630488601739894
0.0630488601739894
0.0630488601739894
0.0630488601739894
0.0630488601739894
0.0630488601739894
0.0630488601739894
0.0630488601739894
0.0630488601739894
0.0569760478989496
0.0569760478989496
0.0569760478989496
0.0569760478989496
0.0569760478989496
0.0569760478989496
0.0569760478989496
0.0569760478989496
0.0569760478989496
0.0569760478989496
0.0569760478989496
0.0569760478989496
0.0569760478989496
0.0569760478989496
0.0569760478989496
0.0569760478989496
0.0569760478989496
0.0569756649359896
0.0569756649359896
0.0569756649359896
0.0569756649359896
0.0569756649359896
0.0569756649359896
0.0569756649359896
0.0569756649359896
0.0569756649359896
0.0600115112125088
0.0569756649359896
0.0569756649359896
0.0569756649359896
0.0569756649359896
0.0569756649359896
0.0569756649359896
0.0569756649359896
0.0569756649359896
0.0569756649359896
0.0569756649359896
0.0569756649359896
0.0569725622325144
0.0569725622325144
0.0569725622325144
0.0569725622325144
0.0569725622325144
0.0569725622325144
0.0569725622325144
0.0569725622325144
0.0569725622325144
0.0569725622325144
0.0569725622325144
0.056975598319889
0.056975598319889
0.056975598319889
0.056975598319889
0.056975598319889
0.056975598319889
0.056975598319889
0.056975598319889
0.056975598319889
0.056975598319889
0.056975598319889
0.056975598319889
0.056975598319889
0.056975598319889
0.056975598319889
0.056975598319889
0.056975598319889
0.056975598319889
0.056975598319889
0.056975598319889
0.056975598319889
0.056975598319889
0.056975598319889
0.056975598319889
0.056975598319889
0.056975598319889
0.056975598319889
0.056975598319889
0.056975598319889
0.056975598319889
0.056975598319889
0.056975598319889
0.056975598319889
0.056975598319889
0.056975598319889
0.056975598319889
0.056975598319889
0.056975598319889
0.056975598319889
0.056975598319889
0.056975598319889
0.056975598319889
0.056975598319889
0.056975598319889
0.056975598319889
0.056975598319889
0.056975598319889
0.056975598319889
0.056975598319889
0.056975598319889
0.056975598319889
0.056975598319889
0.056975598319889
0.056975598319889
0.056975598319889
0.056975598319889
0.056975598319889
0.056975598319889
0.056975598319889
0.056975598319889
0.056975598319889
0.056975598319889
0.056975598319889
0.056975598319889
0.0569706241402076
0.0569706241402076
0.0569706241402076
0.0569706241402076
0.0569706241402076
0.0569819469336378
0.0569819469336378
0.0569819469336378
0.0569819469336378
0.0569819469336378
0.0569819469336378
0.0600067503214175
0.0600067503214175
0.0600067503214175
0.0600067503214175
0.0600067503214175
0.0600067503214175
0.0600067503214175
0.0600067503214175
0.0600067503214175
0.0600065750806925
0.0569693572762235
0.0569693572762235
0.0569693572762235
0.0569693572762235
0.0569693572762235
0.0569693572762235
0.0569693572762235
0.0569693572762235
0.0569693572762235
0.0569693572762235
0.0569693572762235
0.056969096234692
0.056969096234692
0.0569658605541961
0.0569658605541961
0.0569658605541961
0.0569658605541961
0.0569658605541961
0.0569658605541961
0.0569658605541961
0.0569658605541961
0.0569658605541961
0.0569658605541961
0.0569658605541961
0.0569658605541961
0.0569658605541961
0.0569658605541961
0.0569658605541961
0.0569658605541961
0.0569658605541961
0.0569658605541961
0.0569658605541961
0.0569658605541961
0.0569658605541961
0.0569658605541961
0.0570691350973433
0.0636232622068612
0.0636232622068612
0.0636232622068612
0.0636232622068612
0.0636232622068612
0.0636232622068612
0.0636232622068612
0.0636232622068612
0.0636232622068612
0.0636232622068612
0.0636232622068612
0.0636232622068612
0.0636232622068612
0.0636232622068612
0.0636232622068612
0.0636232622068612
0.0636232622068612
0.0636232622068612
0.0636232622068612
0.0636232622068612
0.0636232622068612
0.0636232622068612
0.0668273565537192
0.0668273565537192
0.0668273565537192
0.0668273565537192
0.0668273565537192
0.0668273565537192
0.0668273565537192
0.0668273565537192
0.0668273565537192
0.0668273565537192
0.0668273565537192
0.0668273565537192
0.0668273565537192
0.0668273565537192
0.0668273565537192
0.0668273565537192
0.0668273565537192
0.0668310684765865
0.0668310684765865
0.0668278327960906
0.0668278327960906
0.0668278327960906
0.0668278327960906
0.0668278327960906
0.0668278327960906
0.0668278327960906
0.0668278327960906
0.0668278327960906
0.0668278327960906
0.0668278327960906
0.484806346122496
0.484806346122496
0.484806346122496
0.484806346122496
0.484806346122496
0.484806346122496
0.484806346122496
0.484806346122496