0.213716108452951
0.213716108452951
0.213716108452951
0.213716108452951
0.213716108452951
0.21424774056353
0.213716108452951
0.213716108452951
0.213716108452951
0.213716108452951
0.213716108452951
0.213716108452951
0.213716108452951
0.213716108452951
0.213716108452951
0.213716108452951
0.213716108452951
0.213716108452951
0.213716108452951
0.213716108452951
0.213716108452951
0.213716108452951
0.213716108452951
0.213716108452951
0.213716108452951
0.213716108452951
0.213716108452951
0.213716108452951
0.213716108452951
0.213716108452951
0.213716108452951
0.213716108452951
0.213716108452951
0.213716108452951
0.213716108452951
0.213716108452951
0.213716108452951
0.213716108452951
0.213716108452951
0.213716108452951
0.213716108452951
0.213716108452951
0.213716108452951
0.213716108452951
0.213716108452951
0.213716108452951
0.213716108452951
0.213716108452951
0.213716108452951
0.213716108452951
0.213716108452951
0.213716108452951
0.213716108452951
0.213716108452951
0.213716108452951
0.213716108452951
0.213716108452951
0.213716108452951
0.213716108452951
0.213716108452951
0.213716108452951
0.213716108452951
0.213716108452951
0.213716108452951
0.213716108452951
0.213716108452951
0.213716108452951
0.213716108452951
0.213716108452951
0.213716108452951
0.213716108452951
0.213716108452951
0.213716108452951
0.213716108452951
0.213716108452951
0.230196703880914
0.230196703880914
0.230196703880914
0.230196703880914
0.230196703880914
0.230196703880914
0.230196703880914
0.213716108452951
0.213716108452951
0.213716108452951
0.213716108452951
0.213716108452951
0.213716108452951
0.213716108452951
0.213716108452951
0.213716108452951
0.213716108452951
0.213716108452951
0.213716108452951
0.213716108452951
0.213716108452951