0.13468813434213
0.13468813434213
0.13468813434213
0.13468813434213
0.13468813434213
0.13468813434213
0.13468813434213
0.13468813434213
0.13468813434213
0.13468813434213
0.13468813434213
0.13468813434213
0.13468813434213
0.13468813434213
0.13468813434213
0.13468813434213
0.13468813434213
0.13468813434213
0.13468813434213
0.13468813434213
0.13468813434213
0.13468813434213
0.13468813434213
0.13468813434213
0.13468813434213
0.13468813434213
0.13468813434213
0.13468813434213
0.13468813434213
0.13468813434213
0.13468813434213
0.13468813434213
0.13468813434213
0.13468813434213
0.13468813434213
0.152377217725991
0.134896418858779
0.134896418858779
0.134896418858779
0.134896418858779
0.134896418858779
0.134896418858779
0.134896418858779
0.134896418858779
0.134896418858779
0.134896418858779
0.134896418858779
0.134896418858779
0.134896418858779
0.134896418858779
0.134896418858779
0.134896418858779
0.134896418858779
0.134896418858779
0.134896418858779
0.134896418858779
0.134896418858779
0.134896418858779
0.134896418858779
0.134896418858779
0.134896418858779
0.134896418858779
0.134896418858779
0.134896418858779
0.134896418858779
0.134896418858779
0.134896418858779
0.134896418858779
0.134896418858779
0.134896418858779
0.134896418858779
0.134896418858779
0.134896418858779
0.134896418858779
0.134896418858779
0.134896418858779
0.134896418858779
0.134896418858779
0.134896418858779
0.134896418858779
0.134896418858779
0.134896418858779
0.134896418858779
0.134896418858779
0.134896418858779
0.134896418858779
0.134896418858779
0.134896418858779
0.134896418858779
0.134896418858779
0.134896418858779
0.134896418858779
0.134896418858779
0.134896418858779
0.134896418858779
0.134896418858779
