0.000869954920517755
0.000869954920517755
0.000869954920517755
0.000869954920517755
0.000869954920517755
0.000869954920517755
0.000869954920517755
0.000869954920517755
0.000869954920517755
0.000869954920517755
0.000869954920517755
0.000869954920517755
0.000869954920517755
0.000869954920517755
0.000869954920517755
0.000869954920517755
0.000869954920517755
0.000869954920517755
0.000869954920517755
0.000869954920517755
0.000869954920517755
0.000869954920517755
0.000869954920517755
0.000869954920517755
0.000869954920517755
0.000869954920517755
0.000869954920517755
0.000869954920517755
0.000869954920517755
0.000869954920517755
0.000869954920517755
0.000869954920517755
0.000869954920517755
0.000869954920517755
0.000869954920517755
0.000869954920517755
0.000869954920517755
0.000869954920517755
0.000869954920517755
0.000869954920517755
0.000869954920517755
0.000869954920517755
0.000869954920517755
0.000869954920517755
0.000869954920517755
0.000869954920517755
0.000869954920517755
0.000869954920517755
0.000869954920517755
0.000869954920517755
0.000869954920517755
0.000869954920517755
0.000869954920517755
0.000869954920517755
0.000869954920517755
0.000869954920517755
0.000869954920517755
0.000869954920517755
0.000869954920517755
0.000869954920517755
0.000869954920517755
0.000869954920517755
0.000869954920517755
0.000869954920517755
0.000869954920517755
0.000869954920517755
0.000869954920517755
0.000869954920517755
0.000869954920517755
0.000869954920517755
0.000869954920517755
0.000869954920517755
0.000869954920517755
0.000869954920517755
0.000869954920517755
0.000869954920517755
0.000869954920517755
0.000869954920517755
0.000869954920517755
0.000869954920517755
0.000869954920517755
0.000869954920517755
0.000869954920517755
0.000869954920517755
0.000869954920517755
0.000869954920517755
0.000869954920517755
0.000869954920517755
0.000869954920517755
0.000869954920517755
0.000869954920517755
0.000869954920517755
0.000869954920517755
0.000869954920517755
0.000869954920517755
0.000869954920517755
