0.0672270845965255
0.0672270845965255
0.0672270845965255
0.0672270845965255
0.0672270845965255
0.0672270845965255
0.0672270845965255
0.0672270845965255
0.0672270845965255
0.0672270845965255
0.0672270845965255
0.0672270845965255
0.0672270845965255
0.0672270845965255
0.0672270845965255
0.0672270845965255
0.0672270845965255
0.0672270845965255
0.0672270845965255
0.0672270845965255
0.0672270845965255
0.0672270845965255
0.0672270845965255
0.0672270845965255
0.0672270845965255
0.0672270845965255
0.0672270845965255
0.0672270845965255
0.0672270845965255
0.0672270845965255
0.0672270845965255
0.0672270845965255
0.0672270845965255
0.0672270845965255
0.0672270845965255
0.0496170880236206
0.0670848691085413
0.0670848691085413
0.0670848691085413
0.0670848691085413
0.0670848691085413
0.0670848691085413
0.0670848691085413
0.0670848691085413
0.0670848691085413
0.0670848691085413
0.0670848691085413
0.0670848691085413
0.0670848691085413
0.0670848691085413
0.0670848691085413
0.0670848691085413
0.0670848691085413
0.0670848691085413
0.0670848691085413
0.0670848691085413
0.0670848691085413
0.0670848691085413
0.0670848691085413
0.0670848691085413
0.0670848691085413
0.0670848691085413
0.0670848691085413
0.0670848691085413
0.0670848691085413
0.0670848691085413
0.0670848691085413
0.0670848691085413
0.0670848691085413
0.0670848691085413
0.0670848691085413
0.0670848691085413
0.0670848691085413
0.0670848691085413
0.0670848691085413
0.0670848691085413
0.0670848691085413
0.0670848691085413
0.0670848691085413
0.0670848691085413
0.0670848691085413
0.0670848691085413
0.0670848691085413
0.0670848691085413
0.0670848691085413
0.0670848691085413
0.0670848691085413
0.0670848691085413
0.0670848691085413
0.0670848691085413
0.0670848691085413
0.0670848691085413
0.0670848691085413
0.0670848691085413
0.0670848691085413
0.0670848691085413
