0.0416666666666667
0.0416666666666667
0.0416666666666667
0.0416666666666667
0.0416666666666667
0.0416666666666667
0.0416666666666667
0.0416666666666667
0.0416666666666667
0.0416666666666667
0.0416666666666667
0.0416666666666667
0.0416666666666667
0.0416666666666667
0.0416666666666667
0.0416666666666667
0.0416666666666667
0.0416666666666667
0.0416666666666667
0.0416666666666667
0.0416666666666667
0.0427631578947368
0.0427631578947368
0.0427631578947368
0.0427631578947368
0.0427631578947368
0.0427631578947368
0.0427631578947368
0.0427631578947368
0.0427631578947368
0.0416666666666667
0.0427631578947368
0.0427631578947368
0.0416666666666667
0.0427631578947368
0.0416666666666667
0.0427631578947368
0.0427631578947368
0.0427631578947368
0.0416666666666667
0.0427631578947368
0.0427631578947368
0.0427631578947368
0.0416666666666667
0.0416666666666667
0.0416666666666667
0.0416666666666667
0.0416666666666667
0.0416666666666667
0.0416666666666667
0.0416666666666667
0.0416666666666667
0.0416666666666667
0.0416666666666667
0.0394736842105263
0.0394736842105263
0.0230263157894737
0.0394736842105263
0.0394736842105263
0.0416666666666667
0.0416666666666667
0.0416666666666667
0.0416666666666667
0.0416666666666667
0.0416666666666667
0.0416666666666667
0.0416666666666667
0.0416666666666667
0.0416666666666667
0.0416666666666667
0.0416666666666667
0.0416666666666667
0.0416666666666667
0.0416666666666667
0.0416666666666667
0.0416666666666667
0.0416666666666667
0.0416666666666667
0.0416666666666667
0.0416666666666667
0.0416666666666667
0.0416666666666667
0.0416666666666667
0.0416666666666667
0.0416666666666667
0.0416666666666667
0.0416666666666667
0.0416666666666667
0.0416666666666667
0.0416666666666667
0.0416666666666667
0.0416666666666667
0.0416666666666667
0.0416666666666667
0.0416666666666667
0.0416666666666667