0.46875
0.46875
0.46875
0.46875
0.46875
0.46875
0.46875
0.46875
0.46875
0.46875
0.46875
0.46875
0.46875
0.46875
0.46875
0.46875
0.46875
0.46875
0.46875
0.46875
0.46875
0.46875
0.46875
0.46875
0.46875
0.46875
0.46875
0.46875
0.46875
0.46875
0.46875
0.46875
0.46875
0.46875
0.46875
0.46875
0.46875
0.46875
0.46875
0.46875
0.46875
0.46875
0.46875
0.46875
0.46875
0.46875
0.46875
0.46875
0.46875
0.46875
0.46875
0.46875
0.46875
0.479166666666667
0.46875
0.46875
0.46875
0.46875
0.46875
0.46875
0.46875
0.46875
0.46875
0.46875
0.46875
0.46875
0.46875
0.46875
0.46875
0.46875
0.46875
0.46875
0.46875
0.46875
0.46875
0.46875
0.46875
0.46875
0.46875
0.46875
0.46875
0.46875
0.46875
0.46875
0.46875
0.46875
0.46875
0.46875
0.46875
0.46875
0.46875
0.46875
0.46875
0.46875
0.46875
0.46875