6.27245038468894e-07
6.27245038468894e-07
6.27245038468894e-07
6.27245038468894e-07
6.27245038468894e-07
6.27245038468894e-07
6.27245038468894e-07
6.27245038468894e-07
6.27245038468894e-07
6.27245038468894e-07
6.27245038468894e-07
6.27245038468894e-07
6.27245038468894e-07
6.27245038468894e-07
6.27245038468894e-07
6.27245038468894e-07
6.27245038468894e-07
6.27245038468894e-07
6.27245038468894e-07
6.27245038468894e-07
6.27245038468894e-07
6.27245038468894e-07
6.27245038468894e-07
6.27245038468894e-07
6.27245038468894e-07
6.27245038468894e-07
6.27245038468894e-07
6.27245038468894e-07
6.27245038468894e-07
6.27245038468894e-07
6.27245038468894e-07
6.27245038468894e-07
6.27245038468894e-07
6.27245038468894e-07
6.27245038468894e-07
6.27245038468894e-07
6.27245038468894e-07
6.27245038468894e-07
6.27245038468894e-07
6.27245038468894e-07
6.27245038468894e-07
6.27245038468894e-07
6.27245038468894e-07
6.27245038468894e-07
6.27245038468894e-07
6.27245038468894e-07
6.27245038468894e-07
6.27245038468894e-07
6.27245038468894e-07
6.27245038468894e-07
6.27245038468894e-07
6.27245038468894e-07
6.27245038468894e-07
6.27245038468894e-07
6.27245038468894e-07
6.27245038468894e-07
6.27245038468894e-07
6.27245038468894e-07
6.27245038468894e-07
6.27245038468894e-07
6.27245038468894e-07
6.2724444041117e-07
6.27244141378031e-07
6.27244141378031e-07
6.27244141378031e-07
6.27242795843456e-07
6.27242795843456e-07
6.27242795843456e-07
6.27242795843456e-07
6.27242795843456e-07
6.27242795843456e-07
6.27242795843456e-07
6.27242795843456e-07
6.27242795843456e-07
6.27242795843456e-07
6.27242795843456e-07
6.27242795843456e-07
6.27242795843456e-07
6.27242795843456e-07
6.27242795843456e-07
6.27242795843456e-07
6.27242795843456e-07
6.27242795843456e-07
6.27242795843456e-07
6.27242795843456e-07
6.27242795843456e-07
6.27242795843456e-07
6.27242795843456e-07
6.27242795843456e-07
6.27242795843456e-07
6.27242795843456e-07
6.27242795843456e-07
6.27242795843456e-07
6.27242795843456e-07
6.27242795843456e-07
6.27242795843456e-07