0.0608809805597635
0.0608809805597635
0.0608809805597635
0.0608809805597635
0.0608809805597635
0.0608809805597635
0.0608809805597635
0.0608809805597635
0.0608809805597635
0.0608809805597635
0.0608809805597635
0.0608809805597635
0.0608809805597635
0.0608809805597635
0.0608809805597635
0.0608809805597635
0.0608809805597635
0.0608809805597635
0.0608809805597635
0.0608809805597635
0.0608809805597635
0.0608809805597635
0.0608809805597635
0.0608809805597635
0.0608809805597635
0.0608809805597635
0.0608809805597635
0.0608809805597635
0.0608809805597635
0.0608809805597635
0.0608809805597635
0.0608809805597635
0.0608809805597635
0.0608809805597635
0.0608809805597635
0.0608809805597635
0.0608809805597635
0.0608809805597635
0.0608809805597635
0.0608809805597635
0.0608809805597635
0.0608809805597635
0.0608809805597635
0.0608809805597635
0.0608809805597635
0.0608809805597635
0.0608810242328231
0.0608810242328231
0.0608810242328231
0.0608810242328231
0.0608810242328231
0.0608810242328231
0.0608810242328231
0.0608810242328231
0.0608810242328231
0.0608810242328231
0.0608810242328231
0.0608810242328231
0.0608810242328231
0.0608810242328231
0.0608814004649013
0.0608811618383138
0.060880952795184
0.060880952795184
0.060880952795184
0.0608809825965799
0.0608809825965799
0.0608809825965799
0.0608809825965799
0.0608809825965799
0.0608809829857012
0.0608809829857012
0.0608809825965799
0.0608809825965799
0.0608809825965799
0.0608809825965799
0.0608809825965799
0.0608809825965799
0.0608809825965799
0.0608809825965799
0.0608809825965799
0.0608809825965799
0.0608809825965799
0.0608809825965799
0.0608809825965799
0.0608809825965799
0.0608809825965799
0.0608809825965799
0.0608809825965799
0.0608809825965799
0.0608809825965799
0.0608809825965799
0.0608809825965799
0.0608809825965799
0.0608809825965799
0.0608809825965799