0.0791052918712493
0.0791052918712493
0.0791052918712493
0.0791052918712493
0.0791052918712493
0.0791052918712493
0.0791052918712493
0.0791052918712493
0.0791052918712493
0.0791052918712493
0.0791052918712493
0.0791052918712493
0.0791052918712493
0.0791052918712493
0.0791052918712493
0.0791052918712493
0.0791052918712493
0.0791052918712493
0.0791052918712493
0.0791052918712493
0.0791052918712493
0.0791052918712493
0.0791052918712493
0.0791052918712493
0.0791052918712493
0.0791052918712493
0.0791052918712493
0.0791052918712493
0.0791052918712493
0.0791052918712493
0.0791052918712493
0.0791052918712493
0.0791052918712493
0.0791052918712493
0.0791052918712493
0.0791052918712493
0.0791052918712493
0.0791052918712493
0.0791052918712493
0.0791052918712493
0.0791052918712493
0.0791052918712493
0.0791052918712493
0.0791052918712493
0.0791052918712493
0.0791052918712493
0.0791052918712493
0.0791052918712493
0.0791052918712493
0.0791052918712493
0.0791052918712493
0.0791052918712493
0.0791052918712493
0.0791052918712493
0.0791052918712493
0.0791052918712493
0.0791052918712493
0.0791052918712493
0.0791052918712493
0.0791052918712493
0.0791052918712493
0.0791052918712493
0.0791052918712493
0.0791052918712493
0.0791052918712493
0.0791052918712493
0.0791052918712493
0.0791052918712493
0.0791052918712493
0.0791052918712493
0.0791052918712493
0.0791052918712493
0.0791052918712493
0.0791052918712493
0.0791052918712493
0.0791052918712493
0.0791052918712493
0.0791052918712493
0.0791052918712493
0.0791052918712493
0.0791052918712493
0.0791052918712493
0.0791052918712493
0.0791052918712493
0.0791052918712493
0.0791052918712493
0.0791052918712493
0.0791052918712493
0.0791052918712493
0.0791052918712493
0.0791052918712493
0.0791052918712493
0.0791052918712493
0.0791052918712493
0.0791052918712493
0.1590611782787486