0.108369454130233
0.108369454024406
0.108369453570477
0.108369453570477
0.108369454230524
0.108369454379702
0.10836945437402
0.10836945392083
0.10836945392083
0.10836945392083
0.10836945392083
0.108369454336431
0.108369454331461
0.108369454224978
0.108369454222138
0.108369453772522
0.108369453772522
0.108369454493552
0.108369455287715
0.108369455706139
0.108369455706139
0.108369455706139
0.1083694552537
0.108369455252281
0.108369455250861
0.108369455649417
0.108369455271576
0.108369455734136
0.108369455731299
0.108369455702998
0.108369454421843
0.108369454421843
0.10836945396947
0.10836945396947
0.10836945386168
0.108369454281543
0.108369454250475
0.108369454595046
0.108369454592209
0.108369455282765
0.108369455281347
0.108369454872554
0.108369454869718
0.108369455660216
0.10836946201779
0.108369462122863
0.108369462089714
0.108369462658749
0.108369462207985
0.108369462552475
0.108369462551058
0.108369462518648
0.108369462142454
0.108369462110774
0.108369461281765
0.10836946117699
0.108369461175573
0.108369461595344
0.10836946174162
0.108369461737371
0.108369461733123
0.108369461629061
0.108369462048109
0.10836946212337
0.108369461746526
0.108369462466453
0.108369462361698
0.108369459343742
0.10836945914761
0.108369459220045
0.108369459262989
0.108369459260157
0.108369459226433
0.108369459120997
0.108369458745588
0.108369458743465
0.108369459158314
0.108369459196339
0.108369460033805
0.108369460033805
0.108369459584583
0.108369462826682
0.108369462824562
0.108369462822442
0.108369462821029
0.108369462370491
0.108369461886375
0.108369461586349
0.108369461584936
0.108369462271131
0.10836946268312
0.10836946268312
0.108369462681707
0.108369462679589
0.10836946223051
0.108369462227685