0.00164533361127474
0.00164532544888399
0.00164532312592033
0.00164532312592033
0.00164530093314093
0.00164529011251483
0.0016452897396274
0.00164528951589987
0.0016452893667561
0.00164528921760663
0.00164528921760663
0.00164528538600348
0.00164528508772352
0.00164528135422257
0.00164528083227582
0.00164528070655531
0.00164528063199908
0.00164527587082278
0.00164526992338207
0.00164526601755444
0.00164526586847327
0.00164526579393411
0.00164526542122598
0.00164526527215809
0.00164526512309399
0.00164526146450036
0.00164526066792185
0.00164524561711079
0.00164524005785495
0.00164523657191434
0.00164523346369599
0.00164523102622779
0.00164523057911889
0.00164523043012114
0.00164522677187441
0.00164522326266819
0.0016452181534623
0.0016452144953808
0.00164521372664873
0.00164520693307867
0.00164520678412828
0.00164519611532775
0.00164519596639063
0.00164518987183847
0.00164516120617779
0.00164507147102959
0.00164506781404227
0.00164504927113131
0.00164504897334412
0.00164504524206158
0.00164504278202189
0.00164503895289744
0.00164503825824314
0.00164503460160783
0.00164502720475999
0.00164502359993205
0.00164502345103465
0.00164501745570909
0.00164501555840734
0.00164501533512512
0.00164501511184763
0.00164501145549159
0.00164499980079656
0.00164499446584383
0.00164498754615924
0.0016449846353816
0.00164497884063938
0.00164501507238959
0.00164501660741925
0.00164501633313552
0.00164501011885605
0.00164500997010058
0.00164499952821695
0.00164499191068041
0.0016449862783941
0.00164498453022888
0.00164497546478356
0.00164496472468176
0.00164495070142017
0.00164495040358362
0.00164495025488107
0.00164615035379132
0.00164615005624433
0.00164614983314365
0.00164614968448643
0.00164614931285991
0.00164614060898346
0.00164614038511234
0.00164614023647779
0.0016461307132244
0.00164612504035577
0.00164612220947604
0.00164612206087169
0.00164612191227111
0.00164612168937733
0.00164612154078619