0.186494492289552
0.183021244186551
0.180683638118707
0.180683768607715
0.180642728109784
0.179826260156416
0.178070573032254
0.177957203641415
0.177109808597477
0.17707183235315
0.177068882319304
0.177068882319304
0.17582927096563
0.17583194591551
0.17583194591551
0.17583194591551
0.17583194591551
0.17583194591551
0.17583194591551
0.17583194591551
0.17583194591551
0.17583194591551
0.17583194591551
0.17583194591551
0.17583194591551
0.175333162738484
0.175333162738484
0.175333162738484
0.175333162738484
0.175333162738484
0.175110883270408
0.174842325090917
0.174843420661991
0.174837240389474
0.174835726034431
0.174823734002151
0.174823734002151
0.174823734002151
0.174823734002151
0.174823734002151
0.174823734002151
0.174823734002151
0.174823734002151
0.174823734002151
0.174823734002151
0.174823734002151
0.174823734002151
0.174823734002151
0.174823734002151
0.174823734002151
0.172638296924779
0.172640217496772
0.172585952420603
0.172583277470723
0.172582432179856
0.172582432179856
0.171648345403562
0.171427809712859
0.171427809712859
0.171520879542955
0.171519273881218
0.171426204051123
0.171426204051123
0.171426204051123
0.171428879001003
0.171428879001003
0.172216803024059
0.171428879001003
0.171428879001003
0.166671322659068
0.166472254327961
0.166474458428246
0.166277708866945
0.166230509031191
0.16623816928092
0.16623816928092
0.16623816928092
0.16623816928092
0.16623816928092
0.16623816928092
0.16623816928092
0.16623816928092
0.16623816928092
0.16623816928092
0.16623816928092
0.16623816928092
0.16623816928092
0.16623816928092
0.16623816928092
0.16623816928092
0.16623816928092
0.166160587329294
0.166160587329294
0.166160587329294
0.165968608585444
0.165968608585444