0.0155144110513815
0.0154881344452593
0.0152393825240707
0.0152398753108816
0.0152393759947323
0.0152428654924096
0.0149161179757419
0.0149022415406149
0.0148041352650174
0.0148038976107039
0.0148036518186328
0.0148036518186328
0.0146785703481901
0.0146788161402613
0.0146788161402613
0.0146788161402613
0.0146788161402613
0.0146788161402613
0.0146788161402613
0.0146788161402613
0.0146788161402613
0.0146788161402613
0.0146788161402613
0.0146788161402613
0.0146788161402613
0.0146614293503671
0.0146614293503671
0.0146614293503671
0.0146614293503671
0.0146614293503671
0.0146355625655068
0.0147401061243609
0.0147642663282306
0.0147111137289775
0.0147113869554395
0.0147108832850991
0.014710152346705
0.014710152346705
0.014710152346705
0.014710152346705
0.014710152346705
0.014710152346705
0.014710152346705
0.014710152346705
0.014710152346705
0.014710152346705
0.014710152346705
0.014710152346705
0.014710152346705
0.014710152346705
0.0144753378154447
0.0144753378154447
0.0144829544381374
0.0144827086460663
0.014463745291048
0.014463745291048
0.014342356388992
0.0142878513992486
0.0142878513992486
0.0142878513992486
0.0142876378692654
0.0142876378692654
0.0142876378692654
0.0142876378692654
0.0142878836613365
0.0142878836613365
0.0143067346047923
0.0143067346047923
0.0143067346047923
0.0141149592074969
0.0141779793771836
0.0139232317803411
0.0138141542205889
0.0138097589828506
0.0138104628572147
0.0138104628572147
0.0138104628572147
0.0138104628572147
0.0138104628572147
0.0138104628572147
0.0138104628572147
0.0138104628572147
0.0138104628572147
0.0138104628572147
0.0138104628572147
0.0138104628572147
0.0138104628572147
0.0138104628572147
0.0138104628572147
0.0138104628572147
0.0140564846327591
0.0144249291493496
0.0144249291493496
0.0144249291493496
0.0143189419130472
0.0143189419130472
