0.186494492289552
0.183021244186551
0.180683638118707
0.180683768607715
0.180642728109784
0.179826260156416
0.178070573032254
0.177957203641415
0.177109808597477
0.17707183235315
0.177068882319304
0.177068882319304
0.17582927096563
0.17583194591551
0.17583194591551
0.17583194591551
0.17583194591551
0.17583194591551
0.17583194591551
0.17583194591551
0.17583194591551
0.17583194591551
0.17583194591551
0.17583194591551
0.17583194591551
0.175333162738484
0.175333162738484
0.175333162738484
0.175333162738484
0.175333162738484
0.175110883270408
0.174842325090917
0.174843420661991
0.174837240389474
0.174835726034431
0.174823734002151
0.174823734002151
0.174823734002151
0.174823734002151
0.174823734002151
0.174823734002151
0.174823734002151
0.174823734002151
0.174823734002151
0.174823734002151
0.174823734002151
0.174823734002151
0.174823734002151
0.174823734002151
0.174823734002151
0.172638296924779
0.172640217496772
0.172585952420603
0.173384238624107
0.17338339333324
0.17338339333324
0.172449306556946
0.172228770866243
0.172228770866243
0.172321840696339
0.172320235034602
0.172227165204507
0.172227165204507
0.172227165204507
0.172229840154387
0.172229840154387
0.173017764177443
0.172229840154387
0.172229840154387
0.167457640724725
0.167258417849973
0.167260621950259
0.167063872388957
0.167016672553204
0.167024332802933
0.167024332802933
0.167024332802933
0.167024332802933
0.167024332802933
0.167024332802933
0.167024332802933
0.167024332802933
0.167024332802933
0.167024332802933
0.167024332802933
0.167024332802933
0.167024332802933
0.167024332802933
0.167024332802933
0.167024332802933
0.167024332802933
0.166946750851307
0.166946750851307
0.166946750851307
0.166754772107456
0.166754772107456
