0.00429372300340042
0.00429372300340042
0.00429372300340042
0.00429372300340042
0.00429372300340042
0.00429372300340042
0.00429372300340042
0.00429372300340042
0.00429372300340042
0.00429372300340042
0.00429372300340042
0.00429372300340042
0.00429372300340042
0.00429372300340042
0.00429372300340042
0.00429372300340042
0.00429372300340042
0.00429372300340042
0.00429372300340042
0.00429372300340042
0.00429372300340042
0.00429372300340042
0.00429372300340042
0.00429372300340042
0.00429372300340042
0.00429372300340042
0.00429381793939576
0.00429386540739343
0.00429386540739343
0.00429372300340042
0.00429372300340042
0.00429372300340042
0.00429372300340042
0.00429372300340042
0.00429372300340042
0.00429372300340042
0.00429372300340042
0.00429372300340042
0.00429372300340042
0.00429372300340042
0.00429372300340042
0.00429372300340042
0.00429372300340042
0.00429372300340042
0.00429372300340042
0.00429372300340042
0.003584229390681
0.003584229390681
0.003584229390681
0.003584229390681
0.00429372300340042
0.00429372300340042
0.00429372300340042
0.00429372300340042
0.00429372300340042
0.00429372300340042
0.00429372300340042
0.00429372300340042
0.00429372300340042
0.00429372300340042
0.00429372300340042
0.00429372300340042
0.00429372300340042
0.00429372300340042
0.00429372300340042
0.00429372300340042
0.00429372300340042
0.00429372300340042
0.00429372300340042
0.00429372300340042
0.00429318964842233
0.00429318964842233
0.00429318964842233
0.00429318964842233
0.00429318964842233
0.00429318964842233
0.00429318964842233
0.00429318964842233
0.00429318964842233
0.00429318964842233
0.00429318964842233
0.00429318964842233
0.00429318964842233
0.00429318964842233
0.00429318964842233
0.00429318964842233
0.00429318964842233
0.00429318964842233
0.00429318964842233
0.00429318964842233
0.00429318964842233
0.00429318964842233
0.00429318964842233
0.00429598427179024
0.00429318964842233
0.00429318964842233