0.000716845878136201
0.000716845878136201
0.000716845878136201
0.000716845878136201
0.000716845878136201
0.000716845878136201
0.000716845878136201
0.000716845878136201
0.000716845878136201
0.000716845878136201
0.000716845878136201
0.000716845878136201
0.000716845878136201
0.000716845878136201
0.000716845878136201
0.000716845878136201
0.000716845878136201
0.000716845878136201
0.000716845878136201
0.000716845878136201
0.000716845878136201
0.000716845878136201
0.000716845878136201
0.000716845878136201
0.000716845878136201
0.000716845878136201
0.000716861700802091
0.00071687752346798
0.00071687752346798
0.000716853789469146
0.000716845878136201
0.000716845878136201
0.000716845878136201
0.000716845878136201
0.000716845878136201
0.000716845878136201
0.000716845878136201
0.000716845878136201
0.000716845878136201
0.000716845878136201
0.000716845878136201
0.000716845878136201
0.000716845878136201
0.000716845878136201
0.000716845878136201
0.000716845878136201
0.000716845878136201
0.000716845878136201
0.000716845878136201
0.000716845878136201
0.000716845878136201
0.000716845878136201
0.000716845878136201
0.000716845878136201
0.000716845878136201
0.000716845878136201
0.000716845878136201
0.000716845878136201
0.000716845878136201
0.000716845878136201
0.000716845878136201
0.000716845878136201
0.000716845878136201
0.000716845878136201
0.000716845878136201
0.000716845878136201
0.000716845878136201
0.000716845878136201
0.000716845878136201
0.000716845878136201
0.000716792542001352
0.000716792542001352
0.000716792542001352
0.000716792542001352
0.000716792542001352
0.000716792542001352
0.000716792542001352
0.000716792542001352
0.000716792542001352
0.000716792542001352
0.000716792542001352
0.000716792542001352
0.000716792542001352
0.000716792542001352
0.000716792542001352
0.000716792542001352
0.000716792542001352
0.000716792542001352
0.000716792542001352
0.000716792542001352
0.000716792542001352
0.000716792542001352
0.000716792542001352
0.00071726713906598
0.000716792542001352
0.000716792542001352