0.000485249517507582
0.000485249517507582
0.000485249517507582
0.000485249517507582
0.000485249517507582
0.000485249517507582
0.000485249517507582
0.000485249517507582
0.000485249517507582
0.000485249517507582
0.000485249517507582
0.000485249517507582
0.000485249517507582
0.000496277915632754
0.000496277915632754
0.000496277915632754
0.000496277915632754
0.000496277915632754
0.000496277915632754
0.000496277915632754
0.000496277915632754
0.000496277915632754
0.000496277915632754
0.000496277915632754
0.000496277915632754
0.000496277915632754
0.000496277915632754
0.000496277915632754
0.000496277915632754
0.000496277915632754
0.000496277915632754
0.000496277915632754
0.000496277915632754
0.000496277915632754
0.000496277915632754
0.000496277915632754
0.000496277915632754
0.000496277915632754
0.000496277915632754
0.000496277915632754
0.000496277915632754
0.000496277915632754
0.000496277915632754
0.000496277915632754
0.000496277915632754
0.000496277915632754
0.000496277915632754
0.000496277915632754
0.000496277915632754
0.000496277915632754
0.000496277915632754
0.000496277915632754
0.000496277915632754
0.000496277915632754
0.000496277915632754
0.000496277915632754
0.000496277915632754
0.000496277915632754
0.000496277915632754
0.000496277915632754
0.000496277915632754
0.000496277915632754
0.000496277915632754
0.000496277915632754
0.000496277915632754
0.000496277915632754
0.000496277915632754
0.000496277915632754
0.000496277915632754
0.000496277915632754
0.000496224581090505
0.000496224581090505
0.000496224581090505
0.000496224581090505
0.000496224581090505
0.000496224581090505
0.000496224581090505
0.000496224581090505
0.000496224581090505
0.000496224581090505
0.000496224581090505
0.000496224581090505
0.000496224581090505
0.000496224581090505
0.000496224581090505
0.000496224581090505
0.000496224581090505
0.000496224581090505
0.000496224581090505
0.000496224581090505
0.000496224581090505
0.000496224581090505
0.000496224581090505
0.000496556780547185
0.000496224581090505
0.000496224581090505