7.35226541678155e-06
7.35226541678155e-06
7.35226541678155e-06
7.35226541678155e-06
7.35226541678155e-06
7.35226541678155e-06
7.35226541678155e-06
7.35226541678155e-06
7.35226541678155e-06
7.35226541678155e-06
7.35226541678155e-06
7.35226541678155e-06
7.35226541678155e-06
7.35226541678155e-06
7.35226541678155e-06
7.35226541678155e-06
7.35226541678155e-06
7.35226541678155e-06
7.35226541678155e-06
7.35226541678155e-06
7.35226541678155e-06
7.35226541678155e-06
7.35226541678155e-06
7.35226541678155e-06
7.35226541678155e-06
7.35226541678155e-06
7.35226541678155e-06
7.35226541678155e-06
7.35226541678155e-06
7.35226541678155e-06
7.35226541678155e-06
7.35226541678155e-06
7.35226541678155e-06
7.35226541678155e-06
7.35226541678155e-06
7.35226541678155e-06
7.35226541678155e-06
7.35226541678155e-06
7.35226541678155e-06
7.35226541678155e-06
7.35226541678155e-06
7.35226541678155e-06
7.35226541678155e-06
7.35226541678155e-06
7.35226541678155e-06
7.35226541678155e-06
0.000810618884371295
0.000810618884371295
0.000810618884371295
0.000810618884371295
7.35226541678155e-06
7.35226541678155e-06
7.35226541678155e-06
7.35226541678155e-06
7.35226541678155e-06
7.35226541678155e-06
7.35226541678155e-06
7.35226541678155e-06
7.35226541678155e-06
7.35226541678155e-06
7.35226541678155e-06
7.35226541678155e-06
7.35226541678155e-06
7.35226541678155e-06
7.35226541678155e-06
7.35226541678155e-06
7.35226541678155e-06
7.35226541678155e-06
7.35226541678155e-06
7.35226541678155e-06
7.35226541678155e-06
7.35226541678155e-06
7.35226541678155e-06
7.35226541678155e-06
7.35226541678155e-06
7.35226541678155e-06
7.35226541678155e-06
7.35226541678155e-06
7.35226541678155e-06
7.35226541678155e-06
7.35226541678155e-06
7.35226541678155e-06
7.35226541678155e-06
7.35226541678155e-06
7.35226541678155e-06
7.35226541678155e-06
7.35226541678155e-06
7.35226541678155e-06
7.35226541678155e-06
7.35226541678155e-06
7.35226541678155e-06
7.35226541678155e-06
7.35226541678155e-06
7.3575396387448e-06
7.35226541678155e-06
7.35226541678155e-06