0.0137635412485155
0.0137635412485155
0.0137635412485155
0.0137635412485155
0.0137635412485155
0.0137635412485155
0.0137635412485155
0.0137635412485155
0.0137635412485155
0.0137028850588271
0.0137028850588271
0.0137028850588271
0.0137028850588271
0.0137028850588271
0.0137028850588271
0.0137028850588271
0.0137028850588271
0.0137028850588271
0.0137028850588271
0.0137028850588271
0.0137028850588271
0.0136863424616393
0.0137883551442972
0.0137469986513278
0.0137469986513278
0.0137469986513278
0.0137202702129735
0.0136982608847208
0.0136982608847208
0.0136920940006902
0.0137029206598253
0.0137028850588271
0.0137028850588271
0.0137028850588271
0.0137028850588271
0.0137028850588271
0.0136918566607019
0.0136646298083721
0.01373045605414
0.01373045605414
0.0137414844522652
0.0137469986513278
0.0137028850588271
0.0137028850588271
0.0137028850588271
0.0137028850588271
0.0136582159835815
0.0136857869788944
0.0161255425638113
0.0161255425638113
0.0161154399702609
0.0161154399702609
0.0136753140635141
0.0136753140635141
0.0137800838457033
0.0138131690400788
0.0162422665487004
0.0162422665487004
0.0162422665487004
0.0162091813543249
0.0137800838457033
0.0137800838457033
0.0137800838457033
0.0137800838457033
0.0137855980447659
0.0143209055067046
0.0150781888446331
0.0151223024371338
0.0151002456408834
0.0151002456408834
0.0140128748044488
0.0140128748044488
0.0141983078439907
0.0141983078439907
0.0141983078439907
0.0141983078439907
0.0141872794458656
0.0141872794458656
0.0141983019179305
0.0141983019179305
0.0141983019179305
0.0141983019179305
0.0141983019179305
0.0141431658533649
0.0141431658533649
0.0141321433813
0.0141321433813
0.0141872794458656
0.0141872794458656
0.0165665267743998
0.0165665267743998
0.0165665267743998
0.0161489338720086
0.0146022918800621
0.0145355421744737
0.0143398310716887
