0.0191270500100389
0.0191270500100389
0.0191546210053518
0.0191270500100389
0.0191270500100389
0.0191270500100389
0.0191270500100389
0.0191270500100389
0.0191270500100389
0.0190277944269123
0.0190277944269123
0.0190277944269123
0.0190277944269123
0.0190388228250375
0.0190388228250375
0.0190388228250375
0.0190388228250375
0.0190388228250375
0.0190388228250375
0.0190388228250375
0.0190388228250375
0.0190236984481123
0.0191670676237395
0.0191670676237395
0.0191229540312388
0.0191229540312388
0.019156990563401
0.0191680980748556
0.0191680980748556
0.0190286587400366
0.0190280891240645
0.0190277944269123
0.0190277944269123
0.0190277944269123
0.0190277944269123
0.0190277944269123
0.0190388228250375
0.019135942348269
0.019146349706758
0.019146349706758
0.019099479014726
0.0190939648156634
0.019005737630662
0.019005737630662
0.019005737630662
0.019005737630662
0.0191491147176222
0.0191518718171535
0.0192235564049671
0.0192235484936342
0.0191959774983212
0.0194055170626995
0.0193393466739485
0.0193393466739485
0.0193586463706675
0.0189542717727445
0.0190204421614956
0.0190204421614956
0.0190204421614956
0.0192152771950403
0.0191491068062892
0.0191491068062892
0.0191491068062892
0.0191601352044144
0.0191601352044144
0.0192705347270592
0.0193146483195599
0.0193146483195599
0.0193367051158103
0.0193367051158103
0.0192461949064002
0.0192461949064002
0.0193013191188453
0.0193013191188453
0.0193123475169704
0.0193123475169704
0.0194888018869732
0.0194888018869732
0.0191951409262024
0.0191951409262024
0.0191951409262024
0.0191951409262024
0.0191951409262024
0.0191399989355766
0.0191399989355766
0.0194226314982222
0.0194226314982222
0.0193123475169704
0.0193123475169704
0.00848877384605588
0.00848877384605588
0.00848877384605588
0.0121750892970392
0.0177590606590629
0.0177516176571615
0.0193913843765764
