0.128662713407597
0.128662713407597
0.12866246595651
0.128662094687595
0.128690360841702
0.12869034244896
0.128690318989368
0.128690285476367
0.128690284941875
0.128690255976016
0.128689990953107
0.128689990953107
0.128689968796173
0.128689968796173
0.128716671687764
0.128779881775305
0.128763572687457
0.128763458966589
0.12876341415101
0.128763249621177
0.128777263114931
0.12877717748017
0.128777114138735
0.128790172544485
0.128790110066754
0.128833659502137
0.128833657125109
0.128833571595831
0.128833531632163
0.128833528467518
0.12883334314374
0.128832950507716
0.128832816627917
0.128832779367301
0.128832504142292
0.128832423270333
0.128832366666492
0.128832270331157
0.128832270331157
0.128844719924558
0.128844594405147
0.128844592738274
0.128844499441865
0.128844408735819
0.128844377134687
0.128844373808888
0.128844283227453
0.128844036454901
0.128843981799106
0.128843976004201
0.128845268403059
0.12884518061614
0.128845131558634
0.128845033107096
0.128845017331448
0.128844677983351
0.128844634395111
0.128844269781989
0.128844108312313
0.128844104205104
0.128844037283678
0.128843624935337
0.128843363873579
0.128842450342144
0.128841427406639
0.128840697637612
0.128840361789777
0.128840236096085
0.128839898506882
0.128839255711411
0.128839167022151
0.128839088520553
0.128838705947232
0.128838644084621
0.128838460684425
0.128838331952573
0.128838033969393
0.128838033969393
0.128837984850803
0.128837827701825
0.12883639195411
0.128835878475272
0.128835853385998
0.128835748613457
0.128835589451057
0.1288434825959
0.128858286868033
0.128860388979351
0.128851216223926
0.128850746687198
0.128850337476579
0.128850316342452
0.128850316342452
0.12885874532016
0.128849237867863
0.128849178452477