6.27047752871856e-07
6.27047752871856e-07
6.27047752871856e-07
6.27045362994196e-07
6.27045362994196e-07
6.27045362994196e-07
6.27045362994196e-07
6.27045362994196e-07
6.27045362994196e-07
6.27045362994196e-07
6.27045362994196e-07
6.27045362994196e-07
6.27045362994196e-07
6.27045362994196e-07
6.27045362994196e-07
6.27045362994196e-07
6.27045362994196e-07
6.27045362994196e-07
6.27045362994196e-07
6.27045362994196e-07
6.27045362994196e-07
6.27045362994196e-07
6.27045362994196e-07
6.27045362994196e-07
6.27045362994196e-07
6.27045362994196e-07
6.27045362994196e-07
6.27045362994196e-07
6.27045362994196e-07
6.27045362994196e-07
6.27045362994196e-07
6.27045362994196e-07
6.27045362994196e-07
6.27045362994196e-07
6.27045362994196e-07
6.27045362994196e-07
6.27045362994196e-07
6.27045362994196e-07
6.27045362994196e-07
6.27045362994196e-07
6.27045362994196e-07
6.27045362994196e-07
6.27045362994196e-07
6.27045362994196e-07
6.27045362994196e-07
6.27045362994196e-07
6.27045362994196e-07
6.27045362994196e-07
6.27045362994196e-07
6.27045362994196e-07
6.27045362994196e-07
6.27045362994196e-07
6.27045362994196e-07
6.27045362994196e-07
6.27045362994196e-07
6.27045362994196e-07
6.27044765308361e-07
6.27044765308361e-07
6.27044765308361e-07
6.27044765308361e-07
6.27044765308361e-07
6.27044765308361e-07
6.27044765308361e-07
6.27044765308361e-07
6.27044765308361e-07
6.27044765308361e-07
6.27044765308361e-07
6.27044765308361e-07
6.27044765308361e-07
6.27044765308361e-07
6.27044765308361e-07
6.27044765308361e-07
6.27044765308361e-07
6.27044765308361e-07
6.27044765308361e-07
6.27044765308361e-07
6.27044765308361e-07
6.27044765308361e-07
6.27044765308361e-07
6.27044765308361e-07
6.27044765308361e-07
6.27044765308361e-07
6.27044765308361e-07
6.27044765308361e-07
6.27044765308361e-07
6.27044765308361e-07
6.27044765308361e-07
6.27044765308361e-07
6.27044765308361e-07
6.27044765308361e-07
6.27044765308361e-07
6.27044765308361e-07
6.27044765308361e-07
6.27044765308361e-07
6.27044765308361e-07
6.27044765308361e-07