0.0806604947373681
0.0806479573341514
0.0806479573341514
0.0806600404147706
0.0835549970743765
0.0865454877416265
0.0857123705004004
0.0859142964017869
0.0859205918354185
0.0858576997100982
0.085989543959391
0.0861408857749454
0.0865056459289183
0.0865056459289183
0.0863809983554776
0.0864636641515759
0.0864636641515759
0.0862429671407698
0.0862277397051127
0.087367996091331
0.0872289383061919
0.0872100796956405
0.0867226093958244
0.0868932639217591
0.0868932639217591
0.0868625482059185
0.0872157821021902
0.0878455566372006
0.087855043841871
0.0881262730823697
0.0881162865150109
0.0875952953941976
0.087656788337399
0.087656788337399
0.0875861505924944
0.0876307962324866
0.0877949493167377
0.0877635593007485
0.0874808435263045
0.0873996978520852
0.0875581916759168
0.0876461702724494
0.0878731385999624
0.0876625922615563
0.0865592860469565
0.0871172449117345
0.0871056418247194
0.0894313029841003
0.0872834198747324
0.0872659785998659
0.0874842599930468
0.0875060748664164
0.086465156751033
0.0864516039133941
0.0864516039133941
0.0864516039133941
0.0864516039133941
0.0864516039133941
0.0864516039133941
0.0864726931736883
0.0864726931736883
0.0864726931736883
0.0864726931736883
0.0864726931736883
0.0864726931736883
0.0864726931736883
0.0864726931736883
0.0864726931736883
0.0864726931736883
0.0867500252114916
0.0867776426403305
0.0864851749221363
0.0864851749221363
0.0864851749221363
0.0864851749221363
0.0864851749221363
0.0864664376175981
0.086619223426865
0.0864668226726434
0.0865840613258765
0.0864639926273605
0.0865485759253699
0.102264880332382
0.102272694868657
0.10238401105736
0.10250669760187
0.102526479749797
0.102526479749797
0.102526479749797
0.102526479749797
0.102526479749797
0.102526479749797
0.102505351873324
0.102526479749797
0.102526479749797
0.102526479749797