0.0677071236337266
0.0677066420137643
0.0677066420137643
0.0677309001521487
0.0683681419118173
0.0685507820257337
0.068488344270849
0.0685366900398807
0.0684985938443799
0.0684777239162072
0.0684777239162072
0.0684733659387203
0.0693188441768623
0.0693536273904834
0.0685776198015673
0.0693814248987344
0.0693749823276627
0.069368434717393
0.0693428810353879
0.0692622197446747
0.0684938638005408
0.0684920286819155
0.0684904072503322
0.0684907741876274
0.0684904072503322
0.0684885456011168
0.0690437121475734
0.0692060829157746
0.0692382160394655
0.0690043451662179
0.0690261169063337
0.0690261169063337
0.0695736520520704
0.0695736520520704
0.0695961680387672
0.0690017665834705
0.0684184832217374
0.0684590079529614
0.068669082839124
0.0685904046033014
0.068636560605895
0.0688513741647207
0.0686742971999575
0.0685360774404798
0.0686861589088102
0.0691271563321504
0.0691010872949457
0.0707473437144026
0.0691963153858712
0.0691951502167589
0.0694038539726265
0.0694040893177067
0.0685035164124889
0.0685028605990792
0.0685028605990792
0.0685028605990792
0.0685028605990792
0.0685028605990792
0.0685028605990792
0.0685028605990792
0.0685028605990792
0.0685028605990792
0.0685028605990792
0.0685028605990792
0.0685028605990792
0.0685028605990792
0.0685028605990792
0.0685028605990792
0.0685028605990792
0.0687086351223024
0.0687363843463859
0.0685028109386116
0.0685028109386116
0.0685028109386116
0.0685028109386116
0.0685028109386116
0.0684952173022372
0.0684083125208379
0.0684197900064911
0.0684079966611792
0.0684096690445554
0.0684400468993396
0.0351010921675116
0.0350940149398654
0.0350969667725752
0.0350966121609947
0.0350966050560428
0.0350966050560428
0.0350966050560428
0.0350966050560428
0.0350966050560428
0.0350966050560428
0.0350966050560428
0.0350966050560428
0.0350966050560428
0.0350966050560428