0.0455681704114778
0.0455656401585582
0.0455656401585582
0.0455807113990873
0.0455657052322866
0.0455502854141349
0.0455290041694552
0.0455117605649788
0.0455170565430503
0.0455170565430503
0.0455236956169993
0.0455150659586093
0.0455395853511051
0.0455395853511051
0.0455363954632188
0.0455461916038748
0.0455715454437751
0.045555273798911
0.0455354403939826
0.0454401933772771
0.0454401933772771
0.0454263950043891
0.0454285502905069
0.0454342750476018
0.0454341141101916
0.0454284312765486
0.0457921605334716
0.0459239537356724
0.0459265753374597
0.0459278870241156
0.0459239513099904
0.0459148449982325
0.0459239513099904
0.0459239513099904
0.0459128783742103
0.0459120567172658
0.0459224753214701
0.0459224753214701
0.0459224753214701
0.0459235041839529
0.0459309157633324
0.0458634676993751
0.0460135092703605
0.0459679519309841
0.045443573456862
0.0458461105971725
0.0458308176303902
0.0195900107892414
0.0458362158212594
0.0458329889433932
0.0460180596976232
0.0460287562278232
0.0453207335057543
0.0453182260427314
0.0453182260427314
0.0453182260427314
0.0453182260427314
0.0453182260427314
0.0453182260427314
0.0453182260427314
0.0453182260427314
0.0453182260427314
0.0453182260427314
0.0453182260427314
0.0453182260427314
0.0453182260427314
0.0453182260427314
0.0453182260427314
0.0453182260427314
0.045470284760877
0.0454830523892114
0.0453205766128341
0.0453205766128341
0.0453205766128341
0.0453205766128341
0.0453205766128341
0.0453180691498112
0.0453213341862354
0.0453280188904141
0.0453207099670562
0.0453201802866215
0.0453215252250249
0.0453812833559513
0.0453811221236828
0.045375454704846
0.0453691931447208
0.0453688753794146
0.0453688753794146
0.0453688753794146
0.0453688753794146
0.0453688753794146
0.0453688753794146
0.0453688753794146
0.0453688753794146
0.0453688753794146
0.0453688753794146