0.0447340336759968
0.0447275056234642
0.0447275056234642
0.0448023064639947
0.0447126736023847
0.044703237307504
0.0446916161324833
0.0446855227038674
0.0446788121067396
0.0446788121067396
0.0446786816205597
0.0446786816205597
0.047506290794892
0.047506290794892
0.0484104759926025
0.0466614233511142
0.0466614233511142
0.0464012411145325
0.0463877619457879
0.0465848034570812
0.0435735941328831
0.043545070113792
0.043540698193012
0.0415914221816335
0.0435436373452348
0.0443451228660079
0.0449711484815269
0.0219776748134744
0.0219247909198097
0.0219225893043451
0.0213807153173654
0.0213661506996592
0.021367208642768
0.021367208642768
0.0213659933697374
0.0213646878068247
0.0213677526749264
0.0213676945279628
0.0218963428710769
0.0218962641403361
0.0219032770399442
0.021880997220856
0.0219487370810957
0.0219110895179351
0.021599937956509
0.0218418002860432
0.0218294857459121
0.0102166709667562
0.0226553307276855
0.0224485922598551
0.0227324947146112
0.022731909752196
0.0223243979351999
0.0223220910692189
0.0223220910692189
0.0223220910692189
0.0223220910692189
0.0223220910692189
0.0223220910692189
0.0223220910692189
0.0223220910692189
0.0223220910692189
0.0223220910692189
0.0223220910692189
0.0223220910692189
0.0223220910692189
0.0223220910692189
0.0223220910692189
0.0223220910692189
0.0223892672671998
0.0223999288411084
0.0223241449656
0.0223241449656
0.0223241449656
0.0223241449656
0.0223241449656
0.0223218380996189
0.0223230519571729
0.0223268372784459
0.0223228827177325
0.0223226846824243
0.0223232949359193
0.0223641462850687
0.0223639818281548
0.022358767802825
0.0223577841920348
0.022357677296915
0.022357677296915
0.022357677296915
0.022357677296915
0.022357677296915
0.022357677296915
0.022357677296915
0.022357677296915
0.022357677296915
0.022357677296915