0.0113389883285618
0.0113389883285618
0.0113389883285618
0.0120674610289187
0.011540376409067
0.0113972202780941
0.0113180654469298
0.0113180848436134
0.0113180848436134
0.0113180848436134
0.0110853214074741
0.0110782674802001
0.0121281045095029
0.012162887723124
0.0112613435037213
0.0121881514056286
0.0121881514056286
0.0121881514056286
0.0121881514056286
0.012438558200325
0.0119967266302399
0.0119967266302399
0.0119967266302399
0.0126116976306984
0.0120107893499699
0.0118045726011524
0.0129519100120701
0.0133577265085552
0.0144170624611759
0.0144170624611759
0.0143623080402568
0.0143623080402568
0.0141743473599159
0.0141743473599159
0.0141743473599159
0.0141743473599159
0.0141624925757152
0.0141624925757152
0.0141624925757152
0.0141898695906335
0.0144975639941535
0.0149118908649921
0.0149836884597112
0.0145548732923198
0.015480650303441
0.0168987947734151
0.0161669570379856
0.0174132123305945
0.0156919261427416
0.0153091670965633
0.015201255472398
0.0152018198119848
0.0151734185847579
0.0151734185847579
0.0151734185847579
0.0140184383869109
0.0140184383869109
0.0140184383869109
0.0140184383869109
0.0140184383869109
0.0140184383869109
0.0140184383869109
0.0140184383869109
0.0141308887506175
0.0141308887506175
0.0141168324551542
0.0141168324551542
0.0141168324551542
0.0141168324551542
0.0143802338219892
0.0141678083224616
0.0141444131790813
0.0141444131790813
0.0141444131790813
0.0141444131790813
0.0141444131790813
0.0141444131790813
0.014151350031402
0.0141476974077651
0.0141552333540935
0.0141609351890686
0.0141550668661124
0.0118519832948953
0.0118519703963139
0.0118485116248695
0.0118203475692455
0.0118203475692455
0.0118203475692455
0.0118203475692455
0.0118203475692455
0.0118203475692455
0.0118203475692455
0.0118203475692455
0.0118203475692455
0.0118203475692455
0.0118203475692455