0.0859818530461384
0.0859769190529451
0.0859769190529451
0.0949199938114264
0.0838547212138571
0.083816782230217
0.0837933662985757
0.0837401529192883
0.0837372314058342
0.0837372314058342
0.0837367974999829
0.0837287819939992
0.00114006326990571
0.000677445366592851
0.0811326490562268
0.000650345835554015
0.000650229753192362
0.000650111778232547
0.000649663598302573
0.000648525926199094
0.0627508233027391
0.0638364212612098
0.0635951295759531
0.0668129518452822
0.0664117718343496
0.0715507135130323
0.0955709468158836
0.110336936501868
0.106722644292505
0.106259535100649
0.10328897086567
0.103920874888221
0.10403979999337
0.10403979999337
0.104003569666145
0.104002591546698
0.104126030843267
0.104124297336915
0.107651506535148
0.107115460640516
0.106957668031833
0.109463123901377
0.107385774412628
0.10747188649432
0.0996228965256061
0.106364213370216
0.106325085933959
0.104460159015064
0.107803459204916
0.107200060346426
0.104709730379401
0.107583870314751
0.0964385283168529
0.0964021696846404
0.0964021696846404
0.107578444096723
0.103891830118128
0.103891830118128
0.103891830118128
0.103891830118128
0.103891830118128
0.103891830118128
0.103891830118128
0.103891830118128
0.103891830118128
0.103891830118128
0.103891830118128
0.103891830118128
0.103891830118128
0.101629550128412
0.101429221950686
0.104158940578856
0.103885342767638
0.103885342767638
0.103885342767638
0.103885342767638
0.103876641870948
0.103896145144007
0.103899895058522
0.104006638700138
0.10399877297571
0.103997583995886
0.104496291361197
0.104495740753
0.104476074809636
0.104472025611883
0.104471071639341
0.104471071639341
0.104471071639341
0.104471071639341
0.104471071639341
0.104471071639341
0.104471071639341
0.104471071639341
0.104471071639341
0.104471071639341