0.00442034113109929
0.00442034113109929
0.00442034113109929
0.00442034113109929
0.0044215166430493
0.0046717491682284
0.00467158236918615
0.00466487470138563
0.00464392669149199
0.00464392669149199
0.00466675483119077
0.00466403648879793
0.0111227680920562
0.0111228183999809
0.00479279034381174
0.0111398073078556
0.0111361507134635
0.0111159001984882
0.0111013784234697
0.0112332092540597
0.00481073439135833
0.00478559624841851
0.00470149313260977
0.00471416822657047
0.00471416822657047
0.00471416822657047
0.00473292340337464
0.00466263384167124
0.00468259781350792
0.004839930758646
0.0047974381448673
0.00473462823100904
0.00473919061066592
0.00473919061066592
0.00473394974572138
0.00473417549011505
0.00474739273380332
0.00474714197502293
0.004743803805121
0.00473767044802173
0.00474698390494466
0.00451765298293918
0.00452491760602744
0.0047682421736063
0.00470811688750863
0.00472029080479481
0.00471739067019449
0.00477852334067279
0.00473751656077049
0.00473751656077049
0.00474589019312913
0.00474336754271345
0.00467955894458116
0.00467955894458116
0.00467955894458116
0.00467955894458116
0.00467955894458116
0.00467955894458116
0.00467955894458116
0.00466923890465997
0.00466923890465997
0.00466923890465997
0.00466923890465997
0.00466923890465997
0.00466923890465997
0.00466923890465997
0.00466923890465997
0.00466923890465997
0.00466923890465997
0.00467619131326816
0.00468599202431216
0.00466923890465997
0.00466923890465997
0.00466923890465997
0.00466923890465997
0.00466923890465997
0.00466923890465997
0.00467011618208328
0.00467033844050799
0.00468312615462316
0.00467966349079587
0.00468320695960754
0.0053531054932476
0.0053531054932476
0.0053531054932476
0.00540747114938417
0.00540740188294675
0.00540740188294675
0.00540740188294675
0.00540740188294675
0.00540740188294675
0.00540740188294675
0.00540740188294675
0.00540740188294675
0.00540740188294675
0.00540740188294675