0.318649684650202
0.318633162098637
0.318633162098637
0.318800814476802
0.318722696007682
0.318553583298236
0.318452573690893
0.318300961420684
0.318264133028335
0.318264133028335
0.318261809431059
0.318261809431059
0.363769567504909
0.364475666741418
0.319730511091292
0.367117821422206
0.367117821422206
0.367653475283841
0.367634419102546
0.359949047400641
0.317215956841651
0.317405752436564
0.319293032690876
0.319294062690301
0.319293032690876
0.319325901569241
0.320470055562209
0.320230555279424
0.320805168610052
0.321413308092051
0.321927505778927
0.321907740544113
0.32249878031225
0.32249878031225
0.322400529327186
0.322668031741672
0.32352773492989
0.32319161224511
0.322519780835873
0.322380776610183
0.322015904973055
0.326860112972063
0.324495039484974
0.325075214721744
0.313579053535229
0.320927709322342
0.32095603768312
0.329742878094236
0.321522006977861
0.321571491149938
0.32246854877409
0.322407310521245
0.317693232791202
0.317676808908402
0.317676808908402
0.317676808908402
0.317676808908402
0.317676808908402
0.317676808908402
0.317690668922262
0.317690668922262
0.317690668922262
0.317690668922262
0.317690668922262
0.317690668922262
0.317690668922262
0.317690668922262
0.317690668922262
0.317690668922262
0.318729389047998
0.318796587888931
0.317708473990061
0.317708473990061
0.317708473990061
0.317708473990061
0.317708473990061
0.317692050107261
0.317712341168409
0.317764450360183
0.317707098919776
0.317706658352487
0.317719432719673
0.318199177326825
0.318197964054004
0.318160842460623
0.318057870706031
0.318055524349534
0.318055524349534
0.318055524349534
0.318055524349534
0.318055524349534
0.318055524349534
0.318055524349534
0.318055524349534
0.318055524349534
0.318055524349534