0.400554745359007
0.400529215107048
0.400529215107048
0.401668120439899
0.396671745360724
0.395959627651194
0.395812446234069
0.395571821852275
0.395602456947021
0.395602456947021
0.395599787482762
0.39552363074747
0.443639424937252
0.443768814983299
0.400408863752438
0.448752185600212
0.448632969014795
0.449026327190816
0.449446935908596
0.441467068835043
0.39609122739016
0.396145304929538
0.398342197807291
0.395885633103115
0.397909775036515
0.398795983635713
0.398492939123546
0.374857840882458
0.375391171370777
0.375984693609833
0.376176008149837
0.375909749422172
0.376339608169633
0.376339608169633
0.376240141911538
0.376505180112124
0.377401051845973
0.377058812827463
0.376903544570168
0.376765258491855
0.376419631007092
0.382425944217286
0.379973638603204
0.379775925493953
0.367548919143392
0.375352927595145
0.375394880370019
0.371133809855565
0.376826239138326
0.376666451743448
0.377820241737794
0.377835300115117
0.371923385478991
0.371902686371736
0.371902686371736
0.371902686371736
0.371902686371736
0.371902686371736
0.371902686371736
0.3719108019603
0.3719108019603
0.3719108019603
0.3719108019603
0.3719108019603
0.3719108019603
0.3719108019603
0.3719108019603
0.3719108019603
0.3719108019603
0.373067858580225
0.373171295991909
0.371906325483488
0.371906325483488
0.371906325483488
0.371906325483488
0.371906325483488
0.371885626376234
0.371909503899744
0.37196958175906
0.371905181402559
0.37190286605218
0.371916461790172
0.372550345891501
0.372548870616244
0.372502086073746
0.372363280270251
0.372360704024387
0.372360704024387
0.372360704024387
0.372360704024387
0.372360704024387
0.372360704024387
0.372360704024387
0.372360704024387
0.372360704024387
0.372360704024387