0.0215392726788321
0.0215392726788321
0.0215392726788321
0.0218589686976232
0.0228759078998055
0.022349684363924
0.0223610905325012
0.0222080443925683
0.0222184793566546
0.0216157824327706
0.0216157824327706
0.0216157824327706
0.0218656735158987
0.0217540644267335
0.0224439654644383
0.0226745105467822
0.0224523118376509
0.021835093201175
0.0216411102011397
0.0164639478552261
0.0164559136800816
0.0164559136800816
0.0144001052686075
0.0138299136208593
0.0135764951107489
0.0145494196917207
0.0166726500932901
0.0162559224784675
0.0151111363528599
0.015998003737516
0.016047412770379
0.0153789802091801
0.0156210746881513
0.0156210746881513
0.0155784087799896
0.0153510036532852
0.0158227636983978
0.0158227636983978
0.0156422616585684
0.0158581209565793
0.0180959641560936
0.0216712023731137
0.0162977050013542
0.0157030576057295
0.0227251520163702
0.0216735001918365
0.0184494647954934
0.0189946993994393
0.0188028898101884
0.0179795668920745
0.0178753272793595
0.0178476878000695
0.0173259058993128
0.0173259058993128
0.0173259058993128
0.0173259058993128
0.0173259058993128
0.0173259058993128
0.0173259058993128
0.0173259058993128
0.0173259058993128
0.0173259058993128
0.0173259058993128
0.0173259058993128
0.0173259058993128
0.0173259058993128
0.0173259058993128
0.0173259058993128
0.0173259058993128
0.0172705503347111
0.0172761852519817
0.0182318330384344
0.0182318330384344
0.0182037140247088
0.0173812328732352
0.0173812328732352
0.0173846994382159
0.0173819059472689
0.0173812047007406
0.017395360508054
0.0173988126031036
0.0174232840506499
0.0184666088406663
0.0184663420012618
0.0184663420012618
0.0182621058620291
0.0182621058620291
0.0182621058620291
0.0182621058620291
0.0182621058620291
0.0182621058620291
0.0182621058620291
0.0182621058620291
0.0182621058620291
0.0182621058620291
0.0182621058620291