0.410127549961356
0.410104689126227
0.410104689126227
0.410264048005133
0.415190008056061
0.425709950135257
0.425723977445723
0.425684466030611
0.425663206572385
0.425663206572385
0.425667207624528
0.425695084617297
0.425203959498598
0.425203959498598
0.425653574406728
0.424840826414649
0.424840826414649
0.424840826414649
0.424817110371924
0.426802315133644
0.427304532042741
0.427224438736173
0.427124164028482
0.427122151506167
0.427124164028482
0.427070518078892
0.430871265777639
0.432026541514456
0.431933150135879
0.431916970480979
0.431993831458072
0.431959616392102
0.431993831458072
0.431993831458072
0.431983796034455
0.431993883546703
0.432011963977045
0.432011963977045
0.432011963977045
0.43192884142629
0.431980608762245
0.430990789562849
0.432410694782492
0.432082089701388
0.427388463241683
0.431425650326591
0.431327885017422
0.415776250720221
0.43139600267653
0.431365540949474
0.429328924315355
0.429389602321064
0.426411537107034
0.426387866656098
0.426387866656098
0.426387866656098
0.426387866656098
0.426387866656098
0.426387866656098
0.426387866656098
0.426387866656098
0.426387866656098
0.426387866656098
0.426387866656098
0.426387866656098
0.426387866656098
0.426387866656098
0.426387866656098
0.426387866656098
0.424388905425674
0.424319009986912
0.426405667151732
0.426405667151732
0.426405667151732
0.426405667151732
0.426405667151732
0.426381996700796
0.426342009999708
0.426256178321629
0.426351339971658
0.426353361476985
0.426337407459986
0.425671942649627
0.425673963696113
0.425718241063178
0.425806511127126
0.425808530324319
0.425808530324319
0.425808530324319
0.425808530324319
0.425808530324319
0.425808530324319
0.425808530324319
0.425808530324319
0.425808530324319
0.425808530324319