0.291949335264684
0.29198927530702
0.29198927530702
0.291358999416756
0.2862132567765
0.276399333622595
0.276438815270156
0.276496136340266
0.276570027811496
0.276570027811496
0.276575181229542
0.276529055705447
0.208671908740088
0.208031344007486
0.272041493225677
0.200766712091622
0.200967766742005
0.200715231057985
0.200620194647279
0.205396868306384
0.250947434200616
0.250858520534517
0.249527003115439
0.249738449220106
0.249737560845601
0.261940643516446
0.269635425849882
0.265900556205469
0.267191953805205
0.265401736752371
0.265586578099428
0.266129507799483
0.265591776558431
0.265591776558431
0.265813985392618
0.265537708673135
0.264344628762835
0.264680751447615
0.26508110336187
0.26544515415094
0.265580018371712
0.260070667558237
0.26110360660295
0.261720288282481
0.276817034745716
0.266870008425952
0.266949231623409
0.259634985974614
0.266734721957016
0.265213673907683
0.264927368475866
0.263746946276581
0.274002327266463
0.274042973242064
0.274042973242064
0.274886247807271
0.274886247807271
0.274886247807271
0.274886247807271
0.274886247807271
0.274886247807271
0.274886247807271
0.274886247807271
0.274886247807271
0.274886247807271
0.274886247807271
0.274886247807271
0.274886247807271
0.274886247807271
0.274142037582503
0.274077625539702
0.274850999565784
0.274850999565784
0.274850999565784
0.274850999565784
0.274850999565784
0.274891645541386
0.274909071483716
0.274954286388397
0.27490294015254
0.274901323312032
0.274915180456049
0.275561367357871
0.275560601504596
0.275526682002858
0.27543918888548
0.275437293553576
0.275437293553576
0.275437293553576
0.275437293553576
0.275437293553576
0.275437293553576
0.275437293553576
0.275437293553576
0.275437293553576
0.275437293553576