0.259578544061303
0.259578544061303
0.259578544061303
0.259578544061303
0.259578544061303
0.259578544061303
0.259578544061303
0.259578544061303
0.259578544061303
0.259578544061303
0.259578544061303
0.259578544061303
0.259578544061303
0.259578544061303
0.259578544061303
0.259578544061303
0.259578544061303
0.259578544061303
0.259578544061303
0.259578544061303
0.259578544061303
0.259578544061303
0.259578544061303
0.259578544061303
0.259578544061303
0.259578544061303
0.259578544061303
0.259578544061303
0.259578544061303
0.259578544061303
0.259578544061303
0.259578544061303
0.259578544061303
0.259578544061303
0.259578544061303
0.259578544061303
0.259578544061303
0.259578544061303
0.259578544061303
0.259578544061303
0.259578544061303
0.259578544061303
0.259578544061303
0.259578544061303
0.259578544061303
0.259578544061303
0.259578544061303
0.259578544061303
0.259578544061303
0.259578544061303
0.259578544061303
0.259578544061303
0.259578544061303
0.259578544061303
0.259578544061303
0.259578544061303
0.259578544061303
0.261494252873563
0.259578544061303
0.259578544061303
0.259578544061303
0.261494252873563
0.259578544061303
0.259578544061303
0.259578544061303
0.259578544061303
0.259578544061303
0.259578544061303
0.259578544061303
0.259578544061303
0.259578544061303
0.259578544061303
0.259578544061303
0.259578544061303
0.259578544061303
0.259578544061303
0.259578544061303
0.259578544061303
0.259578544061303
0.259578544061303
0.259578544061303
0.259578544061303
0.259578544061303
0.259578544061303
0.259578544061303
0.259578544061303
0.259578544061303
0.259578544061303
0.259578544061303
0.259578544061303
0.259578544061303
0.259578544061303
0.259578544061303
0.259578544061303
0.259578544061303
0.259578544061303
