0.44571397514942
0.444642883784097
0.444622099476269
0.444548507789247
0.444534932123811
0.444810945668199
0.443613436108359
0.465254990086229
0.472199169824217
0.441535082580789
0.521198029314241
0.450662804683153
0.450309318938979
0.444618187718096
0.446080395650006
0.443773282547473
0.447180508656794
0.442265989010068
0.442504500572676
0.453705384868794
0.514450002157002
0.443477181964511
0.443410575328415
0.44279528222112
0.442714576885655
0.441901517096483
0.438258079463583
0.437023192281162
0.451671926990016
0.444858766008935
0.433260152998669
0.434329608826601
0.504624317675854
0.51982821570254
0.449778184055779
0.431373469510453
0.498819524109465
0.428778709634647
0.427765761171923
0.427494230691565
0.427133147201083
0.427222587866142
0.427367250024154
0.430565743527158
0.432313113257829
0.427132554456135
0.426178829377237
0.426505046492121
0.436490043131582
0.469837485543013
0.437123453176996
0.430248222210607
0.423150624402917
0.422094017837744
0.421090388117583
0.421181902554313
0.421069525596787
0.420826763178543
0.419644603384594
0.417347460544525
0.418437724142448
0.418260041721088
0.414777678940478
0.414642102448805
0.414671927233394
0.410064725850936
0.409395098209954
0.410089531171708
0.409778232664394
0.405812439723093
0.405164761070025
0.404843293989234
0.40867488044739
0.401267826044336
0.402111398188956
0.401962989569923
0.401829320731577
0.401804281375414
0.401760324223837
0.400130691690812
0.400079534577348
0.399719423052904
0.39852485875788
0.401367407708119
0.401344876093473
0.401346943183549
0.398224627751713
0.397139857776354
0.397778842591034
0.397782606736024
0.397809408620777
0.397809408620777
0.397809408620777
0.397800489050867
0.397715271171243
0.398459828278417
