0.121326441038357
0.120160234702735
0.120163612484315
0.120160097050618
0.120160099493089
0.122940546926871
0.136000281911274
0.132171750204735
0.135468458095774
0.118675793458866
0.137901801324776
0.118601645953099
0.118595255342722
0.118644957127289
0.118844629201197
0.118608091466757
0.118436565296098
0.118430493164891
0.118430420236106
0.124490442162253
0.147381908893381
0.118263117570377
0.118425452987598
0.1183544365176
0.118363750125529
0.118359875289744
0.117808090736856
0.117620765241242
0.117774693767825
0.117804389402007
0.117032330613547
0.119018712198639
0.142463291534614
0.148090449022122
0.123713988142369
0.118287407475613
0.148680449261124
0.117355644945906
0.117297805248568
0.117227171911092
0.117116535002074
0.117082344759718
0.117230133890048
0.117221315454941
0.119339653153657
0.115927753930324
0.115926234420989
0.116337383016832
0.121866671890406
0.134212348299076
0.122581853898859
0.114721935328806
0.114675048586914
0.11446285372928
0.113943111801691
0.113979307123364
0.113923625272785
0.113946361355053
0.113915723303498
0.113533021403747
0.114618437062431
0.114607466156864
0.114058204509013
0.114595137675146
0.114542182320256
0.113917549633942
0.113895262439517
0.114037981058398
0.113983131939253
0.112627411612312
0.112789719918679
0.11278321505135
0.113133423862672
0.113359510205345
0.113462198739915
0.109662686566572
0.10965988100502
0.109683551873351
0.109659642757525
0.109420773301132
0.109429915227518
0.109398325523338
0.109093398571658
0.102085483127155
0.102085444105459
0.102085367941243
0.101828857791701
0.101587559693619
0.101684831341749
0.0947535433922646
0.101694282999929
0.101694282999929
0.101694296488164
0.101686217309325
0.101595377510963
0.10245131957217
