0.00550201958426941
0.00550201958426941
0.00550201958426941
0.0055019678658063
0.00550191695269152
0.00550191695269152
0.00550186682625934
0.00550181746841645
0.00608506256902226
0.00552298203951875
0.00609449407940256
0.00552284201009506
0.00552279670519735
0.00552269172806579
0.00545813086713829
0.00549246409390072
0.00551918630063288
0.00551918630063288
0.00551914529783514
0.00551910486427364
0.00604757281526218
0.00551567317007786
0.00551567317007786
0.00551563534878077
0.00551563534878077
0.00551563534878077
0.00558099013336969
0.00560500374102828
0.00560502845786591
0.00558099471135295
0.00565257468368895
0.00565802376158279
0.00617995730237065
0.00617995730237065
0.00567794516131615
0.00567794069870833
0.00621385759710495
0.00571389156218885
0.00571389156218885
0.00571389156218885
0.00571389156218885
0.00571389156218885
0.00571389156218885
0.00571389156218885
0.00288940432248319
0.00571389156218885
0.00571389156218885
0.00571389156218885
0.00571389156218885
0.00571389156218885
0.00571389156218885
0.00573708571631725
0.00573708571631725
0.00575660152995009
0.00575660152995009
0.00575660152995009
0.00575660152995009
0.00575660152995009
0.00577217057868121
0.00583347840440051
0.00583347840440051
0.00583347732329556
0.00589379897354559
0.00589377562831893
0.00588673080899843
0.00594215401810136
0.00598696520890303
0.00594552796777166
0.00597044623537342
0.00602793556600325
0.00651212259946661
0.00651212259946661
0.00756854570246609
0.0075944736789962
0.00759552306835358
0.00759552306835358
0.00759552306835358
0.00759552306835358
0.00759552306835358
0.00761568720607985
0.00761566792515466
0.00761566792515466
0.00763333230792734
0.00763333230792734
0.00763333230792734
0.00763333230792734
0.00764946837215311
0.00769013281572469
0.00767646673820676
0.00767646673820676
0.00767646673820676
0.00767646673820676
0.00767646673820676
0.00767646673820676
0.00767646673820676
0.00767646673820676
