8.39546805677094e-05
8.39606013083001e-05
8.39606013083001e-05
8.37406034330464e-05
8.37406034330464e-05
8.36653345958518e-05
8.36414140621382e-05
8.36414140621382e-05
8.71629179946613e-05
8.30815809123938e-05
9.37000944640918e-05
8.29777947646208e-05
8.29777947646208e-05
8.22349215106511e-05
8.1834313104247e-05
8.14076768547998e-05
8.1770104038229e-05
8.17680495180168e-05
8.16966609199241e-05
8.16753926515408e-05
8.550722981979e-05
8.45240734590084e-05
8.45324295192186e-05
8.45324295192186e-05
8.45311408635764e-05
8.44579297394057e-05
8.39451881825529e-05
8.36912771755222e-05
8.39451881825529e-05
8.39288600027642e-05
8.28976442374491e-05
8.29694473902278e-05
8.27271502642949e-05
8.26730439808937e-05
8.26556545510587e-05
8.2585642526309e-05
8.20535175114168e-05
8.20535175114168e-05
7.981464474389e-05
7.85587869787701e-05
7.85587869787701e-05
7.85634711003475e-05
7.85634711003475e-05
7.85577528599594e-05
7.85532186841085e-05
7.85375769091936e-05
7.8531908649746e-05
7.85307351623009e-05
7.85354350288247e-05
7.85442899933606e-05
7.85537972055838e-05
7.83229164347683e-05
7.83214890516278e-05
7.80885845904626e-05
7.80022792602083e-05
7.80056071302882e-05
7.79956478802198e-05
7.79672666537995e-05
7.78241155793756e-05
7.73228548814023e-05
7.73455952273288e-05
7.73354279629169e-05
7.66480987830258e-05
7.60579883484825e-05
7.57129297805455e-05
7.48132847618764e-05
7.47227322452263e-05
7.49376460990614e-05
7.48729398161725e-05
7.42095064204763e-05
7.40886360172818e-05
7.40528319668005e-05
0.000294310311264621
0.000253951384172654
0.000254450388099311
0.000222098805736534
0.000222007394632461
0.000222007679762188
0.000222004887367703
0.000221081938633181
0.000221081938633181
0.000220785622906564
0.000220100056276587
0.000220083358031356
0.000220083358031356
0.000220083358031356
0.000217953374785244
0.000217419125779815
0.000217904276688892
0.000217904276688892
0.000217903381034566
0.000217903381034566
0.000217903381034566
0.000217904276688892
0.000217893571989231
0.000217893571989231
