0.173067582774897
0.178182531973082
0.175047929548405
0.173450038106184
0.173501952167602
0.171904237054207
0.15946780122985
0.173735939148095
0.186637735103036
0.174924319286295
0.218651350947112
0.180189894353401
0.180274478698492
0.174525579044135
0.173605582293401
0.175215614385135
0.181979518644443
0.17630559806015
0.176301326068253
0.181026345370073
0.213220906410363
0.176707952077852
0.176601517778361
0.177012024710558
0.177010416025548
0.177363230056953
0.18063911924199
0.18155884824115
0.190901676927077
0.185421634476007
0.188757732941246
0.185653025678616
0.232290558522403
0.237897133925158
0.196436630764449
0.18692262809515
0.228530456639639
0.188642533736314
0.18886020212882
0.189044647865016
0.189158816289445
0.189181454502644
0.189029234981456
0.189154396802428
0.189049678193895
0.190762743675763
0.189324699202812
0.189355473192873
0.194568784727371
0.216519770481244
0.193843504734608
0.195380576798233
0.191308053275046
0.192066779901806
0.192163113051427
0.192112770945863
0.192174166283922
0.192229262077791
0.192904894609354
0.194850829441877
0.194244338410359
0.194261731667856
0.196662209399165
0.19675126904267
0.196769254551268
0.200073845628794
0.200458783591726
0.199778306734859
0.200100019113613
0.202794718031491
0.203345814365475
0.20341419432873
0.201325307181619
0.207471149204906
0.206848965539948
0.2069073498871
0.206991427005374
0.206985787056447
0.207044374127614
0.208150791012383
0.208196361328132
0.20835159712784
0.209357356877684
0.20935582976119
0.209374112698539
0.209395009066233
0.211515709227127
0.21240132469477
0.211836484643346
0.211837184578772
0.211833003548988
0.211833003548988
0.211833041132362
0.211834479120192
0.211884445081334
0.211603949686826
