0.000101805538937648
0.000101805538937648
0.000101805538937648
0.000101805538937648
0.000101805538937648
0.000101805538937648
0.000101805538937648
0.000101805538937648
0.000101805538937648
0.000101805538937648
0.000101805538937648
0.000101805538937648
0.000101805538937648
0.000101805538937648
0.000101805538937648
0.000101805538937648
0.000101805538937648
0.000101805538937648
0.000101805538937648
0.000101805538937648
0.000101805538937648
0.000101805538937648
0.000101805538937648
0.000101805538937648
0.000101805538937648
0.000101805538937648
0.000101805538937648
0.000101805538937648
0.00010179904324432
0.00010179904324432
0.00010179904324432
0.00010179904324432
0.000101788671377938
0.000101788671377938
0.000101788671377938
0.000101788671377938
0.000101788671377938
0.000103691584738292
0.000103691584738292
0.000103691584738292
0.000103691584738292
0.000103691584738292
0.000103691584738292
0.000103691584738292
0.000103691584738292
0.000103691584738292
0.000103691584738292
0.000103691584738292
0.000103666866058703
0.000103666866058703
0.000103646459553519
0.000103646459553519
0.000103606301421815
0.000103606301421815
0.000103547841379127
0.000100692493842512
0.000100692168001183
0.000100692168001183
0.000100692168001183
0.000100692168001183
0.000100692168001183
0.0001016435432001
0.0001016435432001
0.0001016435432001
0.0001016435432001
0.0001016435432001
0.0001016435432001
0.0001016435432001
0.000101643217358771
0.000101643217358771
0.000101643217358771
0.000101643217358771
0.000101643217358771
0.000101604886193179
0.000101604886193179
0.000101604886193179
0.000101604886193179
0.000101604886193179
0.000101604886193179
0.000101602311745295
0.000101602311745295
0.000101602311745295
0.000101597183808397
0.000101597183808397
0.000101597183808397
0.000101597183808397
0.000101597183808397
0.000101597183808397
0.000101597183808397
0.000101597183808397
0.00010161091274384
0.00010161091274384
0.00010161091274384
0.00010161091274384
0.00010161091274384
0.00010161091274384
