0.00137010030855376
0.00137010030855376
0.00137010030855376
0.00137010030855376
0.00137010030855376
0.00137010030855376
0.00137010030855376
0.00137010030855376
0.00137010030855376
0.00137010030855376
0.00137010030855376
0.00137010030855376
0.00137010422032426
0.00137010422032426
0.00137010422032426
0.00137010030855376
0.00137010030855376
0.00137010030855376
0.00137010030855376
0.00137010030855376
0.00137010030855376
0.00137010030855376
0.00137010030855376
0.00137010030855376
0.00137010030855376
0.00137010030855376
0.00137010030855376
0.00137010030855376
0.00137009770093011
0.00137009770093011
0.00137009770093011
0.00137009770093011
0.00137009770093011
0.00137009770093011
0.00137009770093011
0.00137009770093011
0.00137009770093011
0.00137009770093011
0.00137009770093011
0.00137013161277348
0.00137010943557157
0.00137010943557157
0.00137010291617741
0.00137010291617741
0.00137009770093011
0.00137009770093011
0.00137009770093011
0.00137009770093011
0.00137009761945539
0.00137009761945539
0.00137009761945539
0.00137009761945539
0.00137009761945539
0.00137009761945539
0.00136996128145361
0.00136994173108547
0.00136993912435484
0.00136993912435484
0.00136993912435484
0.00136993912435484
0.00136993912435484
0.00136993912435484
0.00136993912435484
0.00136993912435484
0.00136993912435484
0.00136993912435484
0.00136993912435484
0.00136993912435484
0.00136993651762421
0.00136993651762421
0.00136993651762421
0.00136993651762421
0.00136993651762421
0.00136993651762421
0.00136993651762421
0.00136993651762421
0.00136993651762421
0.00136993651762421
0.00136993651762421
0.00136993651762421
0.00136993651762421
0.00136993651762421
0.00136993651762421
0.00136993651762421
0.00136993651762421
0.00136993651762421
0.00136993651762421
0.00136993651762421
0.00136993651762421
0.00136993651762421
0.00137012377716663
0.00137012377716663
0.00137012377716663
0.00137012377716663
0.00137012377716663
0.00137012377716663
