0.000685048809727693
0.000685048809727693
0.000685048809727693
0.000685048809727693
0.000685048809727693
0.000685048809727693
0.000685048809727693
0.000685048809727693
0.000685048809727693
0.000685048809727693
0.000685048809727693
0.000685048809727693
0.000685048850465053
0.000685048850465053
0.000685048850465053
0.000685048809727693
0.000685048809727693
0.000685048809727693
0.000685048809727693
0.000685048809727693
0.000685048809727693
0.000685048809727693
0.000685048809727693
0.000685048809727693
0.000685048809727693
0.000685048809727693
0.000685048809727693
0.000685048809727693
0.000685048809727693
0.000685048809727693
0.000685048809727693
0.000685048809727693
0.000685048809727693
0.000685048809727693
0.000685048809727693
0.000685048809727693
0.000685048809727693
0.000685048809727693
0.000685048809727693
0.000685060588458073
0.000685052761900531
0.000685052761900531
0.000685050154276879
0.000685050154276879
0.000685048809727693
0.000685048809727693
0.000685048809727693
0.000685048809727693
0.000685048809727693
0.000685048809727693
0.000685048809727693
0.000685048809727693
0.000685048809727693
0.000685048809727693
0.000684979337361487
0.000684969562177422
0.000684968258812107
0.000684968258812107
0.000684968258812107
0.000684968258812107
0.000684968258812107
0.000684968258812107
0.000684968258812107
0.000684968258812107
0.000684968258812107
0.000684968258812107
0.000684968258812107
0.000684968258812107
0.000684966955446791
0.000684966955446791
0.000684966955446791
0.000684966955446791
0.000684966955446791
0.000684966955446791
0.000684966955446791
0.000684966955446791
0.000684966955446791
0.000684966955446791
0.000684966955446791
0.000684966955446791
0.000684966955446791
0.000684966955446791
0.000684966955446791
0.000684966955446791
0.000684966955446791
0.000684966955446791
0.000684966955446791
0.000684966955446791
0.000684966955446791
0.000684966955446791
0.000685060584771489
0.000685060584771489
0.000685060584771489
0.000685060584771489
0.000685060584771489
0.000685060584771489
