0.00620147575450029
0.00620147575450029
0.00620147575450029
0.00620147575450029
0.00620147575450029
0.00620147575450029
0.00620147575450029
0.00620147575450029
0.00620145715716165
0.00620145715716165
0.00620145715716165
0.00620145715716165
0.00620146432935523
0.00620146432935523
0.00620146432935523
0.00620145715716165
0.00620145715716165
0.00618623385027881
0.00618623385027881
0.00618625864930341
0.00618625864930341
0.00618625864930341
0.00618625864930341
0.00618564820941471
0.00616281324909046
0.00616281324909046
0.00616281324909046
0.00616281324909046
0.00616250998993844
0.00616251619419941
0.00617012784764083
0.00615110332384474
0.00616205362781762
0.00616205362781762
0.0045703751538639
0.00398814322445069
0.00607641241018192
0.00605548036321801
0.00605548036321801
0.00608043439827436
0.00607844882463845
0.00607849970773776
0.00607836049442984
0.00607836049442984
0.00607836049442984
0.00607836049442984
0.00607836049442984
0.00607836049442984
0.00539373261197966
0.00607395803641581
0.0061003047697642
0.00610028128058984
0.0060997025807344
0.00609969671151488
0.00594979118796515
0.00591724774904072
0.00594990638111953
0.00595180896863855
0.00595183244797589
0.00595183244797589
0.00595183244797589
0.00596134782959027
0.00597561894679644
0.00603745670719366
0.00606790006271347
0.00606790006271347
0.00606790006271347
0.00606792356173175
0.00606791312944926
0.00606791312944926
0.00606791312944926
0.00606791312944926
0.00606791312944926
0.00606735964009258
0.00618338984577775
0.00607811196069569
0.00607491714505064
0.00607491714505064
0.00606730679497454
0.00606719351926765
0.00606719351926765
0.00606719351926765
0.00606696789004415
0.00606696789004415
0.00606696789004415
0.00618302746642595
0.00606950496302305
0.00605935753996805
0.00608409117771538
0.00608599398244956
0.00609257838096366
0.00609258620115555
0.00609258620115555
0.00609258620115555
0.00609258620115555
0.00609258620115555
