0.00034252507713844
0.00034252507713844
0.00034252507713844
0.00034252507713844
0.00034252507713844
0.00034252507713844
0.00034252507713844
0.00034252507713844
0.00034252507713844
0.00034252507713844
0.00034252507713844
0.00034252507713844
0.000342526055081066
0.000342526055081066
0.000342526055081066
0.00034252507713844
0.00034252507713844
0.00034252507713844
0.00034252507713844
0.00034252507713844
0.00034252507713844
0.00034252507713844
0.00034252507713844
0.00034252507713844
0.00034252507713844
0.00034252507713844
0.00034252507713844
0.00034252507713844
0.000342524425232526
0.000342524425232526
0.000342524425232526
0.000342524425232526
0.000342524425232526
0.000342524425232526
0.000342524425232526
0.000342524425232526
0.000342524425232526
0.000342524425232526
0.000342524425232526
0.000342532903193369
0.000342527358892892
0.000342527358892892
0.000342525729044353
0.000342525729044353
0.000342524425232526
0.000342524425232526
0.000342524425232526
0.000342524425232526
0.000342524404863847
0.000342524404863847
0.000342524404863847
0.000342524404863847
0.000342524404863847
0.000342524404863847
0.000342490320363401
0.000342485432771369
0.000342484781088711
0.000342484781088711
0.000342484781088711
0.000342484781088711
0.000342484781088711
0.000342484781088711
0.000342484781088711
0.000342484781088711
0.000342484781088711
0.000342484781088711
0.000342484781088711
0.000342484781088711
0.000342484129406053
0.000342484129406053
0.000342484129406053
0.000342484129406053
0.000342484129406053
0.000342484129406053
0.000342484129406053
0.000342484129406053
0.000342484129406053
0.000342484129406053
0.000342484129406053
0.000342484129406053
0.000342484129406053
0.000342484129406053
0.000342484129406053
0.000342484129406053
0.000342484129406053
0.000342484129406053
0.000342484129406053
0.000342484129406053
0.000342484129406053
0.000342484129406053
0.000342530944291657
0.000342530944291657
0.000342530944291657
0.000342530944291657
0.000342530944291657
0.000342530944291657
