2.28349603242564e-05
2.28349603242564e-05
2.28349603242564e-05
2.28349603242564e-05
2.28349603242564e-05
2.28349603242564e-05
2.28349603242564e-05
2.28349603242564e-05
1.52233068828376e-05
1.52233068828376e-05
1.52233068828376e-05
1.52233068828376e-05
1.52233068828376e-05
1.52233068828376e-05
1.52233068828376e-05
1.52233068828376e-05
1.52233068828376e-05
1.52233068828376e-05
1.52233068828376e-05
2.28349603242564e-05
1.52233068828376e-05
1.52233068828376e-05
1.52233068828376e-05
1.52233068828376e-05
1.52233068828376e-05
1.52233068828376e-05
1.52233068828376e-05
1.52233068828376e-05
1.52233068828376e-05
1.52233068828376e-05
1.52233068828376e-05
1.52233068828376e-05
1.52233068828376e-05
1.52233068828376e-05
1.52233068828376e-05
1.52233068828376e-05
1.52233068828376e-05
1.52233068828376e-05
1.52233068828376e-05
1.52233068828376e-05
1.52233068828376e-05
1.52233068828376e-05
1.52233068828376e-05
1.52233068828376e-05
1.52233068828376e-05
1.52233068828376e-05
1.52233068828376e-05
1.52233068828376e-05
1.52233068828376e-05
1.52233068828376e-05
1.52233068828376e-05
1.52233068828376e-05
1.52233068828376e-05
1.52233068828376e-05
1.52272214461882e-05
2.09284627092846e-05
2.09284627092846e-05
2.09284627092846e-05
2.09284627092846e-05
2.09284627092846e-05
2.09284627092846e-05
2.09284627092846e-05
2.09284627092846e-05
2.85388127853881e-05
1.5220700152207e-05
1.5220700152207e-05
1.5220700152207e-05
1.5220700152207e-05
1.5220700152207e-05
1.5220700152207e-05
1.5220700152207e-05
1.5220700152207e-05
1.5220700152207e-05
1.5220700152207e-05
1.5220700152207e-05
1.5220700152207e-05
1.5220700152207e-05
1.5220700152207e-05
1.5220700152207e-05
1.5220700152207e-05
1.5220700152207e-05
1.5220700152207e-05
1.5220700152207e-05
1.5220700152207e-05
1.5220700152207e-05
1.5220700152207e-05
1.5220700152207e-05
1.5220700152207e-05
1.5220700152207e-05
1.5220700152207e-05
1.52233068828376e-05
1.52233068828376e-05
1.52233068828376e-05
1.52233068828376e-05
1.52233068828376e-05
1.52233068828376e-05
