0.00340632324385513
0.00340632324385513
0.00340632324385513
0.00340632324385513
0.00340632324385513
0.00340632324385513
0.00340632324385513
0.00340632324385513
0.00340629386700663
0.00340629386700663
0.00340629386700663
0.00340629386700663
0.0034063069073586
0.0034063069073586
0.0034063069073586
0.00340629386700663
0.00340629386700663
0.00340629386700663
0.00340629386700663
0.00340633304173573
0.00406871925652292
0.00407633090996434
0.00407633090996434
0.00407529683189753
0.00407529683189753
0.00407529683189753
0.00407529683189753
0.00407529683189753
0.0040747822752297
0.00407479452958468
0.00407479452958468
0.00407481033463882
0.00407452297857014
0.00407452297857014
0.00407451072771809
0.00407451072771809
0.00407451072771809
0.00407451072771809
0.00407451072771809
0.00404322158852243
0.00404416266930364
0.00404433712564415
0.00407088275572906
0.00407088275572906
0.00407467293670786
0.00407467293670786
0.00407467293670786
0.00407467293670786
0.00407365678405409
0.00353583930991503
0.00341213493326966
0.00341209576973177
0.00341121133268648
0.00341120154879167
0.00340985609545524
0.00340981295561383
0.00340980643878725
0.00340980643878725
0.00340984557995824
0.00340984557995824
0.00340984557995824
0.00340984557995824
0.00340984557995824
0.00340984557995824
0.00340984557995824
0.00340984557995824
0.00340984557995824
0.00340988476588373
0.0034098586851775
0.0034098586851775
0.00340130355816846
0.00340130355816846
0.00340130355816846
0.00340045965584693
0.0034004106804362
0.0034004106804362
0.0034003715504409
0.0034003715504409
0.0034003715504409
0.00340032006148322
0.00340032006148322
0.00340032006148322
0.00340021750274527
0.00340021750274527
0.00340021750274527
0.00340021750274527
0.00340021750274527
0.00340021750274527
0.00340021750274527
0.00340021750274527
0.00340066423389828
0.00340067075072486
0.00340067075072486
0.00340067075072486
0.00340067075072486
0.00340067075072486
