0.000685048809727693
0.000685048809727693
0.000685048809727693
0.000685048809727693
0.000685048809727693
0.000685048809727693
0.000685048809727693
0.000685048809727693
0.000685050154276879
0.000685050154276879
0.000685050154276879
0.000685050154276879
0.000685052110162132
0.000685052110162132
0.000685052110162132
0.000685050154276879
0.000685050154276879
0.000685050154276879
0.000685050154276879
0.000685050154276879
0.000685050154276879
0.000685050154276879
0.000685050154276879
0.000685050154276879
0.000685050154276879
0.000685050154276879
0.000685050154276879
0.000685050154276879
0.000685048850465053
0.000685048850465053
0.000685048850465053
0.000685048850465053
0.000685048850465053
0.000685048850465053
0.000685048850465053
0.000685048850465053
0.000685048850465053
0.000685048850465053
0.000685048850465053
0.000685065806386739
0.000685054717785784
0.000685054717785784
0.000685051458088705
0.000685051458088705
0.000685048850465053
0.000685048850465053
0.000685048850465053
0.000685048850465053
0.000685048809727693
0.000685048809727693
0.000685048809727693
0.000685048809727693
0.000685048809727693
0.000685048809727693
0.000684980640726803
0.000684970865542737
0.000684969562177422
0.000684969562177422
0.000684969562177422
0.000684969562177422
0.000684969562177422
0.000684969562177422
0.000684969562177422
0.000684969562177422
0.000684969562177422
0.000684969562177422
0.000684969562177422
0.000684969562177422
0.000684968258812107
0.000684968258812107
0.000684968258812107
0.000684968258812107
0.000684968258812107
0.000684968258812107
0.000684968258812107
0.000684968258812107
0.000684968258812107
0.000684968258812107
0.000684968258812107
0.000684968258812107
0.000684968258812107
0.000684968258812107
0.000684968258812107
0.000684968258812107
0.000684968258812107
0.000684968258812107
0.000684968258812107
0.000684968258812107
0.000684968258812107
0.000684968258812107
0.000685061888583315
0.000685061888583315
0.000685061888583315
0.000685061888583315
0.000685061888583315
0.000685061888583315
