0.0322862920316261
0.0323034299922088
0.0322958183387673
0.0323148474723709
0.0323595671587675
0.0322958183387673
0.0323034299922088
0.0323034299922088
0.0322955785130553
0.0322955785130553
0.0322984332091047
0.0322955785130553
0.0322956208941992
0.0323146500278028
0.032310844201082
0.0323108018199382
0.0322946273823839
0.0312276422018975
0.0318384871708353
0.0312926610591233
0.0313540796313589
0.0312697144893482
0.0313312446710347
0.0314722746828173
0.0329273135454895
0.0329273135454895
0.0329339744760848
0.0340415691508215
0.0325503727699567
0.0326893732843567
0.03271315888592
0.0326580290576153
0.0316025796681335
0.0319752351753847
0.0328445758722909
0.0326242240930039
0.0323190231189362
0.0323180710100149
0.0323180710100149
0.0323471176598474
0.0324421225550459
0.0325261426199213
0.0325181649866028
0.032508650419801
0.0327451401437261
0.0325076174748817
0.0325066654475395
0.0325142771009809
0.0324893874475183
0.0324501588457972
0.0323759965726873
0.0324313533814406
0.0323723448061395
0.0324269907357648
0.0323300135177591
0.0323892709258034
0.0323666815477318
0.0323581198224428
0.0323584423486678
0.0323584423486678
0.0323584423486678
0.0323584423486678
0.0323584423486678
0.0323238276435679
0.0323584423486678
0.0323584423486678
0.0323584423486678
0.0323587651605221
0.0323584978332833
0.0323584978332833
0.0323584978332833
0.0323584978332833
0.0323565952457643
0.0323457594454366
0.0324880559085249
0.0323244307751581
0.0323716938634344
0.03234125246313
0.03234125246313
0.032371436418646
0.032371436418646
0.0323600039497827
0.0323594911560929
0.0323594911560929
0.0323594911560929
0.0324717464264461
0.0323899325563974
0.0323899325563974
0.0324831593448296
0.0326375161163349
0.0327181002387625
0.0324607807503496
0.0324777442787635
0.0319184463819588
0.0319965657889802
0.0319430256245038
