0.000171262212616263
0.000171262212616263
0.000171262212616263
0.000171262212616263
0.000171262212616263
0.000171262212616263
0.000171262212616263
0.000171262212616263
0.000171262212616263
0.000171262212616263
0.000171262212616263
0.000171262212616263
0.00017126253856922
0.00017126253856922
0.00017126253856922
0.000171262212616263
0.000171262212616263
0.000171262212616263
0.000171262212616263
0.000171262212616263
0.000171262212616263
0.000171262212616263
0.000171262212616263
0.000171262212616263
0.000171262212616263
0.000171262212616263
0.000171262212616263
0.000171262212616263
0.000171262202431923
0.000171262202431923
0.000171262202431923
0.000171262202431923
0.000171262202431923
0.000171262202431923
0.000171262202431923
0.000171262202431923
0.000171262202431923
0.000171262202431923
0.000171262202431923
0.000171265147114518
0.000171263190475133
0.000171263190475133
0.00017126253856922
0.00017126253856922
0.000171262202431923
0.000171262202431923
0.000171262202431923
0.000171262202431923
0.000171262202431923
0.000171262202431923
0.000171262202431923
0.000171262202431923
0.000171262202431923
0.000171262202431923
0.000171244834340372
0.000171242390544355
0.000171242064703027
0.000171242064703027
0.000171242064703027
0.000171242064703027
0.000171242064703027
0.000171242064703027
0.000171242064703027
0.000171242064703027
0.000171242064703027
0.000171242064703027
0.000171242064703027
0.000171242064703027
0.000171241738861698
0.000171241738861698
0.000171241738861698
0.000171241738861698
0.000171241738861698
0.000171241738861698
0.000171241738861698
0.000171241738861698
0.000171241738861698
0.000171241738861698
0.000171241738861698
0.000171241738861698
0.000171241738861698
0.000171241738861698
0.000171241738861698
0.000171241738861698
0.000171241738861698
0.000171241738861698
0.000171241738861698
0.000171241738861698
0.000171241738861698
0.000171241738861698
0.000171265146192872
0.000171265146192872
0.000171265146192872
0.000171265146192872
0.000171265146192872
0.000171265146192872
