0.000342524425232526
0.000342524425232526
0.000342524425232526
0.000342524425232526
0.000342524425232526
0.000342524425232526
0.000342524425232526
0.000342524425232526
0.000342524425232526
0.000342524425232526
0.000342524425232526
0.000342524425232526
0.00034252507713844
0.00034252507713844
0.00034252507713844
0.000342524425232526
0.000342524425232526
0.000342524425232526
0.000342524425232526
0.000342524425232526
0.000342524425232526
0.000342524425232526
0.000342524425232526
0.000342524425232526
0.000342524425232526
0.000342524425232526
0.000342524425232526
0.000342524425232526
0.000342524404863847
0.000342524404863847
0.000342524404863847
0.000342524404863847
0.000342524404863847
0.000342524404863847
0.000342524404863847
0.000342524404863847
0.000342524404863847
0.000342524404863847
0.000342524404863847
0.000342530294229037
0.000342526380950266
0.000342526380950266
0.00034252507713844
0.00034252507713844
0.000342524404863847
0.000342524404863847
0.000342524404863847
0.000342524404863847
0.000342524404863847
0.000342524404863847
0.000342524404863847
0.000342524404863847
0.000342524404863847
0.000342524404863847
0.000342489668680744
0.000342484781088711
0.000342484129406053
0.000342484129406053
0.000342484129406053
0.000342484129406053
0.000342484129406053
0.000342484129406053
0.000342484129406053
0.000342484129406053
0.000342484129406053
0.000342484129406053
0.000342484129406053
0.000342484129406053
0.000342483477723396
0.000342483477723396
0.000342483477723396
0.000342483477723396
0.000342483477723396
0.000342483477723396
0.000342483477723396
0.000342483477723396
0.000342483477723396
0.000342483477723396
0.000342483477723396
0.000342483477723396
0.000342483477723396
0.000342483477723396
0.000342483477723396
0.000342483477723396
0.000342483477723396
0.000342483477723396
0.000342483477723396
0.000342483477723396
0.000342483477723396
0.000342483477723396
0.000342530292385744
0.000342530292385744
0.000342530292385744
0.000342530292385744
0.000342530292385744
0.000342530292385744
