0.00026830915572022
0.00026830915572022
0.00026830915572022
0.00026830915572022
0.00026830915572022
0.00026830915572022
0.00026830915572022
0.00026830915572022
0.00026830915572022
0.00026830915572022
0.00026830915572022
0.00026830915572022
0.00026830915572022
0.00026830915572022
0.00026830915572022
0.00026830915572022
0.00026830915572022
0.000266406242359865
0.000266406242359865
0.000266406242359865
0.000266406242359865
0.000266406242359865
0.000266406242359865
0.000266406242359865
0.000266406242359865
0.000266406242359865
0.000266406242359865
0.00026830915572022
0.00026830915572022
0.00026830915572022
0.00026830915572022
0.00026830915572022
0.00026830915572022
0.00026830915572022
0.00213144910490746
0.00303486477222139
0.0002768729180829
0.0002768729180829
0.0002768729180829
0.0002768729180829
0.000276876177612465
0.000276876177612465
0.00027687609603343
0.00027687609603343
0.000276872836503864
0.000276872836503864
0.000276872836503864
0.000276872836503864
0.00127839533375045
0.000302561596206605
0.00026830915572022
0.00026830915572022
0.00026830915572022
0.00026830915572022
0.000258762656021366
0.000268275593616496
0.000268275593616496
0.000268275593616496
0.000268275593616496
0.000268275593616496
0.000268275593616496
0.000268275593616496
0.000268275593616496
0.000268275593616496
0.000268275593616496
0.000268275593616496
0.000268275593616496
0.000268275593616496
0.000268275593616496
0.000268275593616496
0.000268275593616496
0.000268275593616496
0.000268275593616496
0.000268275593616496
1.9029133603547e-06
0.000260665243540392
0.000260665243540392
0.000260665243540392
0.000268275593616496
0.000268275593616496
0.000268275593616496
0.000268275593616496
0.000268275593616496
0.000268275593616496
0.000268275593616496
1.9029133603547e-06
0.000268275593616496
0.000268275593616496
0.000268275593616496
0.000268275593616496
0.000268306549101217
0.000268309481673177
0.000268309481673177
0.000268309481673177
0.000268309481673177
0.000268309481673177
