0.00240230774249269
0.00240230774249269
0.00240230774249269
0.00240230774249269
0.00240230774249269
0.00240230774249269
0.00240230774249269
0.00240230774249269
0.00240230774249269
0.00240230774249269
0.00240230774249269
0.00240230774249269
0.00240230774249269
0.00240230774249269
0.00240230774249269
0.00240230774249269
0.00240230774249269
0.00240230774249269
0.00240230774249269
0.00240230774249269
0.00240230774249269
0.00240230774249269
0.00240230774249269
0.00240183788073595
0.00240183788073595
0.00240183788073595
0.00240183788073595
0.00240183788073595
0.00240167826820811
0.00240167826820811
0.00240167826820811
0.00240168551219126
0.00240152269021237
0.00240152269021237
0.00240152269021237
0.00240152269021237
0.00240152269021237
0.00240152269021237
0.00240152269021237
0.00240155872238605
0.00240154078268176
0.00240162074183783
0.00240160264936844
0.00240160264936844
0.00240160264936844
0.00240160264936844
0.00240160264936844
0.00240160264936844
0.00240141821011565
0.00240141821011565
0.00240141821011565
0.00240141821011565
0.00240141821011565
0.00240141821011565
0.0024011737032104
0.00240113506279203
0.0024011301751721
0.0024011301751721
0.0024011301751721
0.0024011301751721
0.0024011301751721
0.0024011301751721
0.0024011301751721
0.0024011301751721
0.0024011301751721
0.0024011301751721
0.0024011301751721
0.0024011301751721
0.00240112528755217
0.00240112528755217
0.00240112528755217
0.00240112528755217
0.00240112528755217
0.00240112528755217
0.00240112528755217
0.00240112528755217
0.00240112528755217
0.00240112528755217
0.00240112528755217
0.00240108667083391
0.00240108667083391
0.00240108667083391
0.00240100975178044
0.00240100975178044
0.00240100975178044
0.00240100975178044
0.00240100975178044
0.00240100975178044
0.00240100975178044
0.00240100975178044
0.00240132902925933
0.00240132902925933
0.00240132902925933
0.00240132902925933
0.00240132902925933
0.00240132902925933
