0.000167459636302032
0.000167459636302032
0.000167459636302032
0.000167459636302032
0.000167459636302032
0.000167459636302032
0.000167459636302032
0.000167459636302032
0.000167458657689037
0.000167458657689037
0.000167458657689037
0.000167458657689037
0.000167458657689037
0.000167458657689037
0.000167458657689037
0.000167458657689037
0.000167458657689037
0.000167458657689037
0.000167458657689037
0.000167459962618173
0.000167459962618173
0.000167459962618173
0.000167459962618173
0.000167460288990243
0.000167460288990243
0.000167460288990243
0.000167460288990243
0.000167460288990243
0.000167434306216932
0.000167434632644945
0.000167434632644945
0.000167434632644945
0.000167434306216932
0.000167434306216932
0.000167433979844862
0.000167433979844862
0.000167433979844862
0.000167433979844862
0.000167433979844862
0.000167433979844862
0.000167433979844862
0.000167433979844862
0.000167433653528721
0.000167433653528721
0.000167433653528721
0.000167433653528721
0.000167433653528721
0.000167433653528721
0.000167351687814934
0.000167351687814934
0.000167311365638857
0.000167310060933292
0.00016723070281769
0.000167230376780977
0.000167136555140198
0.000167127741460535
0.000167127741460535
0.000167127741460535
0.000167129045719131
0.000167129045719131
0.000167129045719131
0.000167129045719131
0.000167129045719131
0.000167129045719131
0.000167129045719131
0.000167129045719131
0.000167129045719131
0.000167130350871896
0.000167130350871896
0.000167130350871896
0.000167130350871896
0.000167130350871896
0.000167130350871896
0.000167054305219219
0.000167052673918013
0.000167052673918013
0.000189885026841757
0.000189885026841757
0.000189885026841757
0.000189885026841757
0.000189885026841757
0.000167051369882816
0.000167051369882816
0.000167051369882816
0.000167051369882816
0.000167051369882816
0.000167051369882816
0.000167051369882816
0.000167051369882816
0.000167051369882816
0.000167076944048047
0.000167076944048047
0.000167076944048047
0.000167076944048047
0.000167076944048047
0.000167076944048047
