0.0118977873170842
0.0118977873170842
0.0119053989705256
0.0118977873170842
0.0118977873170842
0.0119244281041292
0.0119244281041292
0.0118977873170842
0.0118977552564335
0.0118977552564335
0.0118977552564335
0.0118977552564335
0.0119016347611428
0.0119149551546652
0.0119053298892066
0.0119147707780198
0.0119147707780198
0.012468518565883
0.0124688932206835
0.0124784505400275
0.0125066195856323
0.0125066195856323
0.0124990079321909
0.0124968258922157
0.0128955995335143
0.0130915996096309
0.0130915996096309
0.0125264328739373
0.011941999748818
0.0119515250125234
0.0120048065866133
0.0119991189199378
0.0118954793351261
0.011884061854964
0.0119281254358429
0.0121109950822492
0.0118726336804049
0.0118726336804049
0.0118764395071256
0.0118635656335566
0.0127884412684025
0.0128572545313795
0.0118195704761399
0.0118195704761399
0.0118499871022336
0.0118100259216661
0.0118100259216661
0.0118100259216661
0.0118408664458015
0.0118041353698475
0.011776931207177
0.0117859409096141
0.0117748703000111
0.0117839120655997
0.0118208083705302
0.0118410327861057
0.0118390357046013
0.0118390357046013
0.0118390784271182
0.0118390784271182
0.0118390784271182
0.0118466887771943
0.0118086370268137
0.0118238577269659
0.0118086370268137
0.0118086370268137
0.0118086370268137
0.0118162901394484
0.0118162901394484
0.0118162901394484
0.0118162901394484
0.0118162901394484
0.0118200953144865
0.0115860945413476
0.0115460867565088
0.0119360485896725
0.0117647586620856
0.0117952000623901
0.0117952000623901
0.0117645475573592
0.0117645475573592
0.0117645475573592
0.0117641270665336
0.0117641270665336
0.0117641270665336
0.0117546141289384
0.0114027682733039
0.0113894501606707
0.0117793477666858
0.0118021807719621
0.0118514688981344
0.0119114120559103
0.0119123544741555
0.0123233837599921
0.0123043546263886
0.0123233837599921
