0.000856312692846099
0.000856312692846099
0.000856312692846099
0.000856312692846099
0.000856312692846099
0.000856312692846099
0.000856312692846099
0.000856312692846099
0.000856312692846099
0.000856312692846099
0.000856312692846099
0.000856312692846099
0.000856315137702665
0.000856315137702665
0.000856315137702665
0.000856312692846099
0.000856312692846099
0.000856312692846099
0.000856312692846099
0.000856312692846099
0.000856312692846099
0.000856312692846099
0.000856312692846099
0.000856312692846099
0.000856312692846099
0.000856312692846099
0.000856312692846099
0.000856312692846099
0.000856311063081316
0.000856311063081316
0.000856311063081316
0.000856311063081316
0.000856311063081316
0.000856311063081316
0.000856311063081316
0.000856311063081316
0.000856311063081316
0.000856311063081316
0.000856311063081316
0.000856332257983424
0.00085631839723223
0.00085631839723223
0.000856314322610882
0.000856314322610882
0.000856311063081316
0.000856311063081316
0.000856311063081316
0.000856311063081316
0.000856311012159617
0.000856311012159617
0.000856311012159617
0.000856311012159617
0.000856311012159617
0.000856311012159617
0.000856225800908503
0.000856213581928421
0.000856211952721777
0.000856211952721777
0.000856211952721777
0.000856211952721777
0.000856211952721777
0.000856211952721777
0.000856211952721777
0.000856211952721777
0.000856211952721777
0.000856211952721777
0.000856211952721777
0.000856211952721777
0.000856210323515133
0.000856210323515133
0.000856210323515133
0.000856210323515133
0.000856210323515133
0.000856210323515133
0.000856210323515133
0.000856210323515133
0.000856210323515133
0.000856210323515133
0.000856210323515133
0.000856210323515133
0.000856210323515133
0.000856210323515133
0.000856210323515133
0.000856210323515133
0.000856210323515133
0.000856210323515133
0.000856210323515133
0.000856210323515133
0.000856210323515133
0.000856210323515133
0.000856327360729144
0.000856327360729144
0.000856327360729144
0.000856327360729144
0.000856327360729144
0.000856327360729144
