0.00198782623854283
0.00198782623854283
0.00198782623854283
0.00198782623854283
0.00198782623854283
0.00200875828550673
0.00200875828550673
0.00198782623854283
0.0019878198729437
0.0019878198729437
0.0019878198729437
0.0019878198729437
0.00198782900119007
0.00198782900119007
0.00198782900119007
0.0019878198729437
0.0019878198729437
0.00198591695958335
0.00198591695958335
0.0019935371017779
0.00198592544833648
0.00198592544833648
0.00198592544833648
0.00198562639290842
0.00198562639290842
0.00198562639290842
0.00198562639290842
0.00198752930626878
0.00198738769911347
0.00198738982355645
0.00198738982355645
0.00198739838462744
0.00198733583978156
0.00198733583978156
0.00383550312674095
0.00471809662707236
0.00199589747834589
0.00199589747834589
0.00199589747834589
0.00199592470920194
0.00200544074398578
0.00200553524117022
0.00199599694176234
0.00199599694176234
0.0019959897707973
0.0019959897707973
0.0019959897707973
0.0019959897707973
0.00296300982555831
0.0020214056025728
0.00198701892459127
0.00198701043841236
0.00198674629657592
0.00198674417663893
0.00197680530583763
0.0019861915501055
0.0019861746063564
0.0019861746063564
0.00198618308739055
0.00198618308739055
0.00198618308739055
0.00198618308739055
0.00198618308739055
0.00198618308739055
0.00198618308739055
0.00198618308739055
0.00198618308739055
0.00198619157871916
0.00198619027468385
0.00198619027468385
0.00198619027468385
0.00198619027468385
0.00198619027468385
0.00199355011960531
0.0018070813677407
0.00197704976359542
0.00198972552773873
0.00198972552773873
0.00199733587781483
0.00199732300557541
0.00199732300557541
0.00198590715464783
0.00198588151496334
0.00198588151496334
0.00198588151496334
0.001784202675498
0.00200300545426143
0.00200871321681851
0.00198588151496334
0.00198588151496334
0.00198611256099152
0.00198611712277012
0.00198611712277012
0.00198611712277012
0.00198611712277012
0.00198611712277012
