0.0167093507125708
0.0167093507125708
0.0167462407501286
0.0167169623660122
0.016726476932814
0.0167455060664175
0.0167531177198589
0.0167169623660122
0.016701595203019
0.0166806631560551
0.0166939835495776
0.016701595203019
0.016631214793425
0.0166597584938304
0.0166825934541546
0.0166730515026137
0.0166882748094966
0.0168157700046403
0.0159346942236985
0.0167208135522413
0.0167560245420059
0.0167579274553663
0.0167788595023302
0.0167588705379247
0.01719432078698
0.01719432078698
0.0171790974800972
0.0168476765842071
0.0164415553331728
0.0164416037261257
0.0164454095528464
0.0164587865811462
0.016639556509968
0.0166308962518923
0.0167339163700047
0.016830959083727
0.0165937413218239
0.016685088986662
0.0166755744198602
0.0165352510273057
0.0165768653880095
0.0169971377873718
0.0169797268232533
0.0169626006030101
0.0169968145810477
0.0169796883608045
0.0170405815883358
0.0170405815883358
0.0171028940433604
0.0170354905284063
0.0169228477858756
0.016999993208424
0.0170881504598762
0.0171502316063253
0.0166278718641127
0.0168122484832407
0.0167034628841164
0.0167015602965974
0.0166713011711216
0.0167017503922876
0.0166104183705128
0.0166399062774404
0.0167207738234587
0.0167807133973027
0.0165961496973259
0.016502915088032
0.0165866367597308
0.0165792166356702
0.0165867656960867
0.0165867656960867
0.0165867656960867
0.0164954336743118
0.0165715449959345
0.0163671937944498
0.0165369296422288
0.0165318547714761
0.0166293308676562
0.0165379988458814
0.0165379988458814
0.0166616748554797
0.0166293308676562
0.0166293308676562
0.0165379988458814
0.0165379988458814
0.0166293230467946
0.0166775310555069
0.0166597722679606
0.0165988816464902
0.0166293308676562
0.0165379988458814
0.0165729068565462
0.016525363998265
0.016525363998265
0.016434024156968
0.0164568521086755
0.0164625600338323
