0.00119883548831384
0.00119883548831384
0.00119883548831384
0.00119883548831384
0.00119883548831384
0.00119883548831384
0.00119883548831384
0.00119883548831384
0.00119883548831384
0.00119883548831384
0.00119883548831384
0.00119883548831384
0.00119883776998454
0.00119883776998454
0.00119883776998454
0.00119883548831384
0.00119883548831384
0.00119883548831384
0.00119883548831384
0.00119883548831384
0.00119883548831384
0.00119883548831384
0.00119883548831384
0.00119883548831384
0.00119883548831384
0.00119883548831384
0.00119883548831384
0.00119883548831384
0.00119883541702346
0.00119883541702346
0.00119883541702346
0.00119883541702346
0.00119883541702346
0.00119883541702346
0.00119883541702346
0.00119883541702346
0.00119883541702346
0.00119883541702346
0.00119883541702346
0.00119885602980163
0.00119884233332593
0.00119884233332593
0.00119883776998454
0.00119883776998454
0.00119883541702346
0.00119883541702346
0.00119883541702346
0.00119883541702346
0.00119883541702346
0.00119883541702346
0.00119883541702346
0.00119883541702346
0.00119883541702346
0.00119883541702346
0.0011987161212719
0.00119869901469979
0.00119869673381049
0.00119869673381049
0.00119869673381049
0.00119869673381049
0.00119869673381049
0.00119869673381049
0.00119869673381049
0.00119869673381049
0.00119869673381049
0.00119869673381049
0.00119869673381049
0.00119869673381049
0.00119869445292119
0.00119869445292119
0.00119869445292119
0.00119869445292119
0.00119869445292119
0.00119869445292119
0.00119869445292119
0.00119869445292119
0.00119869445292119
0.00119869445292119
0.00119869445292119
0.00119869445292119
0.00119869445292119
0.00119869445292119
0.00119869445292119
0.00119869445292119
0.00119869445292119
0.00119869445292119
0.00119869445292119
0.00119869445292119
0.00119869445292119
0.00119869445292119
0.0011988583050208
0.0011988583050208
0.0011988583050208
0.0011988583050208
0.0011988583050208
0.0011988583050208
