5.70896834588328e-05
5.70896834588328e-05
5.70896834588328e-05
5.70896834588328e-05
5.70896834588328e-05
5.70896834588328e-05
5.70896834588328e-05
5.70896834588328e-05
6.85048809727693e-05
6.85048809727693e-05
6.85048809727693e-05
6.85048809727693e-05
6.85048809727693e-05
6.85048809727693e-05
6.85048809727693e-05
6.85048809727693e-05
6.85048809727693e-05
6.85048809727693e-05
6.85048809727693e-05
2.66433960092988e-05
6.85048809727693e-05
6.85048809727693e-05
6.85048809727693e-05
6.85048809727693e-05
6.85048809727693e-05
6.85048809727693e-05
6.85048809727693e-05
6.85048809727693e-05
6.85048809727693e-05
6.85048809727693e-05
6.85048809727693e-05
6.85048809727693e-05
6.85048809727693e-05
6.85048809727693e-05
6.85048809727693e-05
6.85048809727693e-05
6.85048809727693e-05
6.85048809727693e-05
6.85048809727693e-05
6.85048809727693e-05
6.85048809727693e-05
6.85048809727693e-05
6.85048809727693e-05
6.85048809727693e-05
6.85048809727693e-05
6.85048809727693e-05
6.85048809727693e-05
6.85048809727693e-05
6.85048809727693e-05
6.85048809727693e-05
6.85048809727693e-05
6.85048809727693e-05
6.85048809727693e-05
6.85048809727693e-05
6.84931506849315e-05
6.84931506849315e-05
6.84931506849315e-05
6.84931506849315e-05
6.84931506849315e-05
6.84931506849315e-05
6.84931506849315e-05
6.84931506849315e-05
6.84931506849315e-05
6.84931506849315e-05
6.84931506849315e-05
6.84931506849315e-05
6.84931506849315e-05
6.84931506849315e-05
6.84931506849315e-05
6.84931506849315e-05
6.84931506849315e-05
6.84931506849315e-05
6.84931506849315e-05
6.84931506849315e-05
6.84931506849315e-05
6.84931506849315e-05
6.84931506849315e-05
6.0882800608828e-05
6.0882800608828e-05
6.0882800608828e-05
6.0882800608828e-05
6.0882800608828e-05
6.0882800608828e-05
6.0882800608828e-05
6.0882800608828e-05
6.0882800608828e-05
6.0882800608828e-05
6.0882800608828e-05
6.0882800608828e-05
6.0882800608828e-05
6.08932275313505e-05
6.08932275313505e-05
6.08932275313505e-05
6.08932275313505e-05
6.08932275313505e-05
6.08932275313505e-05
