0.0033700532480484
0.0033700532480484
0.0033700532480484
0.0033700532480484
0.0033700532480484
0.0033700532480484
0.0033700532480484
0.0033700532480484
0.0033700532480484
0.0033700532480484
0.0033700532480484
0.0033700532480484
0.00337005976710753
0.00337005976710753
0.00337005976710753
0.0033700532480484
0.0033700532480484
0.0033700532480484
0.0033700532480484
0.0033700532480484
0.0033700532480484
0.0033700532480484
0.0033700532480484
0.0033700532480484
0.0033700532480484
0.0033700532480484
0.0033700532480484
0.0033700532480484
0.00336992313049505
0.00336992313049505
0.00336992313049505
0.00336992313049505
0.0033697156931674
0.0033697156931674
0.0033697156931674
0.0033697156931674
0.0033697156931674
0.0033697156931674
0.0033697156931674
0.00336976480599805
0.00336973545403159
0.00336973545403159
0.00336972241591333
0.00336972241591333
0.0033697156931674
0.0033697156931674
0.0033697156931674
0.0033697156931674
0.00336922131957562
0.00336922131957562
0.00336881318947194
0.00336881318947194
0.00336801002683786
0.00336801002683786
0.00336671634059847
0.00336669353198445
0.00336669353198445
0.00336669353198445
0.00336669353198445
0.00336669353198445
0.00336669353198445
0.00336669353198445
0.00336669353198445
0.00336669353198445
0.00336669353198445
0.00336669353198445
0.00336669353198445
0.00336669353198445
0.00336668701515788
0.00336668701515788
0.00336668701515788
0.00336668701515788
0.00336668701515788
0.00336592039184604
0.00336592039184604
0.00336592039184604
0.00336592039184604
0.00336592039184604
0.00336592039184604
0.00336586890288836
0.00336586890288836
0.00336586890288836
0.00336576634415041
0.00336576634415041
0.00336576634415041
0.00336576634415041
0.00336576634415041
0.00336576634415041
0.00336576634415041
0.00336576634415041
0.00336621124729915
0.00336621776412573
0.00336621776412573
0.00336621776412573
0.00336621776412573
0.00336621776412573
