0.481803721901586
0.481803721901586
0.481803721901586
0.481803721901586
0.481803721901586
0.481803721901586
0.481803721901586
0.481803721901586
0.481598523543173
0.481598523543173
0.481598523543173
0.481598523543173
0.481598523543173
0.481598523543173
0.481598523543173
0.481598523543173
0.481598523543173
0.481598523543173
0.481598523543173
0.481598523543173
0.481598523543173
0.481598523543173
0.481598523543173
0.481598523543173
0.481598523543173
0.481598523543173
0.481598523543173
0.481598523543173
0.481598523543173
0.481598523543173
0.481598523543173
0.481598523543173
0.481598523543173
0.481598523543173
0.481598523543173
0.481598523543173
0.481598523543173
0.481598523543173
0.481598523543173
0.481598523543173
0.481598523543173
0.481598523543173
0.481598523543173
0.481598523543173
0.481598523543173
0.481598523543173
0.481598523543173
0.481598523543173
0.481598523543173
0.481598523543173
0.481598523543173
0.481598523543173
0.481598523543173
0.481598523543173
0.481598523543173
0.481598523543173
0.481598523543173
0.481598523543173
0.481598523543173
0.481598523543173
0.481598523543173
0.481598523543173
0.481598523543173
0.481598523543173
0.481598523543173
0.481598523543173
0.481598523543173
0.481598523543173
0.481598523543173
0.481598523543173
0.481598523543173
0.481598523543173
0.481598523543173
0.481598523543173
0.481598523543173
0.481598523543173
0.481598523543173
0.481598523543173
0.481565723805571
0.481565723805571
0.481565723805571
0.481565723805571
0.481565723805571
0.481565723805571
0.481565723805571
0.481565723805571
0.481565723805571
0.481565723805571
0.481565723805571
0.481565723805571
0.481565723805571
0.481565723805571
0.481565723805571
0.481565723805571
0.481565723805571
0.481565723805571
