0.102338961721239
0.102338961846175
0.102338956384732
0.10233895623356
0.102338956355695
0.1023389558341
0.102338956680184
0.10233895645098
0.102338954525353
0.10233895422735
0.102338953852029
0.102338953750782
0.10233895345284
0.10233894926613
0.102338949462868
0.102338949704569
0.10233894990416
0.102338949526152
0.102338949299926
0.102338949299926
0.102338949073708
0.102338946815671
0.102338948375906
0.102338944956239
0.102350438929418
0.102350439051095
0.10235043917562
0.102350439225623
0.102350438851352
0.102350438851352
0.102350438772803
0.102350438472332
0.102350438023074
0.102350437871437
0.102350437716965
0.102350437267764
0.102350435484231
0.102350435477135
0.102350435601857
0.102350435875335
0.102350433577716
0.102350433276546
0.102350433178076
0.102350432930935
0.10235043260118
0.102350432649894
0.102350432649894
0.102350432694546
0.102350426829952
0.102350426657379
0.102350418653543
0.102350418555565
0.102350413893817
0.10235041421807
0.102350414212394
0.102350413989518
0.102350414337385
0.102350407463873
0.102350407163891
0.102350407286066
0.102350407559643
0.102350407411087
0.10235040677683
0.10235040732399
0.102350400027802
0.102350399849907
0.102350396563142
0.102350397819998
0.102350388748229
0.102350386838118
0.102350387459304
0.10235038307807
0.102350383351694
0.102350383551102
0.102350383527883
0.102350383231055
0.102350383504691
0.10235038335345
0.102350378607869
0.102350379003593
0.102350376295707
0.102350375847736
0.102350375847736
0.102350371981677
0.102350370564477
0.102350379298971
0.102350379572631
0.102350377087325
0.102350376642242
0.102350376764725
0.102350376465909
0.102350376020905
0.102339104051089
0.102339103603333
0.102339103232592
0.10233910293318
0.102088292794966
0.102088292794966
0.102088292794966
0.102088292794966
0.102088292794966
0.102088292794966
0.102088292794966
0.102088292794966
0.102088292794966
0.102088292794966
0.102088292794966
0.102088292794966
0.102088292794966
0.102088292794966
0.102088292794966
0.102088292794966
0.102088292794966
0.102088292794966
0.102088292794966
0.102088292794966
0.102088292794966
0.102088292794966
0.102088292794966
0.102088292794966
0.102088292794966
0.102088292794966
0.102088292794966
0.102088292794966
0.102088292794966
0.102088292794966
0.102088292794966
0.102088292794966
0.102088292794966
0.102088292794966
0.102088292794966
0.102088292794966
0.102088292794966
0.102088292794966
0.102088292794966
0.102088292794966
0.102088292794966
0.102088292794966
0.102088292794966
0.102088292794966
0.102088292794966
0.102088292794966
0.102088292794966
0.102088292794966
0.102088292794966
0.102088292794966
0.102088292794966
0.102088292794966
0.102088292794966
0.102088292794966
0.102088292794966
0.102088292794966
0.102088292794966
0.102088292794966
0.102088292794966
0.102088292794966
0.102088292794966
0.102088292794966
0.102088292794966
0.102088292794966
0.102088292794966
0.102088292794966
0.102088292794966
0.102088292794966
0.102088292794966
0.102088292794966
0.102088292794966
0.102088292794966
0.102088292794966
0.102088292794966
0.102088292794966
0.102088292794966
0.102088292794966
0.102088292794966
0.102088292794966
0.102088292794966
0.102088292794966
0.102088292794966
0.102088292794966
0.102088292794966
0.102088292794966
0.102088292794966
0.102088292794966
0.102088292794966
0.102088292794966
0.102088292794966
0.102088292794966
0.102088292794966
0.102088292794966
0.102088292794966
0.102088292794966
0.102088292794966
0.102088292794966
0.102088292794966
0.102088292794966
0.102088292794966
0.102088292794966
0.102088292794966
0.102088292794966
0.102088292794966
0.102088292794966
0.102088292794966
0.102088292794966
0.102088292794966
0.102088292794966
0.102088292794966
0.102088292794966
0.102088292794966
0.102088292794966
0.102088292794966
0.102088292794966
0.102088292794966
0.102088292794966
0.102088292794966
0.102088292794966
0.102088292794966
0.102088292794966
0.102088292794966
0.102088292794966
0.102088292794966
0.102088292794966
0.102088292794966
0.102088292794966
0.102088292794966
0.102088292794966
0.102088292794966
0.102088292794966
0.102088292794966
0.102088292794966
0.102088292794966
0.102088292794966
0.102088292794966
0.102088292794966
0.102088292794966
0.102088292794966
0.102088292794966
0.102088292794966
0.102088292794966
0.102088292794966
0.102088292794966
0.102088292794966
0.102088292794966
0.102088292794966
0.102088292794966
0.102088292794966
0.102088292794966
0.102088292794966
0.102088292794966
0.102088292794966
0.102088292794966
0.102088292794966
0.102088292794966
0.102088292794966
0.102088292794966
0.102088292794966
0.102088292794966
0.102088292794966
0.102088292794966
0.102088292794966
0.102088292794966
0.102088292794966
0.102088292794966
0.102088292794966
0.102088292794966
0.102088292794966
0.102088292794966
0.102088292794966
0.102088292794966
0.102088292794966
0.102088292794966
0.102088292794966
0.102088292794966
0.102088292794966
0.102088292794966
0.102088292794966
0.102088292794966
0.102088292794966
0.102088292794966
0.102088292794966
0.102088292794966
0.102088292794966
0.102088292794966
0.102088292794966
0.102088292794966
0.102088292794966
0.102088292794966
0.102088292794966
0.102088292794966
0.102351367134424
0.102351367680989
0.102351367529095
0.102351367523417
0.102351367371527
0.102351366849879
0.102351366775362
0.102351366775362
0.102351366899636
0.102351366899636
0.102351366949412
0.102351367070845
0.102351367068006
0.102351367161918
0.102351367010087
0.102351366563134
0.102351366414157
0.10235136640564
0.10235136391215
0.10235136375609
0.102351363604292
0.102351362981075
0.102351361026486
0.102351361023647
0.102351359760498
0.10235142772393
0.102351427351432
0.10235147719466
0.102351476754384
0.102351476058324
0.102351475929719
0.102351476199071
0.102351475752385
0.102351475676525
0.102351475948719
0.102351473822206
0.102351473822206
0.102347234262606
0.102347170671536
0.102347171044747
0.102347170505486
0.102347165817443
0.102347166039024
0.102347165441128
0.102347163934503
0.102347163857158
0.102347164306166
0.102347163679171
0.102347163676342
0.10234716390078
0.102347164056448
0.102347164426763
0.102347164345648
0.102347164493029
0.102347166747766
0.102347166596221
0.102347167488662
0.102347171372316
0.102347169789585
0.10234716636219
0.102347167179764
0.102347166725428
0.102347164163521
0.102347174287235
0.102347174434669
0.102347174510606
0.102347174660891
0.10234717428925
0.102347170510765
0.102347170210682
0.102347168127499
0.102347163910877
0.102347163910877
0.102347164436387
0.102347164435536
0.102347160186147
0.102347160037626
0.102347159960538
0.102347159811239
0.102347159514242
0.102347161562811
0.102347161859055
0.102347106434327
0.102347106434327
0.102347106131704
0.102347106579256
0.102347106652787
0.1023471070975
0.102347106943375
0.10234710672068
0.102347106717852
0.102347106566565
0.102347106563737
0.102347106560909
0.102088292794966
0.102088292794966
0.102339389479993
0.102339389851993
0.102339387970314
0.102339387672167
0.102339387523099
0.102339387823411
0.102339386997947
0.102339387444478
0.102339387295439
0.102339387443896
0.102339387443896
0.102339387741388
0.102339388041717
0.102339387815318
0.102339387815318
0.102339384957864
0.102339384662167
0.102067250264989
0.102067251157966
0.102067251157966
0.102067251982058
0.102079129574723
0.102084814805045
0.102084814656319
0.102084814470652
0.102084814470652
0.102084814170404
0.102084814167564
0.10208481423925
0.10208481423925
0.102084813941872
0.102084813827234
0.102084814053721
0.102084813699071
0.102084814151651
0.102084814522124
0.102084813850391
0.102084814600057
0.102084815427153
0.102084815183952
0.102084815181113
0.102084815479219
0.10208481409946
0.10208481394803
0.102084814245825
0.102084813948662
0.10208481454994
0.102084814996306
0.102084815891859
0.102084815441655
0.10208481589152
0.102084816043604
0.102084815892226
0.102084816269887
0.102084816121358
0.102084816087929
0.102084816050668
0.10208481564156
0.102084816016459
0.102084815377351
0.102084815678013
0.102084816015644
0.102084816167841
0.102084816243531
0.102084816467124
0.102084816919996
0.102084815132643
0.102084814726798
0.102084814578416
0.10208481450501
0.10208481458283
0.102084814214198
0.102084814660421
0.10208481532999
0.102084815107133
0.102084814810471
0.102084814513824
0.102084814456593
0.102084814687295
0.102084815061812
0.102084814781953
0.102084814947558
0.102084814873418
0.102084814576865
0.102084814943213
0.102084815018703
0.102084815171176
0.102084815624389
0.102084815624389
0.102084815922281
0.102084815771206
0.102084815771206
0.102084815320842
0.10208481517262
0.102084814462851
0.102084814240531
0.102084824123301
0.102084823653968
0.102084823504887
0.102084823491035
0.102084823192888
0.102084823190049
0.102084822891917
0.102084823641614
0.102084823492558
0.102084823861722
0.102084824087494
0.102084823565846
0.102084823115917
0.102084823413414
0.102084823261556
0.102084823109702
0.102084823410044
0.102084823635882
0.102084823148788
0.102084823145949
0.102084822996959
0.102084822770641
0.102084819626744
0.102084819174398
0.102084819177013
0.102084819177013
0.102084818724735
0.102084818721896
0.102084818719058
0.102084818719058
0.102084817820281
0.102084817820281
0.102084818569835
0.102084818421014
0.102084818418175
0.102084818415337
0.102084818492527
0.10208481879294
0.102084818791521
0.102084818548002
0.102084818473606
0.102084818436352
0.102084817778323
0.102084818167466
0.10208481816179
0.10208481816179
0.10208481800734
0.102084818158996
0.102084818156158
0.102084818156158
0.102084818004557
0.102084816885649
0.102084816885649
0.102084816885649
0.102084817260443
0.102084817144571
0.102084817296304
0.102084817279897
0.102084817279897
0.102084816908119
0.102084817205753
0.10208481668248
0.102084816685599
0.102084817134764
0.102084817134764
0.102084816916464
0.102084816764977
0.102084817514574
0.102084817214471
0.102084817208797
0.102084817208797
0.102084817057332
0.102084816905872
0.102084816311908
0.102084816458176
0.102084816306753
0.10208481660729
0.10208481690813
0.102084811609714
0.102084811609714
0.102084811606878
0.102084811759032
0.102084811607776
0.102084811453687
0.10208481160303
0.102084811380424
0.102084811024927
0.102084811022091
0.102084810725312
0.102084810839979
0.102084810782694
0.102084811226009
0.102084810905981
0.102084811352127
0.102084811352127
0.102084811576376
0.102084803830476
0.102084803606849
0.102084803978858
0.102084803682869
0.102084803384749
0.102084803384749
0.102084803086643
0.102084803014371
0.102084803014371
0.102084803205212
0.102084802753915
0.10208480260207
0.102084803053789
0.102084802940296
0.102084803237816
0.102084803103299
0.10208480280536
0.102084802507437
0.102084802504597
0.102084802352802
0.102084802212617
0.102084802212617
0.102084802137718
0.102084801839844
0.102084801688073
0.102084802583546
0.102084802605617
0.102084802456701
0.102084802868733
0.102084802868733
0.102084802422007
0.102084802124209
0.102084799146131
0.102084798994414
0.102084796086684
0.102084795487777
0.102084795038342
0.102084794883807
0.102084795327419
0.102084795287317
0.102084795587748
0.10208479543322
0.10208479543322
0.102084795656392
0.102084795355876
0.102084795204205
0.102084795201366
0.102084795538909
0.102084795387241
0.102084795089594
0.102084795086756
0.102084795384367
0.102084795384367
0.102084795232714
0.102084795229876
0.102084795152498
0.10208479514966
0.102084795152502
0.102084795152502
0.102084794700439
0.102084794477259
0.102084794328477
0.102084794368301
0.102084793823081
0.102084793448257
0.102084793445418
0.102084793445418
0.102084793445418
0.102084793446994
0.10208479329825
0.102084792995097
0.102084792992259
0.102084792989421
0.102084792840688
0.102084793587505
0.102084793693513
0.102084794361583
0.102084794212866
0.102084793992899
0.102084794406555
0.102085128844314
0.102084793971363
0.102084793822689
0.102084793817014
0.102084793516839
0.102084793216679
0.102084792839373
0.102084793288566
0.102084793137083
0.10208479328899
0.102084793137518
0.102084793583862
0.102084793283767
0.102084792497011
0.102084792199772
0.102084792837929
0.102084803905019
0.102084804726405
0.102084805023857
0.102084805249607
0.10208480568304
0.102084805977656
0.10208480620342
0.10208480620342
0.102084805905314
0.102084805455345
0.102084805606625
0.102084805380245
0.102084805869067
0.102084806463982
0.102084805905111
0.10208480627709
0.10208480665135
0.10208480664993
0.102084807024202
0.102084807023739
0.102084806685648
0.102084806781117
0.102084806857962
0.102084806370901
0.102084806032928
0.102084806200072
0.102084806502856
0.102084806461332
0.102084806309584
0.102084806124384
0.102084806124126
0.102084805674652
0.102084805826158
0.102084805525596
0.10208480522505
0.102084804778517
0.10208480462968
0.102084804329179
0.102084804629592
0.102084804855595
0.102084805224736
0.102084805224736
0.102084805516627
0.102084805219011
0.102084805219011
0.10208480529055
0.102084805284872
0.102084805057293
0.102084805054455
0.102084805352043
0.10208480535478
0.102084805233198
0.102084804929941
0.102084804854148
0.102084804940004
0.102084805163076
0.102084806567053
0.102084806495477
0.102084806412422
0.102084806933074
0.102084806862972
0.102084806188684
0.102084805570798
0.102084805401947
0.102084805340381
0.102084805343534
0.102084804493425
0.102084805094364
0.102084804790032
0.102084805236279
0.102084805388138
0.102084805383882
0.102084805381044
0.102084805155302
0.102084805269922
0.102084805232664
0.10208480553314
0.102084805456008
0.102084804804974
0.10208480480833
0.102084804511216
0.102084804808877
0.10208480496083
0.102084804846465
0.102084804249497
0.102084804698536
0.102084805147569
0.102084805110667
0.102084805701482
0.102084806245181
0.102084806394345
0.102084806360335
0.102084806060534
0.102084805834687
0.102084806509663
0.10208480694871
0.102084763467682
0.102084763320742
0.102084763546516
0.10208476281356
0.102084763111047
0.102084763339059
0.102084763190017
0.102084763187178
0.102084762889106
0.102084762889106
0.102084762471039
0.102084751691451
0.102084751988862
0.102084751914565
0.102084752360989
0.102084752306449
0.102084751505461
0.102084751527595
0.102084740840707
0.102084740705047
0.102084742047804
0.102084741259364
0.102084741259364
0.102084741482368
0.102084741479532
0.10208474127774
0.102084740905702
0.102084741351956
0.102084741055011
0.102084741396307
0.102084741106925
0.102084740738632
0.102084740584536
0.102084740956551
0.102084741404867
0.102084741107753
0.102084741107753
0.102084741111602
0.102084741028592
0.102084741025755
0.102084741323567
0.102084741475829
0.102084741320362
0.102084740875245
0.102084741175908
0.102084741328211
0.102084741250875
0.102084740879672
0.102084741406511
0.102084741295091
0.102084741335678
0.102084741412166
0.102084741300421
0.102084740932974
0.102084740217915
0.102084740073417
0.102084740447881
0.10208474052617
0.102084741198483
0.102084741496332
0.102084742398373
0.102084742208268
0.102084742434458
0.102084742286575
0.102084742283739
0.102084742280903
0.102084741761743
0.102084741761743
0.102084741838332
0.102084742068852
0.10208474191783
0.102084741699525
0.102084741397522
0.102084741397522
0.102084741380067
0.10208474108377
0.102084740897974
0.102084740897974
0.10208474075147
0.102084740745798
0.102084740743214
0.102084740372506
0.102084740412162
0.102084740412162
0.102084740113119
0.102084740417584
0.102084740266226
0.102084739967225
0.102084739610877
0.102084739610877
0.102084739911647
0.102084739704891
0.102084739553993
0.102084739333304
0.102084738814685
0.102084738686728
0.102084854852208
0.102084855303751
0.102084855115979
0.102084854852246
0.102084855450025
0.102084854922625
0.102084855298267
0.102084855037365
0.102084855412196
0.102084854965077
0.102084854813206
0.102084854515153
0.102084853687714
0.102084853988058
0.102084854437394
0.102084854437394
0.102084854737731
0.102084854645132
0.102084855017115
0.102084855170914
0.102084857034268
0.102084856615494
0.10208485669238
0.102084856976261
0.102084862688949
0.102084862819084
0.102084862662963
0.102084862903493
0.102084862792193
0.102084862849619
0.102084862849361
0.102084863222908
0.102084863168539
0.102084863469098
0.102084863317278
0.10208486384381
0.102084863489944
0.102084864537634
0.102084864537634
0.102084865058583
0.102084865055742
0.102084865281707
0.10208486516984
0.102084865483131
0.102084865327093
0.102084865927825
0.102084866228363
0.102084866285708
0.102084866131095
0.102084866428669
0.102084866276903
0.102084863491651
0.102084862728256
0.102084863629607
0.102084863298912
0.102084863298912
0.102084863748288
0.102084863673782
0.102084863513607
0.102084863213151
0.102084863210311
0.102084863396181
0.102084863390502
0.102084863109942
0.102084863104263
0.102084863256052
0.102084863247533
0.102084863247533
0.102084863545265
0.102084864068993
0.102084863913134
0.102084863910294
0.102084863896889
0.102084863596535
0.102084862636077
0.102084862538898
0.102084862533219
0.102084862221682
0.102084862107212
0.102084861545112
0.102084861396449
0.102084861099135
0.102085028833909
0.102085028720537
0.102085028571891
0.10208502842041
0.102085139241893
0.10208513946541
0.102085139840122
0.102085139983958
0.102085139983958
0.102085140430453
0.102085140389988
0.102085140690634
0.102085140988439
0.102085140950814
0.102088536911737
0.102088537474371
0.10208853711992
0.10208853711992
0.102088537273386
0.102088536972213
0.102088536375638
0.102088536452449
0.102088536446766
0.102088536369336
0.102088536369336
0.102088536137962
0.102088535616095
0.102088536214315
0.102088535914721
0.102088536361496
0.102088536361496
0.102088536584598
0.102088536376209
0.102088536447403
0.102088536447403
0.102088536223643
0.102088536369432
0.102088536214692
0.102088536059956
0.102088534050607
0.102088534050302
0.102088533973831
0.102088533594219
0.102088534418762
0.102088534735452
0.102088534676146
0.102088534827812
0.102088534827812
0.102088535277249
0.102088535503271
0.102088535992246
0.102088536292841
0.102088535987938
0.102088536662032
0.10208853651314
0.102088536674513
0.102088536376775
0.102088535723312
0.102088534528473
0.102088536411362
0.102088536714764
0.10208853605139
0.102088536351968
0.102088536652545
0.10208853577621
0.102088535852966
0.102088536079173
0.102088536531405
0.102088536704111
0.102088537375168
0.102088537226456
0.102088537396033
0.102088536763197
0.102088536317129
0.102088535871095
0.102088536689633
0.10208853633288
0.102088536252649
0.102088536251244
0.102088536251244
0.102088536944657
0.10208853592247
0.10208853528666
0.102088534914778
0.102088535159002
0.102088534861714
0.102088534653709
0.102088534843215
0.102088535054393
0.102088534791008
0.102088534095036
0.102088533510771
0.102088533299878
0.102088533299878
0.1020885337491
0.102088527976229
0.102088527753632
0.102088527531043
0.102088527379818
0.102088527674883
0.102088527789115
0.102088527940769
0.102088527792411
0.102088528040783
0.102088527413575
0.102088527357154
0.102088527208839
0.102088526986375
0.102088527435454
0.102088527138849
0.102088536911737
0.102088536756875
0.10208853601037
0.102088532827493
0.102088533101146
0.102088533101146
0.102088533101146
0.102088533252628
0.102088533567991
0.102088533303761
0.102088532759879
0.102088532759456
0.102088532607597
0.102088532476163
0.102088532925722
0.10208853295905
0.10208853295621
0.10208853325914
0.102088533261728
0.102088534309503
0.102088534025231
0.102088534016711
0.102088534311577
0.102088534236993
0.102088534010717
0.10208853378701
0.102088533712541
0.102088533861214
0.102088533485938
0.102088533241982
0.102088532660987
0.102088532658148
0.102088532509252
0.10208853236036
0.102088533184868
0.102088533180594
0.102088533811326
0.10208853418336
0.102088534329245
0.102088534629818
0.102088534478117
0.102088534105832
0.102088534100208
0.102088534397957
0.102088534698544
0.102088534698544
0.102088534547752
0.102088534542073
0.102088534316
0.102088535252958
0.102088534970277
0.102088535119222
0.102088534821628
0.102088534672836
0.102088534667158
0.102088534486857
0.102088533293475
0.102088534037793
0.102088534484319
0.102088534335573
0.102088534426746
0.102088533094823
0.102088532642891
0.102088532657385
0.102088533192455
0.102088533344462
0.102088533840446
0.102088533540331
0.102088533537492
0.102088533766997
0.102088533692436
0.102088533395205
0.102088533240918
0.102088533238079
0.102088533238079
0.102088533238079
0.102088533089473
0.102088532562621
0.102088531965419
0.102088531816837
0.10208853166542
0.102088531514008
0.102088532186868
0.102088531739769
0.102088532277657
0.102088531903985
0.102088531901147
0.102088532047671
0.102088531896879
0.102088531559402
0.102088531171397
0.102088530905776
0.102088530457522
0.10208853075829
0.102088530164127
0.102088530610517
0.102088303983323
0.102088304131816
0.102088304278898
0.102088304504838
0.102088304242009
0.102088304090003
0.102088304465119
0.102088304465119
0.10208830431596
0.10208830439277
0.102088304690467
0.102088304392187
0.102088304088239
0.102088300107511
0.102088300128076
0.102088297485673
0.102088297312583
0.102088297461415
0.102088297500883
0.102088297498041
0.102088297537503
0.102088297236844
0.102088297608934
0.102088297308291
0.102088297460017
0.102088297611608
0.102088297462726
0.102088297834947
0.102088298209857
0.102088298922314
0.102088298180917
0.102088298630501
0.102088298109609
0.102088298556229
0.102088298267538
0.102088298943217
0.102088298737949
0.102088298291552
0.102088298887164
0.102088298660955
0.102088298658115
0.102088298211786
0.10208829783703
0.10208829783703
0.102088298134858
0.102088298212398
0.10208829805371
0.102088298497445
0.102088298798114
0.102088298798474
0.102088299625901
0.102088299477185
0.102088299325633
0.102088299102782
0.102088298586052
0.102088298583212
0.102088298958247
0.102088299406197
0.102088299368558
0.102088299365718
0.102088298768181
0.102088298360779
0.102088298509993
0.102088298659217
0.102088298659217
0.102088298585499
0.102088298585499
0.102088297655175
0.102088297432976
0.102088297131537
0.102088297239418
0.102088297986861
0.10208829806477
0.10208829776766
0.1020882979139
0.102088297775988
0.102088297770309
0.102088298071072
0.102088298821118
0.102088298815439
0.102088299268427
0.102088299117074
0.102088299117983
0.102088298815311
0.10208829866114
0.10208829836133
0.102088298624478
0.102088298621638
0.102088298776862
0.102088298944113
0.10208829864151
0.102088298638671
0.102088298452581
0.102088298452581
0.102088298152839
0.102088298144322
0.102088304059338
0.102088303832711
0.102088303536523
0.102088303533681
0.102088303834221
0.102088303386681
0.10208830338321
0.102088303084911
0.102088302637491
0.102088302708652
0.102088302556686
0.102088302779855
0.102088302777014
0.102088302774172
0.102088302467421
0.10208830246458
0.102088302762316
0.1020883029855
0.102088302797327
0.102088296753585
0.102088291750461
0.102088292048251
0.102088291970996
0.102088291822168
0.102088292232568
0.102088291860516
0.102088292534461
0.1020882929839
0.1020882929839
0.102088292909493
0.10208829216264
0.1020882921598
0.102088292606394
0.102088292383208
0.10208829208564
0.102088292457839
0.10208829215887
0.102088292307919
0.102088292909227
0.102088292533336
0.102088293429289
0.102088293429289
0.102088292982735
0.102088292982735
0.102088293429289
0.102088293432444
0.102088292831842
0.102088292534402
0.102088292385688
0.10208829283528
0.10208829275809
0.102088291984964
0.102088291833441
0.102088292128285
0.102088291975842
0.102088291678509
0.102088291083888
0.102088291376078
0.102088290586254
0.102088290961281
0.102088290958442
0.102088291107689
0.102088291314072
0.102088291162616
0.102088291460488
0.102088291909807
0.102088291909807
0.102088291686894
0.102088291295789
0.102088291593669
0.102088291481483
0.102088290319697
0.102088290657911
0.102088291107196
0.102088290491328
0.102088290064013
0.10208829080833
0.10208829080833
0.102088291031965
0.102088290883451
0.102088290734941
0.102088290738678
0.102088291562902
0.102088291720302
0.102088291714626
0.102088291798487
0.102088291870202
0.102088291480211
0.102088290512732
0.10208829043919
0.102088289950568
0.102088290245653
0.102088290543574
0.102088285802412
0.102088285651246
0.102088286472409
0.102088304059338
0.102088303611775
0.102088303909467
0.102088304504835
0.102088304500573
0.102088304053074
0.102088303605608
0.102088304804115
0.102088304071404
0.102088304448796
0.10208830410864
0.102088304332677
0.102088304552958
0.102088304552489
0.102088304105246
0.102088303953331
0.102088303508478
0.102088303359428
0.102088303359096
0.102088303060667
0.102088303510295
0.10208830321202
0.102088303137426
0.102088303019592
0.102088302565974
0.102088302125945
0.102088301976965
0.102088301825147
0.102088301822306
0.102088301969707
0.1020883022675
0.102088301832504
0.102088301528921
0.102088301377136
0.102088301603314
0.102088301156501
0.102088301472177
0.10208830121104
0.102088301732107
0.102088301223294
0.102088300925541
0.102088301300616
0.102088301375019
0.154590396006337
0.154590285197137
0.136679770151316
0.13667977022574
0.136679770108705
0.136679769662223
0.136679769590889
0.136679769442083
0.136679769293098
0.136679768921103
0.136679769073688
0.119605255611225
0.119605255611225
0.119605255906273
0.119605255757505
0.119605255754665
0.119605255829241
0.119605255753948
0.119605255977265
0.119605255676967
0.119605255457204
0.119605255062602
0.119605255661272
0.119605255810494
0.119605256254254
0.119605256275278
0.119605256570348
0.119605256418835
0.119605256716746
0.11960525656524
0.119605256416577
0.119605256265079
0.1196052567177
0.119605256268934
0.119605251665687
0.119605251665687
0.119605251669219
0.119605252115693
0.119605252490423
0.11960525241618
0.119605252193456
0.119605252116378
0.119605252075902
0.119605252522364
0.119605252820345
0.119605252520565
0.119605252369262
0.119605253230929
0.119605253230929
0.119605252785586
0.119605253080741
0.119605253530008
0.119605253307355