0.0175032684868933
0.0175032684868933
0.0175032684868933
0.0175032684868933
0.0175032684868933
0.0175032684868933
0.0175032687441912
0.0175032687441912
0.0175032690014859
0.0175032690014859
0.0175032690014859
0.0175032690014859
0.0175032690014859
0.0175032670178898
0.0175032670178898
0.0175032670178898
0.0175032670178898
0.0175032670178898
0.0175032670178898
0.0175032670178898
0.0175032670178898
0.0175032672752065
0.0175032666611496
0.0175034904610709
0.0175032672752065
0.0175032655489995
0.0175032655489995
0.0175032658063349
0.0175032638228651
0.0175032638228651
0.017503262096803
0.0175032623541824
0.0175032623541824
0.0175032623541824
0.0175032623541824
0.0175032623541824
0.0175032606282148
0.0175032606282148
0.0175032606282148
0.0175032606282148
0.0175032608856129
0.0175032608856129
0.0175032611430076
0.0175032594171565
0.0175032594171565
0.01750325967457
0.01750325967457
0.0175032579488132
0.0175032584636744
0.0175032587211001
0.0175032587211001
0.0175032589785225
0.0175032589785225
0.0175032592359417
0.0175032592359417
0.0175032592359417
0.0175032594933575
0.0175032600081795
0.0175032600081795
0.0175032580252397
0.017503258282671
0.017503258282671
0.0175032562997816
0.0175032565572349
0.0175032565572349
0.0175032570721317
0.0175032556042775
0.0175032556042775
0.0175032561191986
0.0175032563766543
0.0175032566341067
0.0175032551664403
0.0175032551664403
0.0175032551664403
0.0175032551664403
0.0175032551664403
0.0175032554239081
0.0175032554239081
0.017503253698887
0.0175032539563735
0.0175032539563735
0.0175032539563735
0.0175032539563735
0.0175032544713368
0.0175032567111984
0.0175032554239081
0.0175032556813727
0.0175032556813727
0.0175032556813727
0.0175032556813727
0.0175032556813727
0.0175032556813727
0.017503255938834
0.017503255938834
0.017503255938834
0.017503255938834
0.0173059471330095
0.0173059471330095
0.0173059471330095
0.0173059471330095
0.0173059471330095
0.0173059471330095
0.0173059471330095
0.0173059471330095
0.0173059471330095
0.0173059471330095
0.0173059471330095
0.0173059471330095
0.0173059471330095
0.0173059471330095
0.0173059471330095
0.0173059471330095
0.0173059471330095
0.0173059471330095
0.0173059471330095
0.0173059471330095
0.0173059471330095
0.0173059471330095
0.0173059471330095
0.0173059471330095
0.0173059471330095
0.0173059471330095
0.0173059471330095
0.0173059471330095
0.0173059471330095
0.0173059471330095
0.0173059471330095
0.0173059471330095
0.0173059471330095
0.0173059471330095
0.0173059471330095
0.0173059471330095
0.0173059471330095
0.0173059471330095
0.0173059471330095
0.0173059471330095
0.0173059471330095
0.0173059471330095
0.0173059471330095
0.0173059471330095
0.0173059471330095
0.0173059471330095
0.0173059471330095
0.0173059471330095
0.0173059471330095
0.0173059471330095
0.0173059471330095
0.0173059471330095
0.0173059471330095
0.0173059471330095
0.0173059471330095
0.0173059471330095
0.0173059471330095
0.0173059471330095
0.0173059471330095
0.0173059471330095
0.0173059471330095
0.0173059471330095
0.0173059471330095
0.0173059471330095
0.0173059471330095
0.0173059471330095
0.0173059471330095
0.0173059471330095
0.0173059471330095
0.0173059471330095
0.0173059471330095
0.0173059471330095
0.0173059471330095
0.0173059471330095
0.0173059471330095
0.0173059471330095
0.0173059471330095
0.0173059471330095
0.0173059471330095
0.0173059471330095
0.0173059471330095
0.0173059471330095
0.0173059471330095
0.0173059471330095
0.0173059471330095
0.0173059471330095
0.0173059471330095
0.0173059471330095
0.0173059471330095
0.0173059471330095
0.0173059471330095
0.0173059471330095
0.0173059471330095
0.0173059471330095
0.0173059471330095
0.0173059471330095
0.0173059471330095
0.0173059471330095
0.0173059471330095
0.0173059471330095
0.0173059471330095
0.0173059471330095
0.0173059471330095
0.0173059471330095
0.0173059471330095
0.0173059471330095
0.0173059471330095
0.0173059471330095
0.0173059471330095
0.0173059471330095
0.0173059471330095
0.0173059471330095
0.0173059471330095
0.0173059471330095
0.0173059471330095
0.0173059471330095
0.0173059471330095
0.0173059471330095
0.0173059471330095
0.0173059471330095
0.0173059471330095
0.0173059471330095
0.0173059471330095
0.0173059471330095
0.0173059471330095
0.0173059471330095
0.0173059471330095
0.0173059471330095
0.0173059471330095
0.0173059471330095
0.0173059471330095
0.0173059471330095
0.0173059471330095
0.0173059471330095
0.0173059471330095
0.0173059471330095
0.0173059471330095
0.0173059471330095
0.0173059471330095
0.0173059471330095
0.0173059471330095
0.0173059471330095
0.0173059471330095
0.0173059471330095
0.0173059471330095
0.0173059471330095
0.0173059471330095
0.0173059471330095
0.0173059471330095
0.0173059471330095
0.0173059471330095
0.0173059471330095
0.0173059471330095
0.0173059471330095
0.0173059471330095
0.0173059471330095
0.0173059471330095
0.0173059471330095
0.0173059471330095
0.0173059471330095
0.0173059471330095
0.0173059471330095
0.0173059471330095
0.0173059471330095
0.0173059471330095
0.0173059471330095
0.0173059471330095
0.0173059471330095
0.0173059471330095
0.0173059471330095
0.0173059471330095
0.0173059471330095
0.0173059471330095
0.0173059471330095
0.0173059471330095
0.0173059471330095
0.0173059471330095
0.0173059471330095
0.0173059471330095
0.0173059471330095
0.0173059471330095
0.0173059471330095
0.0173059471330095
0.0173059471330095
0.0173059471330095
0.0173059471330095
0.0173059471330095
0.0173059471330095
0.0173059471330095
0.0173059471330095
0.0173059471330095
0.0173059471330095
0.0175032687441912
0.0175032690014859
0.0175032690014859
0.0175032690014859
0.0175032690014859
0.0175032690014859
0.0175032690014859
0.0175032690014859
0.0175032690014859
0.0175032690014859
0.0175032692587773
0.0175032695160655
0.0175032695160655
0.0175032697733504
0.0175032697733504
0.0175032697733504
0.0175032697733504
0.0175032697733504
0.017503270030632
0.017503270030632
0.017503270030632
0.0175032702879104
0.0175032702879104
0.0175032702879104
0.0175032685617409
0.0175032571497474
0.0175032571497474
0.0175038232171022
0.0175038232171022
0.0175038239678281
0.0175038239678281
0.0175038239678281
0.0175038239678281
0.0175038239678281
0.0175038242180639
0.0175038222608175
0.0175038222608175
0.0175038227613294
0.0175038412731211
0.0175038412731211
0.0175038417731541
0.0175038420231658
0.0175038420231658
0.0175038420231658
0.017503840540114
0.017503840540114
0.0175038407901416
0.0175038368241358
0.0175038368241358
0.0175038370742108
0.0175038358415528
0.0175038360916405
0.0175038301432752
0.0175038301432752
0.0175038301432752
0.0175038301432752
0.0175038303934354
0.0175038298931117
0.0175038298931117
0.0175038303934354
0.0175038313940454
0.0175038308937467
0.0175038308937467
0.0175038271597638
0.0175038271597638
0.0175038271597638
0.0175038271597638
0.0175038274099618
0.0175038279103485
0.0175038279103485
0.0175038281605372
0.0175038264280351
0.0175038264280351
0.0175038266782428
0.0175038266782428
0.0175038227129938
0.0175038227129938
0.0175038227129938
0.0175038227129938
0.0175038227129938
0.0175038224627357
0.0175038224627357
0.0175039338558571
0.0175039338558571
0.0175039338558571
0.0175039338558571
0.0175039338558571
0.0175039338558571
0.0175039338558571
0.0175039338558571
0.0175039338558571
0.0175039338558571
0.0175039338558571
0.0175039338558571
0.0173059471330095
0.0173059471330095
0.0175033775151852
0.0175033777718058
0.0175033777718058
0.0175033777718058
0.0175033777718058
0.0175033777718058
0.0175033777718058
0.0175033777718058
0.0175033777718058
0.0175033777718058
0.0175033777718058
0.0175033777718058
0.0175033777718058
0.0175033777718058
0.0175033777718058
0.0175033777718058
0.0175033780284232
0.017503376301214
0.017503376814483
0.0175033728470131
0.0175033713767235
0.0175033716334224
0.0175033716334224
0.0175033716334224
0.017503371890118
0.017503371890118
0.017503371890118
0.017503371890118
0.0175033721468103
0.0175033721468103
0.0175033721468103
0.0175033749003629
0.017503375157017
0.0175033731735471
0.0175033734302232
0.017503373686896
0.017503373686896
0.0175033739435656
0.0175033744568949
0.0175033724735765
0.0175033724735765
0.0175033727302616
0.0175033732436219
0.0175033732436219
0.0175033732436219
0.0175033732436219
0.0175033735002972
0.0175033735002972
0.0175033737569692
0.0175033737569692
0.0175033720304962
0.0175033700473797
0.0175033700473797
0.0175033703040957
0.0175033703040957
0.0175033665947521
0.0175033646117617
0.0175033628856071
0.0175033631424142
0.0175033631424142
0.0175033631424142
0.017503361416354
0.0175033616731798
0.0175033596903661
0.0175033596903661
0.017503359947214
0.017503359947214
0.017503359947214
0.017503359947214
0.0175033582213206
0.0175033584781871
0.017503354769751
0.017503354769751
0.0175033530440749
0.0175033530440749
0.0175033530440749
0.0175033530440749
0.0175033533010073
0.0175033533010073
0.0175033533010073
0.0175033513184711
0.0175033495929398
0.017503347867481
0.017503347867481
0.0175033481244793
0.0175034846745509
0.0175034849298096
0.0175034849298096
0.0175034849298096
0.0175034849298096
0.0175034849298096
0.0175034849298096
0.0175034849298096
0.0175034849298096
0.0175034849298096
0.0175034849298096
0.0175033775151852
0.0175033777718058
0.0175033777718058
0.0175033775151852
0.0175033775151852
0.0175033775151852
0.0175033775151852
0.0175033775151852
0.0175033775151852
0.0175033775151852
0.0175033777718058
0.0175033738040834
0.0175033738040834
0.0175033740607513
0.0175033740607513
0.0175033740607513
0.0175033740607513
0.017503374317416
0.017503374317416
0.017503374317416
0.017503374317416
0.017503374317416
0.0175033507707728
0.0175033507707728
0.0175033507707728
0.0175033507707728
0.0175033507707728
0.0175033507707728
0.0175033507707728
0.0175033507707728
0.0175033507707728
0.0175033507707728
0.0175033507707728
0.0175033507707728
0.0175033487873282
0.0175033487873282
0.0175033487873282
0.0175033490443145
0.0175033470609204
0.017503345334585
0.017503345334585
0.0175033455916153
0.0175033458486423
0.0175033461056661
0.0175033461056661
0.0175033461056661
0.0175033461056661
0.0175033461056661
0.0175033461056661
0.0175033461056661
0.0175033461056661
0.0175033461056661
0.0175033461056661
0.0175033461056661
0.0175033463626866
0.0175033463626866
0.0175033463626866
0.0175033461056661
0.0175033461056661
0.0175033461056661
0.0175033461056661
0.0175033483459293
0.0175033483459293
0.0175033483459293
0.0175033483459293
0.0175033486029212
0.0175033486029212
0.0175033468767178
0.0175033468767178
0.0175033468767178
0.0175033468767178
0.0175033468767178
0.0175033468767178
0.0175033468767178
0.0175033468767178
0.0175033468767178
0.0175033468767178
0.0175033473907359
0.0175033450402838
0.0175033450402838
0.0175033450402838
0.0175033450402838
0.0175033450402838
0.0175033450402838
0.0175033450402838
0.0175033450402838
0.0175033450402838
0.0175033450402838
0.0175033450402838
0.017503345297318
0.0175033433146557
0.0175033433146557
0.0175033413320186
0.0175033413320186
0.0175033413320186
0.0175033415891
0.0175033772585613
0.0175033772585613
0.0175033772585613
0.0175033775151852
0.0175033775151852
0.0175033775151852
0.0175033775151852
0.0175033775151852
0.0175033775151852
0.0175033777718058
0.017503375787932
0.017503375787932
0.0175033760445746
0.017503376301214
0.017503376301214
0.0175033765578501
0.0175033765578501
0.0175033765578501
0.0175033765578501
0.0175033765578501
0.017503376814483
0.017503376814483
0.0175033770711126
0.0175033750873903
0.0175033750873903
0.0175033736170437
0.0175033733603701
0.0175033733603701
0.0175033733603701
0.0175033733603701
0.0175033733603701
0.0175033733603701
0.0175033733603701
0.0175033733603701
0.0175033733603701
0.0175033733603701
0.0175033733603701
0.0175033733603701
0.0175033733603701
0.0175033733603701
0.0175033733603701
0.0175033733603701
0.0175033733603701
0.0175033733603701
0.0175033733603701
0.0175033733603701
0.0175033733603701
0.0175033736170437
0.0175033736170437
0.0175033736170437
0.0175033736170437
0.0175033736170437
0.0175033736170437
0.0175033736170437
0.0175033736170437
0.0175033716334224
0.0175033716334224
0.0175033716334224
0.0175033716334224
0.0175033716334224
0.0175033716334224
0.0175033716334224
0.017503371890118
0.0175033679230016
0.0175033679230016
0.0175033679230016
0.0175033679230016
0.0175033679230016
0.0175033681797444
0.0175033681797444
0.0175033681797444
0.0175033681797444
0.0175033681797444
0.0175033681797444
0.017503368436484
0.0175033667097757
0.0175033629997709
0.0175033629997709
0.0175033629997709
0.0175033632565765
0.0175033634693542
0.0175032518785515
0.0175032518785515
0.0175032518785515
0.0175032518785515
0.0175032518785515
0.0175032518785515
0.0175032518785515
0.0175032518785515
0.0175032518785515
0.0175032518785515
0.0175032518785515
0.0175032518785515
0.0175032526510698
0.0175032526510698
0.0175032529085693
0.0175032656059724
0.0175032658633068
0.0175032638801183
0.0175032638801183
0.017503259913817
0.017503259913817
0.017503259913817
0.017503259913817
0.017503259913817
0.017503259913817
0.017503260171224
0.0175032581881364
0.0175032584455653
0.0175032564625283
0.0175032544795165
0.0175032547369926
0.017503255251935
0.017503255251935
0.0175032532690242
0.0175032512861385
0.0175032493032781
0.0175032493032781
0.0175032495608202
0.0175032436124661
0.0175032436124661
0.0175032436124661
0.0175032438700806
0.0175032438700806
0.0175032438700806
0.0175032441276918
0.0175032441276918
0.0175032441276918
0.0175032441276918
0.0175032441276918
0.0175032441276918
0.0175032441276918
0.0175032441276918
0.0175032441276918
0.0175032441276918
0.0175032441276918
0.0175032441276918
0.0175032441276918
0.0175032441276918
0.0175032441276918
0.0175032441276918
0.0175032443852997
0.0175032443852997
0.0175032446429044
0.0175032446429044
0.0175032446429044
0.0175032449005058
0.0175032449005058
0.0175032431755211
0.0175032431755211
0.0175032434331412
0.017503243690758
0.0175032417082509
0.0175032419658897
0.0175032419658897
0.0175032424811574
0.0175032404987512
0.0175032437692697
0.0175032400623978
0.0175032398047347
0.0175032398047347
0.0175032400623978
0.0175032383378784
0.0175032385955602
0.0175032366134315
0.0175032366134315
0.0175032368711352
0.0175032368711352
0.0175032368711352
0.0175032368711352
0.0175032371288357
0.0175032351467826
0.017503235404505
0.017503235404505
0.0175032356622241
0.0175032356622241
0.0175032356622241
0.0175032356622241
0.01750323591994
0.0175032339379878
0.0175032339379878
0.0175032339379878
0.0175032339379878
0.0175032322138239
0.0175032324715837
0.0175032327293402
0.0175032349689195
0.0175032310052925
0.0175032310052925
0.0175032310052925
0.0175032312630677
0.0175032292813172
0.0175032650912936
0.0175032633653956
0.0175032636227586
0.0175032636227586
0.0175032636227586
0.0175032638801183
0.0175032638801183
0.0175032638801183
0.0175032638801183
0.0175032638801183
0.0175032643948279
0.0175033043487232
0.0175033043487232
0.0175033043487232
0.0175033043487232
0.0175033008971119
0.0175033011539977
0.0175033062910309
0.0175033062910309
0.0175033065478484
0.0175033068046627
0.0175033070614737
0.0171917798515084
0.0171917820903188
0.0171917820903188
0.0171917865678542
0.0171917843291007
0.0171917843291007
0.0171917843291007
0.0171917888065791
0.0171917888065791
0.0171917888065791
0.0171917888065791
0.0171917888065791
0.0171917955225832
0.0171917955225832
0.0171917955225832
0.0171917955225832
0.0171917977611943
0.0171917977611943
0.0171917977611943
0.0171917999997769
0.0171917999997769
0.0171917999997769
0.0171917999997769
0.017191802238331
0.017191802238331
8.25483155848877e-06
0.0171918044768567
0.0171918044768567
0.0171918044768567
0.0171918044768567
0.0171918044768567
0.0171918067153539
0.017191811192263
0.0171918134306748
0.0171918134306748
0.0171918156690581
0.017191817907413
0.017191817907413
0.017191817907413
0.0171918201457394
0.0171918223840374
0.0171918223840374
0.0171918223840374
0.0171918223840374
0.0171918246223069
0.0171918246223069
0.0171918268605479
0.0171918313369446
0.0171918313369446
0.0171918358132275
0.0171918358132275
0.0171918358132275
0.0171918380513262
0.0171918380513262
0.0171918380513262
0.0171918380513262
0.0171918380513262
0.0171918380513262
0.0171918402893965
0.0171918402893965
0.0171918425274383
0.0171918425274383
0.0171918425274383
0.0171918470034366
0.0171918470034366
0.0171918470034366
0.017191849241393
0.017191849241393
0.017191851479321
0.017191851479321
0.0173023235633602
0.0173023250986049
0.0173023243959591
0.0173023259311933
0.0173021739784224
0.0173021755155693
0.0173021755155693
0.0173021755155693
0.0173021770526967
0.0173021770526967
0.0173021808303528
0.0173021808303528
0.0173021808303528
0.0173021808303528
0.0173021808303528
0.0173021808303528
0.0173021869784746
0.0173021885154562
0.0173021878120411
0.0173021878120411
0.0173021878120411
0.0173021901825752
0.0173021901825752
0.0173021917195161
0.0173021671261164
0.0173021671261164
0.0173021693668642
0.017302167829639
0.0173056779579176
0.0173056816923317
0.0173056832075693
0.0173056847227877
0.0173056855341506
0.0173056855341506
0.0173056855341506
0.0173056870493394
0.0173056863455212
0.0173056863455212
0.0173056863455212
0.0173056878606996
0.017305686453108
0.0173056887796785
0.0173056887796785
0.0173056887796785
0.0173056887796785
0.017305690294826
0.0173056895910795
0.0173056911062166
0.0173056911062166
0.0173056934327225
0.0173056964628798
0.0173056972742547
0.0173056972742547
0.0173056987892941
0.0173056980856372
0.017305821866447
0.0173058226763332
0.0173058257046218
0.0173058250003706
0.0173058250003706
0.017305826514495
0.0173058280286001
0.0173058273243759
0.0173058273243759
0.0173058273243759
0.0173058288384707
0.0173058288384707
0.0173058296483489
0.0173058296483489
0.0173058311624142
0.0173058311624142
0.0173058311624142
0.0173058311624142
0.0173058326764601
0.0173058319722897
0.0173058319722897
0.0173058304582347
0.0173058304582347
0.017305849329695
0.0173058508435099
0.0173058508435099
0.0173058508435099
0.017305855384839
0.017305855384839
0.017305855384839
0.017305855384839
0.0173058569390565
0.0173058569390565
0.0173058569390565
0.0173058569390565
0.0173057475581911
0.0173057490725909
0.0173057490725909
0.0173057521013327
0.0173057521013327
0.0173057536156747
0.0173057536156747
0.0173057536156747
0.0173057536156747
0.017305752910973
0.0173056749206919
0.0173056764360157
0.0173056757306859
0.0173056757306859
0.0173056802765685
0.0173056802765685
0.0173056802765685
0.0173056802765685
0.0173056802765685
0.0173056802765685
0.0173056802765685
0.0173056810865392
0.0173056810865392
0.0173056826017846
0.0173056826017846
0.0173056826017846
0.0173056826017846
0.0173056841170106
0.0173056856322174
0.0173056864421649
0.0173056864421649
0.0173056864421649
0.0173056864421649
0.0173056864421649
0.0173056864421649
0.0173056879573421
0.0173056879573421
0.0173056917975629
0.0173056917975629
0.017305693312672
0.017305693312672
0.017305693312672
0.017305693312672
0.017305693312672
0.0173056948277618
0.0173056963428323
0.0173056978578836
0.0173056993729156
0.0173056979626419
0.0173057016977984
0.0173057016977984
0.0173057032127815
0.0173057032127815
0.0173057047277453
0.0173057168467624
0.0173057304791823
0.0173057319937993
0.0173057328034711
0.0173057328034711
0.0173057343180585
0.0173057336131506
0.0173057344228377
0.0173057330130846
0.0173057345276693
0.0173057382616263
0.0173057390713081
0.0173057390713081
0.0173057405858158
0.0173057405858158
0.0173057405858158
0.0173057405858158
0.0173057421003042
0.0173057429099731
0.0173057429099731
0.0173057422051818
0.017305744424432
0.0173057459388716
0.0173057353373897
0.0173057331179701
0.0173057331179701
0.0173057339277263
0.0173057339277263
0.0173057354422995
0.0173057369568533
0.0173057369568533
0.0173057369568533
0.017305738471388
0.0173057399859033
0.0173057430148762
0.0173057430148762
0.0173057430148762
0.0173057627013221
0.0173057627013221
0.0173057627013221
0.0173057627013221
0.0173057627013221
0.0173057642155292
0.0173057642155292
0.0173057642155292
0.0173057672438858
0.0173057673488202
0.0173057666442262
0.0173057666442262
0.0173057666442262
0.0173057666442262
0.0173057666442262
0.0173056749206919
0.0173056749206919
0.0173056743200531
0.0173056992682111
0.0173056963428323
0.0173056963428323
0.0173056963428323
0.0173056978578836
0.0173056979626419
0.0173056979626419
0.0173056979626419
0.0173056979626419
0.0173056979626419
0.0173056972575186
0.0173056994776726
0.0173056987725582
0.0173056987725582
0.0173057018025797
0.0173057018025797
0.017305704832524
0.017305704832524
0.017305704832524
0.0173057063474673
0.0173057063474673
0.0173057063474673
0.0173057064522972
0.0173057064522972
0.0173057079672198
0.0173057065571796
0.0173057065571796
0.0173057065571796
0.0173057065571796
0.0173057065571796
0.0173057065571796
0.0173057080721009
0.0173057059571348
0.0173057074720637
0.0173057074720637
0.0173057089869735
0.0173057082820206
0.0173057082820206
0.0173057082820206
0.0173057090919852
0.0173057090919852
0.0173057090919852
0.0173057090919852
0.0173057090919852
0.0173057090919852
0.0173057090919852
0.0173057128266611
0.0173057128266611
0.0173057128266611
0.0173057128266611
0.0173057128266611
0.0173057128266611
0.0173057115219247
0.0173057115219247
0.0173057130367829
0.0173057123319198
0.0173057123319198
0.0173057123319198
0.0173058300381004
0.0173059424921246
0.0173059424921246
0.0173059440054641
0.0173059440054641
0.0173059463258912
0.0173059456197059
0.0173059456197059
0.0173059479401278
0.0173059479401278
0.0173059479401278
0.0173059479401278
0.0173059479401278
0.0173059479401278
0.0173059479401278
0.0173059479401278
0.0173059479401278
0.0173059479401278
0.0173059479401278
0.0173059479401278
0.0173059479401278
0.0173059494533981
0.0173059494533981
0.0173059502605177
0.0173059510676451
0.0173059510676451
0.0173059510676451
0.0173059525808756
0.0173059525808756
0.0173059540940868
0.0173059571204515
0.0173059571204515
0.0173059571204515
0.0173059571204515
0.0173059571204515
0.0173056658283443
0.0173056658283443
0.0173056666384
0.0173056681538292
0.0173056674484634
0.0173056674484634
0.0173056689638823
0.0173056689638823
0.0173056689638823
0.0173056689638823
0.0173056689638823
0.0173056689638823
0.0173056689638823
0.0173056614156573
0.0173056607104621
0.0173056721288454
0.0173056721288454
0.0173056736442048
0.0173056729391084
0.0173056729391084
0.0173056744544575
0.0173056744544575
0.0173056744544575
0.0173056744544575
0.0173056744544575
0.0173056759697873
0.0173056759697873
0.0173056752647178
0.0173056774850979
0.0173056767800374
0.0173056767800374
0.0173056767800374
0.0173056767800374
0.0173056767800374
0.0173056782953376
0.0173056798106186
0.017305679105585
0.017305679105585
0.0173056784005604
0.01730567991584
0.01730567991584
0.01730567991584
0.01730567991584
0.01730567991584
0.01730567991584
0.0173056814311003
0.0173056814311003
0.0173056814311003
0.0173056829463414
0.0173056815363729
0.0173056823466509
0.0173056809367542
0.0173056809367542
0.0173056824520016
0.0173056817470757
0.0173056817470757
0.0173056832623128
0.0173056832623128
0.0173056832623128
0.0173056832623128
0.0173056832623128
0.0173056832623128
0.0173056832623128
0.0173056832623128
0.0173056832623128
0.0173056847775305
0.0173056847775305
0.0173056878079083
0.0173056893230683
0.0173056893230683
0.0173056893230683
0.0173056893230683
0.0173056893230683
0.0173056893230683
0.0173056908382089
0.0173056909436311
0.0173056909436311
0.0173056909436311
0.0173056924587511
0.0173056924587511
0.0173056932690337
0.0173056932690337
0.0173056932690337
0.0173056932690337
0.0173056932690337
0.0173056932690337
0.0173056932690337
0.0173056932690337
0.0173056947841242
0.017305695594404
0.017305695594404
0.017305695594404
0.0173056948896217
0.0173056948896217
0.0173056948896217
0.0173056948896217
0.0173056658283443
0.0173056658283443
0.0173056673437837
0.0173056673437837
0.0173056673437837
0.0173056673437837
0.017305668859204
0.0173056681538292
0.0173056681538292
0.0173056681538292
0.0173056681538292
0.0173056681538292
0.0173056681538292
0.0173056681538292
0.0173056681538292
0.0173056681538292
0.0173056681538292
0.0173056696692391
0.0173056689638823
0.0173056947230534
0.0173057204766536
0.0173057205813396
0.0173057205813396
0.0173057205813396
0.0173057205813396
0.0173057220960825
0.0173057220960825
0.0173057220960825
0.0173057220960825
0.0173057220960825
0.0173057220960825
0.0173057220960825
0.0173057220960825
0.0173057220960825
0.0173057220960825
0.0173057236108061
0.0173057229058084
0.0173057229058084
0.0173057244205217
0.017305725230245
0.017305725230245
0.017305725230245
0.017305725230245
0.017305725230245
0.017305725230245
0.0173057267449288
0.0173057260399759
0.0173057260399759
0.0173057260399759
0.0173057275546494
0.0173057275546494
0.0173057290693036
0.0173057290693036
0.0173057306887472
0.0173057306887472
0.0173057306887472
0.0173057306887472
0.0173057306887472
0.0173057322033616
0.0173057322033616
0.0173057322033616
0.0173057322033616
0.0173057322033616
0.0173057322033616
0.0173057322033616
0.0173057322033616
0.0173057322033616
0.0173057322033616
0.0173057323082215
0.0173057323082215
0.0173057323082215
0.0173057338228152
0.0173057338228152
0.0173057338228152
0.0173057361471177
0.0173057354422995
0.0173057354422995
0.0173057354422995
0.0173057354422995
0.0173057354422995
0.0173057354422995
0.0173057354422995
0.017305736252053
0.017305738471388
0.017305738471388
0.0173057399859033
0.0173057415003994
0.0173057415003994
0.0173057415003994
0.0173057430148762
0.0173057430148762
0.0173057430148762
0.0173057430148762
0.0173057598827845
0.0173057598827845
0.0173057598827845
0.0173056658283443
0.0173056658283443
0.0173056658283443
0.0173056673437837
0.0173056666384
0.0173056666384
0.0173056666384
0.0173056787612936
0.0173056765406875
0.0173056780559907
0.0173056773506967
0.0173056781607137
0.0173056781607137
0.0173056781607137
0.0173056781607137
0.0173056781607137
0.0173056796759962
0.0173056789707382
0.0173056789707382
0.0173056804860105
0.0173056804860105
0.0173056820012635
0.0173056820012635
0.0173056820012635
0.0173056820012635
0.0173056835164973
0.0173056835164973
0.0173056835164973
0.0173056835164973
0.0173056850317117
0.0173056850317117
0.0173056865469069
0.0173056865469069
0.0173056865469069
0.0173056880620828
0.0173056866517014
0.0173056874617078
0.017305688976872
0.017305690492017
0.0173056920071427
0.0173056920071427
0.0173056935222492
0.0173056935222492
2.232795999812e-07
2.232795999812e-07
2.232795999812e-07
2.232795999812e-07
2.232795999812e-07
2.232795999812e-07
2.232795999812e-07
2.232795999812e-07
2.232795999812e-07
2.232795999812e-07
2.67893328494628e-06
2.67890061693874e-06
2.67890061693874e-06
2.67890061693874e-06
2.67888499364502e-06
2.67888499364502e-06
2.67888499364502e-06
2.67888499364502e-06
2.67886937055009e-06
2.67886937055009e-06
2.67886937055009e-06
2.67886937055009e-06
2.67885374765396e-06
2.67885374765396e-06
2.67885374765396e-06
2.67883812495661e-06
2.67883812495661e-06
2.67883812495661e-06
2.67883812495661e-06
2.67883812495661e-06
2.67883812495661e-06
2.67883812495661e-06
2.67882250245806e-06
2.67882250245806e-06
2.6785682991984e-06
2.6785682991984e-06
2.6785526798799e-06
2.6785526798799e-06
2.6785526798799e-06
2.6785526798799e-06
2.6785526798799e-06
2.6785526798799e-06
2.67853706076013e-06
2.67853706076013e-06
2.67853706076013e-06
2.67853706076013e-06
2.67853706076013e-06
2.67852144183907e-06
2.67852144183907e-06
2.67852144183907e-06
2.67852144183907e-06
2.67852144183907e-06
2.67852144183907e-06