0.108373081627076
0.10837308197213
0.10837308231718
0.10837308231718
0.108373081867793
0.108373081763468
0.108373081763468
0.108373081763468
0.108373081763468
0.108373081763468
0.108373082453569
0.108373099476752
0.108373099027485
0.108373099027485
0.108373098578223
0.108373099192663
0.108373099192663
0.108373100795492
0.108373105639319
0.108373105984068
0.108373105804486
0.108373106149233
0.108373106149233
0.108373106493976
0.108373106493976
0.108373107033025
0.108373106688289
0.108373106239199
0.108373106239199
0.108373106778253
0.108373105880112
0.108373105880112
0.108373105880112
0.10837310543105
0.108373106045338
0.108373106120549
0.108373106120549
0.108373105671505
0.108373106465292
0.108373106465292
0.108373106016253
0.108373106285788
0.108373106285788
0.108373106285788
0.10837310583676
0.108373106106297
0.108373106181507
0.108373106256715
0.108373106152446
0.108373106152446
0.108373105778648
0.108373105404855
0.108373105480061
0.108373105900015
0.108373104703472
0.108373105048233
0.108373104599269
0.108373105587344
0.108373105483147
0.108373105034205
0.108373103687413
0.108373104481106
0.10837310482587
0.108373104452153
0.108373104452153
0.108373104452153
0.108373105515384
0.108373105515384
0.108373105860135
0.10837310647443
0.10837310647443
0.10837310753759
0.10837310753759
0.10837310753759
0.108373107807123
0.108373107807123
0.108373107882315
0.108373107882315
0.108373107433442
0.108373107433442
0.108373107702977
0.108373107702977
0.108373107329306
0.108373107329306
0.108373107329306
0.108373108018757
0.108373108093944
0.108373108093944
0.108373108438662
0.108373108438662
0.10837310870819
0.10837310870819
0.10837310870819
0.1083731090529
0.1083731090529
0.10837310932242