1.11602870559754e-07
1.11602870559754e-07
1.11602870559754e-07
1.1160216061783e-07
1.1160216061783e-07
1.1160216061783e-07
1.1160216061783e-07
1.1160216061783e-07
1.1160216061783e-07
1.1160216061783e-07
1.11600740761077e-07
1.11589383207539e-07
1.11589383207539e-07
1.11589383207539e-07
1.11589383207539e-07
1.11589383207539e-07
1.11588673437198e-07
1.11587963675886e-07
1.11575189516038e-07
1.11574479926245e-07
1.11574479926245e-07
1.11573770345477e-07
1.11573770345477e-07
1.11573770345477e-07
1.11573770345477e-07
1.11573060773735e-07
1.11573770345477e-07
1.11573770345477e-07
1.11573770345477e-07
1.11573770345477e-07
1.11573770345477e-07
1.11573770345477e-07
1.11573770345477e-07
1.11573770345477e-07
1.11573770345477e-07
1.11573770345477e-07
1.11573770345477e-07
1.11573770345477e-07
1.11573770345477e-07
1.11573770345477e-07
1.11573770345477e-07
1.11573770345477e-07
1.11573770345477e-07
1.11573770345477e-07
1.11573770345477e-07
1.11573770345477e-07
1.11573770345477e-07
1.11573770345477e-07
1.11573770345477e-07
1.11573770345477e-07
1.11573770345477e-07
1.11573770345477e-07
1.11573770345477e-07
1.11573770345477e-07
1.11573770345477e-07
1.11573770345477e-07
1.11573770345477e-07
1.11573770345477e-07
1.11573770345477e-07
1.11573770345477e-07
1.11573770345477e-07
1.11573770345477e-07
1.11573770345477e-07
1.11573060773735e-07
1.11573060773735e-07
1.11573060773735e-07
1.11573060773735e-07
1.11573060773735e-07
1.11573060773735e-07
1.11573060773735e-07
1.11573060773735e-07
1.11573060773735e-07
1.11573060773735e-07
1.11573060773735e-07
1.11573060773735e-07
1.11573060773735e-07
1.11573060773735e-07
1.11573060773735e-07
1.11573060773735e-07
1.11573060773735e-07
1.11573060773735e-07
1.11573060773735e-07
1.11573060773735e-07
1.11573060773735e-07
1.11573060773735e-07
1.11573060773735e-07
1.11573060773735e-07
1.11573060773735e-07
1.11572351211017e-07
1.11572351211017e-07
1.11572351211017e-07
1.11572351211017e-07
1.11572351211017e-07
1.11572351211017e-07
1.11572351211017e-07
1.11572351211017e-07