0.0
0.0
0.0
0.0
0.0
0.0
0.0
0.0
0.0
0.0
0.0
3.23568049596511e-06
3.23568049596511e-06
3.23568049596511e-06
3.23568049596511e-06
3.23568049596511e-06
3.23568049596511e-06
3.23568049596511e-06
3.23568049596511e-06
3.23568049596511e-06
3.23568049596511e-06
3.23568049596511e-06
3.23568049596511e-06
3.23568049596511e-06
3.23568049596511e-06
3.23568049596511e-06
3.23568049596511e-06
3.23568049596511e-06
3.23568049596511e-06
3.23568049596511e-06
3.23568049596511e-06
3.23568049596511e-06
3.23568049596511e-06
3.23568049596511e-06
3.23568049596511e-06
3.23568049596511e-06
3.23568049596511e-06
3.23568049596511e-06
3.23568049596511e-06
3.23568049596511e-06
3.23568049596511e-06
3.23568049596511e-06
3.23568049596511e-06
3.23568049596511e-06
3.23568049596511e-06
3.23568049596511e-06
3.23568049596511e-06
3.23568049596511e-06
3.23568049596511e-06
3.23568049596511e-06
3.23568049596511e-06
3.23568049596511e-06
3.23568049596511e-06
3.23568049596511e-06
3.23568049596511e-06
3.23568049596511e-06
3.23568049596511e-06
3.23568049596511e-06
3.23568049596511e-06
3.23568049596511e-06
3.23568049596511e-06
3.23568049596511e-06
3.23568049596511e-06
3.23568049596511e-06
3.23568049596511e-06
3.23568049596511e-06
3.23568049596511e-06
3.23568049596511e-06
3.23568049596511e-06
3.23568049596511e-06
3.23568049596511e-06
3.23568049596511e-06
3.23568049596511e-06
3.23568049596511e-06
3.23568049596511e-06
3.23568049596511e-06
3.23568049596511e-06
3.23568049596511e-06
3.23568049596511e-06
3.23568049596511e-06
1.45584739261569e-05
1.45584739261569e-05
1.45584739261569e-05
1.45584739261569e-05
1.45584739261569e-05
1.45584739261569e-05
0.000831569887463032
0.000831569887463032
0.000831569887463032
0.000831569887463032
0.000831569887463032
0.000831569887463032
0.000831569887463032
0.000831569887463032
0.000831569887463032
0.000831569887463032