0.00255682266091555
0.00255682266091555
0.00255682266091555
0.00255682266091555
0.00255682266091555
0.00255682266091555
0.00255682266091555
0.00255682266091555
0.00255682266091555
0.00255682266091555
0.00255682266091555
0.0025584675692278
0.0025584675692278
0.0025584675692278
0.00255517410872297
0.00255517410872297
0.00255517410872297
0.00255517410872297
0.00255517410872297
0.00255517410872297
0.00255517410872297
0.00255517410872297
0.00255517410872297
0.00255517410872297
0.00255517410872297
0.00255517410872297
0.00255517410872297
0.00255517410872297
0.00255517410872297
0.00255517410872297
0.00255517410872297
0.00255517410872297
0.00255517410872297
0.00255517410872297
0.00255517410872297
0.00255517410872297
0.00255517410872297
0.00255517410872297
0.00255517410872297
0.00255517410872297
0.00255517410872297
0.00255517410872297
0.00255517410872297
0.00255517410872297
0.00255517410872297
0.00255517410872297
0.00255517410872297
0.00255517410872297
0.00255517410872297
0.00255517410872297
0.00255517410872297
0.00255517410872297
0.00255517410872297
0.00255517410872297
0.00255517410872297
0.00255517410872297
0.00255517410872297
0.00255517410872297
0.00255517410872297
0.00255517410872297
0.00255517410872297
0.00255517410872297
0.00255517410872297
0.00255517410872297
0.00255517410872297
0.00255517410872297
0.00255517410872297
0.00255517410872297
0.00255517410872297
0.00255517410872297
0.00255517410872297
0.00255517410872297
0.00255517410872297
0.00255517410872297
0.00255517410872297
0.0025584675692278
0.0025584675692278
0.0025584675692278
0.00255517410872297
0.00255517410872297
0.00255517410872297
0.00255517410872297
0.00255517410872297
0.00255517410872297
0.00255517410872297
0.00255517410872297
0.00255517410872297
0.00255517410872297
0.00255517410872297
0.00255517410872297
0.00255517410872297
0.00255517410872297
0.00255517410872297
0.00255517410872297
0.00255517410872297
0.00255517410872297