0.877395668940667
0.877395668940667
0.877395668940667
0.877395668940667
0.877395668940667
0.877395668940667
0.877395668940667
0.877395668940667
0.877395668940667
0.877395668940667
0.877395668940667
0.877388591637137
0.877388591637137
0.877388591637137
0.877388591637137
0.877388591637137
0.877388591637137
0.877388591637137
0.877388591637137
0.877388591637137
0.877388591637137
0.877388591637137
0.877388591637137
0.877388591637137
0.877388591637137
0.877388591637137
0.877388591637137
0.877388591637137
0.877388591637137
0.877388591637137
0.877388591637137
0.877388591637137
0.877388591637137
0.877388591637137
0.877388591637137
0.877388591637137
0.877388591637137
0.877388591637137
0.877388591637137
0.877388591637137
0.877388591637137
0.877388591637137
0.877388591637137
0.877382005930754
0.877382005930754
0.877382005930754
0.877382005930754
0.877382005930754
0.877382005930754
0.877382005930754
0.877382005930754
0.877382005930754
0.877382005930754
0.877382005930754
0.877382005930754
0.877382005930754
0.877382005930754
0.877382005930754
0.877382005930754
0.877382005930754
0.877382005930754
0.877382005930754
0.877382005930754
0.877382005930754
0.877382005930754
0.877382005930754
0.877382005930754
0.877382005930754
0.877382005930754
0.877382005930754
0.877382005930754
0.877382005930754
0.877382005930754
0.877382005930754
0.877382005930754
0.87738485727832
0.87738485727832
0.87738485727832
0.87738485727832
0.87738485727832
0.87738485727832
0.87738485727832
0.87738485727832
0.87738485727832
0.87738485727832
0.87738485727832
0.87738485727832
0.87738485727832
0.87738485727832
0.87738485727832
0.87738485727832
0.87738485727832
0.87738485727832
0.87738485727832
0.87738485727832
0.87738485727832