0.0520833333333333
0.0520833333333333
0.0520833333333333
0.0520833333333333
0.0520833333333333
0.0520833333333333
0.0520833333333333
0.0520833333333333
0.0520833333333333
0.0520833333333333
0.0520833333333333
0.0520833333333333
0.0520833333333333
0.0520833333333333
0.0520833333333333
0.0520833333333333
0.0520833333333333
0.0520833333333333
0.0520833333333333
0.0520833333333333
0.0520833333333333
0.0520833333333333
0.0520833333333333
0.0520833333333333
0.0520833333333333
0.0520833333333333
0.0520833333333333
0.0520833333333333
0.0520833333333333
0.0520833333333333
0.0520833333333333
0.0520833333333333
0.0520833333333333
0.0520833333333333
0.0520833333333333
0.0520833333333333
0.0572916666666667
0.0572916666666667
0.0572916666666667
0.0572916666666667
0.0572916666666667
0.0572916666666667
0.0572916666666667
0.0572916666666667
0.0572916666666667
0.0572916666666667
0.0572916666666667
0.0572916666666667
0.0572916666666667
0.0572916666666667
0.0572916666666667
0.0572916666666667
0.0572916666666667
0.0572916666666667
0.0572916666666667
0.0572916666666667
0.0572916666666667
0.0572916666666667
0.0572916666666667
0.0572916666666667
0.0572916666666667
0.0572916666666667
0.0572916666666667
0.0572916666666667
0.0572916666666667
0.0625
0.0625
0.0625
0.0625
0.0625
0.0625
0.0625
0.0625
0.0625
0.0625
0.0625
0.0625
0.0625
0.0625
0.0625
0.0572916666666667
0.0625
0.0625
0.0625
0.0625
0.0625
0.0625
0.0625
0.0625
0.0625
0.0625
0.0625
0.0625
0.0625
0.0625
0.0625