0.0970041295141903
0.0970041295141903
0.0970041295141903
0.0970041295141903
0.0970041295141903
0.0970041295141903
0.0970041295141903
0.0970041295141903
0.0970041295141903
0.0970041295141903
0.0970041295141903
0.0970041295141903
0.0970041295141903
0.0970041295141903
0.0970041295141903
0.0970041295141903
0.0970041295141903
0.0970041295141903
0.0970041295141903
0.114127146952839
0.114127146952839
0.114127146952839
0.114127146952839
0.114127146952839
0.114127146952839
0.114127146952839
0.114127146952839
0.114127146952839
0.114127146952839
0.114127146952839
0.114127146952839
0.114127146952839
0.114127146952839
0.114127146952839
0.114127146952839
0.114127146952839
0.114127146952839
0.114127146952839
0.114127146952839
0.114127146952839
0.114127146952839
0.114127146952839
0.114127146952839
0.114127146952839
0.114127146952839
0.114127146952839
0.114127146952839
0.114127146952839
0.114127146952839
0.114127146952839
0.114127146952839
0.114127146952839
0.114127146952839
0.114127146952839
0.114127146952839
0.114127146952839
0.114127146952839
0.114127146952839
0.114127146952839
0.114127146952839
0.114127146952839
0.114127146952839
0.114127146952839
0.114127146952839
0.114127146952839
0.114127146952839
0.114127146952839
0.114127146952839
0.114127146952839
0.114127146952839
0.114127146952839
0.114127146952839
0.114127146952839
0.114127146952839
0.114127146952839
0.114127146952839
0.114127146952839
0.114127146952839
0.114127146952839
0.114127146952839
0.114127146952839
0.114127146952839
0.114127146952839
0.114127146952839
0.114127146952839
0.114127146952839
0.114127146952839
0.114127146952839
0.114127146952839
0.114127146952839
0.114127146952839
0.114127146952839
0.114127146952839
0.114127146952839
0.114127146952839
0.114127146952839