0.0241656710488022
0.0241656710488022
0.0241656710488022
0.0241656710488022
0.0241656710488022
0.0241656710488022
0.0241656710488022
0.0241656710488022
0.0241656692594858
0.024165209407148
0.024165209407148
0.024165209407148
0.024165209407148
0.024165209407148
0.024165209407148
0.024165209407148
0.024165209407148
0.024165209407148
0.024165209407148
0.024165209407148
0.024165209407148
0.024165209407148
0.024165209407148
0.024165209407148
0.024165209407148
0.024165209407148
0.024165209407148
0.024165209407148
0.024165209407148
0.024165209407148
0.024165209407148
0.024165209407148
0.024165209407148
0.024165209407148
0.024165209407148
0.024165209407148
0.024165209407148
0.024165209407148
0.024165209407148
0.024165209407148
0.024165209407148
0.024165209407148
0.024165209407148
0.024171677191485
0.024171677191485
0.024171677191485
0.024171677191485
0.024171677191485
0.024171677191485
0.024171677191485
0.024171677191485
0.024171677191485
0.024171677191485
0.024171677191485
0.024171677191485
0.024171677191485
0.024171677191485
0.024171677191485
0.024171677191485
0.024171677191485
0.024171677191485
0.024171677191485
0.024171677191485
0.024171677191485
0.024171677191485
0.024171677191485
0.024171677191485
0.024171677191485
0.024171677191485
0.024171677191485
0.024171677191485
0.024171677191485
0.024171677191485
0.024171677191485
0.024171677191485
0.024171677191485
0.024171677191485
0.024171677191485
0.024171677191485
0.024171677191485
0.024171677191485
0.024171677191485
0.024171677191485
0.024171677191485
0.024171677191485
0.024171677191485
0.024171677191485
0.024171677191485
0.024171677191485
0.024171677191485
0.024171677191485
0.024171677191485
0.024171677191485
0.024171677191485
0.024171677191485
0.024171677191485