0.0119242309484675
0.0119387112315575
0.0118676467298149
0.0118676130362751
0.0118355939407134
0.0118355939407134
0.0118355939407134
0.0118355939407134
0.0118395288913116
0.0118395288913116
0.0118395288913116
0.0118395288913116
0.011838540966387
0.011838540966387
0.011838540966387
0.011838540966387
0.011838540966387
0.011838540966387
0.0116818148141739
0.0116818148141739
0.0116764285257747
0.0116764285257747
0.0117019903485095
0.0117019903485095
0.0116794729020944
0.0116750435779534
0.0113163468534716
0.0116743668546449
0.0116743668546449
0.0116426949209591
0.0116426949209591
0.0116426949209591
0.0116049367210867
0.0116049367210867
0.0116049367210867
0.0116048138176826
0.0114054876222837
0.0114162786907817
0.0114059142706636
0.0112425437742805
0.011229370880119
0.0112264813902305
0.0112264813902305
0.0112317964754561
0.011219350612953
0.0111990572224806
0.0111990572224806
0.011181704573617
0.011181704573617
0.01118009705824
0.0110533144486101
0.0108915034718587
0.0108898235245229
0.0108809267388141
0.0108801995320006
0.0108834662394312
0.0108857168248126
0.0108857168248126
0.0108857168248126
0.0108857168248126
0.0108857168248126
0.0108857168248126
0.0108857168248126
0.0108857168248126
0.0108857168248126
0.0108857168248126
0.0108857168248126
0.0108857168248126
0.0108857168248126
0.0108857168248126
0.0108857168248126
0.0108857168248126
0.0108857168248126
0.0108857168248126
0.0108857168248126
0.0108857168248126
0.0108857168248126
0.0108857168248126
0.0108857168248126
0.0108857168248126
0.0108857168248126
0.0108857168248126
0.0108857168248126
0.0108857168248126
0.0108777599334487
0.0108746242722004
0.0108746242722004
0.0108746242722004
0.0108746242722004
0.0106289838311921
0.0111511766219359
0.0105679315466109
0.0105679315466109
0.010542945866311
0.0105018693347141
0.0104266449268112