0.140918960690864
0.140891356053367
0.140221755566081
0.14021804927671
0.141724325599692
0.141724325599692
0.141724325599692
0.141724325599692
0.141756170570965
0.141756170570965
0.141756170570965
0.141756170570965
0.141749536067895
0.141749536067895
0.141749536067895
0.141749536067895
0.140919832686854
0.13988772879681
0.137533566704608
0.137533566704608
0.136618582412482
0.136618582412482
0.136636861830775
0.136636861830775
0.136636861830775
0.136630942328154
0.140079603143001
0.13747183513724
0.13747183513724
0.136471531551286
0.136471531551286
0.136471531551286
0.136235623032858
0.136235623032858
0.13623555039947
0.13623555039947
0.135521830469921
0.135545078166064
0.135539731827948
0.134170743177113
0.134175954620159
0.134994596599927
0.134994596599927
0.134994596599927
0.13480380098922
0.134644012068482
0.134644012068482
0.13452142750645
0.13452142750645
0.134560660364986
0.134299391122997
0.134602398146326
0.134609006754176
0.134596329879382
0.134593602323621
0.134591392588657
0.134591392588657
0.134591392588657
0.134591392588657
0.134591392588657
0.134591392588657
0.134591392588657
0.134591392588657
0.134591392588657
0.134591392588657
0.134591392588657
0.134591392588657
0.134591392588657
0.134591392588657
0.134591392588657
0.134591392588657
0.134591392588657
0.134591392588657
0.134591392588657
0.134591392588657
0.134591392588657
0.134591392588657
0.134591392588657
0.134591392588657
0.134591392588657
0.134591392588657
0.134591392588657
0.134591392588657
0.134591392588657
0.134097538230763
0.134097538230763
0.134097538230763
0.134097538230763
0.134097538230763
0.133219946641666
0.125855268654894
0.13329001600719
0.13329001600719
0.134079126285352
0.132071223513602
0.130812571803867