0.000261680104956538
0.000261680104956538
0.000259623422476939
0.000259623422476939
0.000257230797267658
0.000257230797267658
0.000257230797267658
0.000257230797267658
0.000257417639314355
0.000257417639314355
0.000257417639314355
0.000257417639314355
0.00025740719871985
0.00025740719871985
0.00025740719871985
0.00025740719871985
0.00025740719871985
0.00025740719871985
0.000256493880559121
0.000256493880559121
0.00025612327201099
0.00025612327201099
0.000256023807659843
0.000256023807659843
0.000255911220427767
0.000255889154748301
0.000255889154748301
0.000255887938067021
0.000255887938067021
0.000255887938067021
0.000255887938067021
0.000255887938067021
0.000255148846009938
0.000255148846009938
0.000255148846009938
0.000255147007658414
0.000156862331340391
0.000156783410978486
0.000269008734364105
0.000246214397097052
0.00024609905023788
0.000246085951990126
0.000246085951990126
0.000246112527416254
0.000245745565209888
0.000248575382427951
0.000248575382427951
0.000248575382427951
0.000248575382427951
0.000248575382427951
0.00024534539436194
0.000248923019834198
0.000248826945093269
0.000233511320705894
0.000236329174628346
0.000236332736379422
0.000236343989306329
0.000236343989306329
0.000236343989306329
0.000236343989306329
0.000236343989306329
0.000236343989306329
0.000236343989306329
0.000236343989306329
0.000236343989306329
0.000236343989306329
0.000236343989306329
0.000236343989306329
0.000236343989306329
0.000236343989306329
0.000236343989306329
0.000236343989306329
0.000236343989306329
0.000236343989306329
0.000236343989306329
0.000236343989306329
0.000236343989306329
0.000236343989306329
0.000236343989306329
0.000236343989306329
0.000236343989306329
0.000236343989306329
0.000236343989306329
0.000236343989306329
0.000223639884394738
0.000226775545642982
0.000226775545642982
0.000226775545642982
0.000226775545642982
0.0002263807697823
0.000221669830985988
0.000221669830985988
0.000221669830985988
0.000221544902584489
0.00022129905730098
0.000221071021158839
