0.0315854428670048
0.0315854428670048
0.0321488449757154
0.0321488449757154
0.0307901825389213
0.0307901825389213
0.0307901825389213
0.0307901825389213
0.0307855746130869
0.0307855746130869
0.0307855746130869
0.0307855746130869
0.0307855746130869
0.0307855746130869
0.0307855746130869
0.0307855746130869
0.0307855746130869
0.0307920192408452
0.0309200330265794
0.0309200330265794
0.0309053417168831
0.0309053417168831
0.0309168771800865
0.0309168771800865
0.0309168771800865
0.0309168771800865
0.0309168771800865
0.0309168771800865
0.0309168771800865
0.0309168771800865
0.0309168771800865
0.0309168771800865
0.0309168771800865
0.0309168771800865
0.0309168771800865
0.0309168174302022
0.031320649379291
0.0313379754876143
0.0313379754876143
0.0321670602728956
0.0320854928130149
0.0320854928130149
0.0320854928130149
0.0320854928130149
0.0320246180339641
0.0320246180339641
0.0320246180339641
0.0320246180339641
0.0320246180339641
0.0320246180339641
0.0330692152431784
0.0342027955848465
0.0342009049992959
0.0341847834557548
0.0341847834557548
0.0341847834557548
0.0341847834557548
0.0341847834557548
0.0341847834557548
0.0341847834557548
0.0341847834557548
0.0341847834557548
0.0341847834557548
0.0341847834557548
0.0341847834557548
0.0341847834557548
0.034391523170454
0.034391523170454
0.034391523170454
0.034391523170454
0.034391523170454
0.034391523170454
0.034391523170454
0.034391523170454
0.034391523170454
0.034391523170454
0.034391523170454
0.034391523170454
0.034391523170454
0.034391523170454
0.034391523170454
0.034391523170454
0.0341847834557548
0.0341847834557548
0.0341847834557548
0.0341847834557548
0.0341847834557548
0.0341847834557548
0.0341847834557548
0.0338462854630285
0.0353482506719646
0.0337106394123187
0.0337106394123187
0.0337106394123187
0.0331542318538817
0.0328769709246387
