0.0125545869229431
0.0124998049093474
0.0124998049093474
0.0124998049093474
0.0125112223895095
0.0125112223895095
0.0125114081243846
0.012511361669291
0.012511361669291
0.012511361669291
0.012511361669291
0.012511361669291
0.012511361669291
0.012511361669291
0.012511361669291
0.0126391967027465
0.0125114081243846
0.0125114081243846
0.0125114081243846
0.0125203501206978
0.0125112223895095
0.012512321000478
0.0125123177394086
0.0125123177394086
0.0125123825803611
0.0125123329731264
0.0125102530480757
0.0125104627648984
0.0125104627648984
0.0125138846980413
0.0125103970586977
0.0125217579506859
0.0125217427221816
0.012522797198084
0.0125216724367771
0.0125216724367771
0.0125217337412688
0.0125216880557559
0.0124814519903062
0.0124805952987688
0.0124805952987688
0.0125216572082728
0.0125216572082728
0.0125214715939428
0.0125217093504771
0.0126242429644157
0.0125214715939428
0.0125214715939428
0.0125214715939428
0.0125214715939428
0.0125214715939428
0.0125214715939428
0.0125214715939428
0.012521409975007
0.012521409975007
0.012521409975007
0.012521409975007
0.012521409975007
0.012519126087831
0.012519126087831
0.012519126087831
0.0125194975444455
0.0126312524939057
0.0126403786631961
0.0126403786631961
0.0126871517452142
0.0125080898328325
0.0125195440406863
0.0125195440406863
0.0125197301685355
0.0125197301685355
0.0125197301685355
0.0125197301685355
0.0125197301685355
0.0125197301685355
0.0125858948958912
0.0125858948958912
0.0125854764295167
0.0125856622718012
0.0125856931192843
0.0125856931192843
0.0125831781148071
0.0125832061923188
0.0126597539693916
0.0126755242747168
0.0126754278439911
0.0126754278439911
0.0125083694637723
0.0125305308080584
0.0125875853809267
0.012567047985753
0.0125693299185501
0.0125693299185501
0.0125693299185501
0.0125898673137238
0.0125750328943263
