0.00119809276522639
0.00119809276522639
0.00119809276522639
0.00119809276522639
0.00119809276522639
0.00119809276522639
0.00119810370974675
0.00119810234156465
0.00119810234156465
0.00119810234156465
0.00119810234156465
0.00119810234156465
0.00119810234156465
0.00119810234156465
0.00119810234156465
0.00119810370974675
0.00119810370974675
0.00119810370974675
0.00119810370974675
0.00119809276522639
0.00119808182257896
0.00119816931833592
0.00119807772014019
0.00119807772014019
0.00119808592291128
0.00119808045439722
0.00119799844021667
0.00119789184021496
0.00119789184021496
0.00119789457353624
0.00119789594124993
0.00119789184021496
0.00119788910689368
0.00119788637357239
0.00119788910689368
0.00119788910689368
0.00119789730685753
0.00119789184021496
0.00119809139891722
0.00119788910689368
0.00119788910689368
0.00119788637357239
0.00119788637357239
0.00119787269947795
0.0011978972993695
0.00119787269947795
0.00119787269947795
0.00119787269947795
0.00119787269947795
0.00119787269947795
0.00119787269947795
0.00119787269947795
0.00119787269947795
0.00119787269947795
0.00119787269947795
0.00119787269947795
0.00119787269947795
0.00119787269947795
0.00119787269947795
0.00119787269947795
0.00119787269947795
0.00119789047741605
0.00119789047741605
0.00119789047741605
0.00119789047741605
0.00119789047741605
0.00119789047741605
0.00119789047741605
0.00119789047741605
0.00119789047741605
0.00119789047741605
0.00119789047741605
0.00119789047741605
0.00119789047741605
0.00119789047741605
0.00119789047741605
0.00119789047741605
0.00119788637357239
0.00119789047741605
0.00119789594405862
0.00119789594405862
0.00119809823842352
0.00119809550416649
0.00119789047741605
0.00119809550416649
0.00119809003096936
0.00119809003096936
0.0011982814432481
0.00119809003096936
0.00119809003096936
0.00119809003096936
0.00119809003096936
0.00119809003096936
0.00119809003096936
0.00119809003096936
0.00119809003096936
