0.0162928751152522
0.0163249408602364
0.0163249408602364
0.0163979627097429
0.0163249408602364
0.0163750246959471
0.0163022342052515
0.0163021763506939
0.0163021763506939
0.0163021763506939
0.0163021763506939
0.0163007050415395
0.0163007050415395
0.0163007050415395
0.0163007050415395
0.0163190184072916
0.0163007628960971
0.0163121725600825
0.0163121725600825
0.0163119412012715
0.0163112175901526
0.0163122992925899
0.0163145834560127
0.0163145834560127
0.0163123964409955
0.0163123191005823
0.0163383953256658
0.0163136209869244
0.0163136209869244
0.0163524638973105
0.0163091326248246
0.0163090579022792
0.0163090403309281
0.0163451715219855
0.0163067599600289
0.0163060521705048
0.0163107308355929
0.0164201574015991
0.0168028118239633
0.0168126088614308
0.0168126088614308
0.0164064318335378
0.0164064318335378
0.016419191219336
0.0164182473449174
0.0164162169640598
0.0164162169640598
0.0164162169640598
0.0164162169640598
0.0164162169640598
0.0163066935603852
0.0163060082057103
0.0163790175600338
0.0164155316093848
0.0163060082057103
0.0163790175600338
0.0163790175600338
0.0164155316093848
0.0164155316093848
0.016414853496364
0.016414853496364
0.0163879313756773
0.0165787358392961
0.0165787358392961
0.0165057264849726
0.0165863765325972
0.0163879313756773
0.0161552618766314
0.0162647852803059
0.0161554907348084
0.0162330631737771
0.0163425865774516
0.0162695772231281
0.0162689062375886
0.0162689062375886
0.0166088935524748
0.0164788081312687
0.0165056758343653
0.0163096820953562
0.0163827277638054
0.0164922511674799
0.0164584993012351
0.0162759013291234
0.0165263868603407
0.0157963636238675
0.0157938935998999
0.0158304045246532
0.0156831378446847
0.0157162985094013
0.0157162985094013
0.0157162985094013
0.0157299901061838
0.015702239584409
0.0157162985094013
0.0157162985094013
0.0157174402574175
