3.6510924753266e-05
3.6510924753266e-05
3.6510924753266e-05
3.6510924753266e-05
3.6510924753266e-05
3.6510924753266e-05
3.6510924753266e-05
3.6510924753266e-05
3.6510924753266e-05
3.6510924753266e-05
3.6510924753266e-05
3.6510924753266e-05
3.6510924753266e-05
3.6510924753266e-05
3.6510924753266e-05
3.6510924753266e-05
3.6510924753266e-05
3.6510924753266e-05
3.6510924753266e-05
3.6510924753266e-05
3.6510924753266e-05
3.6510924753266e-05
3.6510924753266e-05
3.6510924753266e-05
3.6510924753266e-05
3.6510924753266e-05
3.65062390596375e-05
3.65046771617614e-05
3.65046771617614e-05
3.65046771617614e-05
3.65046771617614e-05
3.65046771617614e-05
3.65046771617614e-05
3.65046771617614e-05
3.65046771617614e-05
3.65046771617614e-05
3.65046771617614e-05
3.65046771617614e-05
3.6510924753266e-05
3.65046771617614e-05
3.65046771617614e-05
3.65046771617614e-05
3.65046771617614e-05
3.65046771617614e-05
3.65046771617614e-05
3.65046771617614e-05
3.65046771617614e-05
3.65046771617614e-05
3.65046771617614e-05
3.65046771617614e-05
3.65046771617614e-05
3.65046771617614e-05
3.65046771617614e-05
3.65046771617614e-05
3.65046771617614e-05
3.65046771617614e-05
3.65046771617614e-05
3.65046771617614e-05
3.65046771617614e-05
3.65046771617614e-05
3.65046771617614e-05
3.65046771617614e-05
3.65046771617614e-05
3.65046771617614e-05
3.65046771617614e-05
3.65046771617614e-05
3.65046771617614e-05
3.65046771617614e-05
3.65046771617614e-05
3.65046771617614e-05
3.65046771617614e-05
3.65046771617614e-05
3.65046771617614e-05
3.65046771617614e-05
3.65046771617614e-05
3.65046771617614e-05
3.65046771617614e-05
3.65046771617614e-05
3.65046771617614e-05
3.65046771617614e-05
3.65046771617614e-05
3.6510924753266e-05
3.6510924753266e-05
3.65046771617614e-05
0.000684626002380851
0.000684622874839632
0.000684622874839632
0.000684732253284626
0.000684622874839632
0.000684622874839632
0.000684622874839632
0.000684622874839632
0.000684622874839632
0.000684622874839632
0.000684622874839632
0.000684622874839632
