0.000684624437272222
0.000684624437272222
0.000684624437272222
0.000684624437272222
0.000684624437272222
0.000684624437272222
0.000684630691283859
0.000684629909465514
0.000684629909465514
0.000684629909465514
0.000684629909465514
0.000684629909465514
0.000684629909465514
0.000684629909465514
0.000684629909465514
0.000684630691283859
0.000684630691283859
0.000684630691283859
0.000684630691283859
0.000684624437272222
0.000684618184330836
0.000684668181906243
0.000684615840080107
0.000684615840080107
0.000684620527377876
0.000684617402512697
0.000684570537266668
0.000684509622979977
0.000684509622979977
0.000684511184877853
0.000684511966428533
0.000684509622979977
0.000684508061082101
0.000684506499184225
0.000684508061082101
0.000684508061082101
0.000684512746775729
0.000684509622979977
0.000684623656524128
0.000684508061082101
0.000684508061082101
0.000684506499184225
0.000684506499184225
0.000684498685415969
0.000684512742496855
0.000684498685415969
0.000684498685415969
0.000684498685415969
0.000684498685415969
0.000684498685415969
0.000684498685415969
0.000684498685415969
0.000684498685415969
0.000684498685415969
0.000684498685415969
0.000684498685415969
0.000684498685415969
0.000684498685415969
0.000684498685415969
0.000684498685415969
0.000684498685415969
0.000684508844237745
0.000684508844237745
0.000684508844237745
0.000684508844237745
0.000684508844237745
0.000684508844237745
0.000684508844237745
0.000684508844237745
0.000684508844237745
0.000684508844237745
0.000684508844237745
0.000684508844237745
0.000684508844237745
0.000684508844237745
0.000684508844237745
0.000684508844237745
0.000684506499184225
0.000684508844237745
0.000684511968033497
0.000684511968033497
0.000684627564813441
0.000684626002380851
0.000684508844237745
0.000684626002380851
0.000684622874839632
0.000684622874839632
0.000684732253284626
0.000684622874839632
0.000684622874839632
0.000684622874839632
0.000684622874839632
0.000684622874839632
0.000684622874839632
0.000684622874839632
0.000684622874839632
