0.000342312218636111
0.000342312218636111
0.000342312218636111
0.000342312218636111
0.000342312218636111
0.000342312218636111
0.000342315345641929
0.000342314954732757
0.000342314954732757
0.000342314954732757
0.000342314954732757
0.000342314954732757
0.000342314954732757
0.000342314954732757
0.000342314954732757
0.000342315345641929
0.000342315345641929
0.000342315345641929
0.000342315345641929
0.000342312218636111
0.000342309092165418
0.000342334090953121
0.000342307920040054
0.000342307920040054
0.000342310263688938
0.000342308701256348
0.000342285268633334
0.000342254811489988
0.000342254811489988
0.000342255592438927
0.000342255983214266
0.000342254811489988
0.00034225403054105
0.000342253249592112
0.00034225403054105
0.00034225403054105
0.000342256373387865
0.000342254811489988
0.000342311828262064
0.00034225403054105
0.00034225403054105
0.000342253249592112
0.000342253249592112
0.000342249342707985
0.000342256371248427
0.000342249342707985
0.000342249342707985
0.000342249342707985
0.000342249342707985
0.000342249342707985
0.000342249342707985
0.000342249342707985
0.000342249342707985
0.000342249342707985
0.000342249342707985
0.000342249342707985
0.000342249342707985
0.000342249342707985
0.000342249342707985
0.000342249342707985
0.000342249342707985
0.000342254422118872
0.000342254422118872
0.000342254422118872
0.000342254422118872
0.000342254422118872
0.000342254422118872
0.000342254422118872
0.000342254422118872
0.000342254422118872
0.000342254422118872
0.000342254422118872
0.000342254422118872
0.000342254422118872
0.000342254422118872
0.000342254422118872
0.000342254422118872
0.000342253249592112
0.000342254422118872
0.000342255984016748
0.000342255984016748
0.00034231378240672
0.000342313001190426
0.000342254422118872
0.000342313001190426
0.000342311437419816
0.000342311437419816
0.000342366126642313
0.000342311437419816
0.000342311437419816
0.000342311437419816
0.000342311437419816
0.000342311437419816
0.000342311437419816
0.000342311437419816
0.000342311437419816
