0.0265819864873328
0.0265590327577385
0.0265590327577385
0.0259956562949736
0.0265533279257458
0.0265590327577385
0.0265598441246656
0.0265630630136008
0.0265630630136008
0.0265630630136008
0.0265630630136008
0.0266157917884458
0.0266260604860327
0.026592300452357
0.026560348701885
0.0265605509526017
0.0265605509526017
0.0269120480951413
0.0269120480951413
0.0269112375103678
0.026909902572614
0.0269148396009397
0.0269907091841352
0.0269154054018316
0.0269925873902124
0.0269925647349398
0.0270156504090777
0.027023943898298
0.027023943898298
0.0270240667425597
0.0270193190283552
0.0270899031942871
0.0272336291017
0.0270967433499698
0.0270899031942871
0.0270885974446479
0.0270863924353212
0.0270863834544084
0.0269448130632334
0.0269425459182911
0.0269402643759684
0.0266851740405425
0.0266851740405425
0.0266739480347532
0.026683313102544
0.0264718943743973
0.0265996607444634
0.0265996607444634
0.0265996607444634
0.0265996607444634
0.0265996607444634
0.0265983963832527
0.0265984010729595
0.0265977247368518
0.0265977247368518
0.0265977247368518
0.0265977247368518
0.0265977247368518
0.0265269242343966
0.0266831465828572
0.0267105375923303
0.026730407135049
0.0341218975297216
0.0343226732541113
0.0343226732541113
0.0314669881935098
0.0275277511435742
0.027518827893517
0.027518827893517
0.0275196401938759
0.0275196401938759
0.0275196401938759
0.0275196401938759
0.0275184023412425
0.0275184023412425
0.0276798593898131
0.0274659268678225
0.0274458482552374
0.0274466593096495
0.027446766299654
0.0274467655187051
0.0274490967470336
0.0274488727210262
0.0275559845424677
0.0276999287634819
0.0275644437170222
0.0275553159858339
0.0275536849009187
0.0273830059254257
0.0273852878582227
0.0273989747636923
0.0274012566964894
0.0274012566964894
0.0274012566964894
0.0273807193013157
0.0273830012341127
