0.000492388464779805
0.000492388464779805
0.000492388464779805
0.000492388464779805
0.000492388464779805
0.000492388464779805
0.00049239393717425
0.000492392568623749
0.000492392568623749
0.000492392568623749
0.000492392568623749
0.000492367201224535
0.000492367201224535
0.000492367201224535
0.000492367201224535
0.000492368569775036
0.000492368569775036
0.000492368569775036
0.000492368569775036
0.000492363097380591
0.000492358793323532
0.000492389966840506
0.000492357425977699
0.000492357425977699
0.00049236172266732
0.000492359379018436
0.0004923265741267
0.000492280948940099
0.000492280948940099
0.000492281192811517
0.00049222058245024
0.000501354372597768
0.000501352420225423
0.000501352467572012
0.000501353982123299
0.000501353982123299
0.000501359839240335
0.000501355934495644
0.000501435912354405
0.000501353982123299
0.000501353982123299
0.000501352029750954
0.000501352029750954
0.000501346560434048
0.000501354739189223
0.000501346560434048
0.000501346560434048
0.000501346560434048
0.000501346560434048
0.000501346560434048
0.000501346560434048
0.000501346560434048
0.000501346560434048
0.000501315750966113
0.000501315750966113
0.000501315750966113
0.000501315750966113
0.000501315750966113
0.000492180202262219
0.000492180202262219
0.000492180202262219
0.000492191145714912
0.000492189776728804
0.000492189776728804
0.000492189776728804
0.000492189776728804
0.000492191145714912
0.000492192515002648
0.000492192515002648
0.000492197995172108
0.000492197995172108
0.000492197995172108
0.000492197995172108
0.000492197995172108
0.000492197995172108
0.000492197995172108
0.000492197995172108
0.000492185671579125
0.000492191145714912
0.000492195050459603
0.000492195050459603
0.000492277360021537
0.000492274037525622
0.000492189776728804
0.000492274037525622
0.000492268562720499
0.000492268562720499
0.000492343683071546
0.000492268562720499
0.000492268562720499
0.000492268562720499
0.000492268562720499
0.000492268562720499
0.000492268562720499
0.000492268562720499
0.000492268562720499
