0.000196250910254844
0.000196250910254844
0.000196250910254844
0.000196250910254844
0.000196250910254844
0.000196250910254844
0.000196250910254844
0.000196250910254844
0.000196250910254844
0.000196250910254844
0.000196250910254844
0.000196250910254844
0.000196250910254844
0.000196250910254844
0.000196250910254844
0.000196250910254844
0.000196250910254844
0.000196250910254844
0.000196250910254844
0.000196250910254844
0.000196250910254844
0.000196266535651541
0.000196250910254844
0.000196250910254844
0.000196250910254844
0.000196250910254844
0.000196232947894143
0.00019621732784513
0.00019621732784513
0.000196217718854725
0.00019621732784513
0.00019621732784513
0.00019621732784513
0.00019621732784513
0.00019621732784513
0.00019621732784513
0.00019621732784513
0.00019621732784513
0.000196247395984623
0.00019621732784513
0.00019621732784513
0.00019621732784513
0.00019621732784513
0.00019621732784513
0.000196220842115352
0.00019621732784513
0.00019621732784513
0.00019621732784513
0.00019621732784513
0.00019621732784513
0.00019621732784513
0.00019621732784513
0.00019621732784513
0.00019621732784513
0.00019621732784513
0.00019621732784513
0.00019621732784513
0.00019621732784513
0.00019621732784513
0.00019621732784513
0.00019621732784513
0.00019621732784513
0.00019621732784513
0.00019621732784513
0.00019621732784513
0.00019621732784513
0.00019621732784513
0.00019621732784513
0.00019621732784513
0.00019621732784513
0.00019621732784513
0.00019621732784513
0.00019621732784513
0.00019621732784513
0.00019621732784513
0.00019621732784513
0.00019621732784513
0.00019621732784513
0.00019621732784513
0.00019621732784513
0.00019621732784513
0.000196247395984623
0.000196250910254844
0.00019621732784513
0.000196247395984623
0.000196250910254844
0.000196250910254844
0.000196280988688395
0.000196250910254844
0.000196250910254844
0.000196250910254844
0.000196250910254844
0.000196250910254844
0.000196250910254844
0.000196250910254844
0.000196250910254844
