3.42289919561869e-05
3.42289919561869e-05
3.42289919561869e-05
3.42289919561869e-05
3.42289919561869e-05
3.42289919561869e-05
3.42289919561869e-05
3.42289919561869e-05
3.42289919561869e-05
3.42289919561869e-05
3.42289919561869e-05
3.42289919561869e-05
3.42289919561869e-05
3.42289919561869e-05
3.42289919561869e-05
3.42289919561869e-05
3.42289919561869e-05
3.42289919561869e-05
3.42289919561869e-05
3.42289919561869e-05
3.42289919561869e-05
3.4232116821366e-05
3.42289919561869e-05
3.42289919561869e-05
3.42289919561869e-05
3.42289919561869e-05
3.42262586349036e-05
3.42231348391513e-05
3.42231348391513e-05
3.42231348391513e-05
3.42231348391513e-05
3.42231348391513e-05
3.42231348391513e-05
3.42231348391513e-05
3.42231348391513e-05
3.42231348391513e-05
3.42231348391513e-05
3.42231348391513e-05
3.42289919561869e-05
3.42231348391513e-05
3.42231348391513e-05
3.42231348391513e-05
3.42231348391513e-05
3.42231348391513e-05
3.42246967370274e-05
3.42231348391513e-05
3.42231348391513e-05
3.42231348391513e-05
3.42231348391513e-05
3.42231348391513e-05
3.42231348391513e-05
3.42231348391513e-05
3.42231348391513e-05
3.42231348391513e-05
3.42231348391513e-05
3.42231348391513e-05
3.42231348391513e-05
3.42231348391513e-05
3.42231348391513e-05
3.42231348391513e-05
3.42231348391513e-05
3.42231348391513e-05
3.42231348391513e-05
3.42231348391513e-05
3.42231348391513e-05
3.42231348391513e-05
3.42231348391513e-05
3.42231348391513e-05
3.42231348391513e-05
3.42231348391513e-05
3.42231348391513e-05
3.42231348391513e-05
3.42231348391513e-05
3.42231348391513e-05
3.42231348391513e-05
3.42231348391513e-05
3.42231348391513e-05
3.42231348391513e-05
3.42231348391513e-05
3.42231348391513e-05
3.42231348391513e-05
3.42289919561869e-05
3.42289919561869e-05
3.42231348391513e-05
3.42289919561869e-05
3.42289919561869e-05
3.42289919561869e-05
3.65140496184452e-05
3.42289919561869e-05
3.42289919561869e-05
3.42289919561869e-05
3.42289919561869e-05
3.42289919561869e-05
3.42289919561869e-05
3.42289919561869e-05
3.42289919561869e-05
