0.000171154546082709
0.000171154546082709
0.000171154546082709
0.000171154546082709
0.000171154546082709
0.000171154546082709
0.000171156109585618
0.000171155914131032
0.000171155914131032
0.000171155914131032
0.000171155914131032
0.000171155914131032
0.000171155914131032
0.000171155914131032
0.000171155914131032
0.000171156109585618
0.000171156109585618
0.000171156109585618
0.000171156109585618
0.000171154546082709
0.000171152982847362
0.000171165482241214
0.00017115239678468
0.00017115239678468
0.000171153568609122
0.000171152787392828
0.000171140680606851
0.000171125843044773
0.000171125843044773
0.000171126233519242
0.000171126428906912
0.000171125843044773
0.000171125452570304
0.000171125062095835
0.000171125452570304
0.000171125452570304
0.000171126623993711
0.000171125843044773
0.000171154350895685
0.000171125452570304
0.000171125452570304
0.000171125062095835
0.000171125062095835
0.000171123108653771
0.000171126622923993
0.000171123108653771
0.000171123108653771
0.000171123108653771
0.000171123108653771
0.000171123108653771
0.000171123108653771
0.000171123108653771
0.000171123108653771
0.000171123108653771
0.000171123108653771
0.000171123108653771
0.000171123108653771
0.000171123108653771
0.000171123108653771
0.000171123108653771
0.000171123108653771
0.000171125648359215
0.000171125648359215
0.000171125648359215
0.000171125648359215
0.000171125648359215
0.000171125648359215
0.000171125648359215
0.000171125648359215
0.000171125648359215
0.000171125648359215
0.000171125648359215
0.000171125648359215
0.000171125648359215
0.000171125648359215
0.000171125648359215
0.000171125648359215
0.000171125062095835
0.000171125648359215
0.000171126429308153
0.000171126429308153
0.000171155327968014
0.000171154937359866
0.000171125648359215
0.000171154937359866
0.000171154155474562
0.000171154155474562
0.000171181108942262
0.000171154155474562
0.000171154155474562
0.000171154155474562
0.000171154155474562
0.000171154155474562
0.000171154155474562
0.000171154155474562
0.000171154155474562
