0.0302872172546935
0.0302632549094559
0.0302541271782676
0.0302735164386034
0.0302769371268263
0.0301856598149431
0.030365125755455
0.0302293601225381
0.0302247962569439
0.0302247962569439
0.0301882853321906
0.0302628780801133
0.0303461686272067
0.0303039514055548
0.030191098847239
0.0301592457787999
0.0301136068787687
0.0298545981641952
0.0298545981641952
0.0298542233024976
0.0298533624547872
0.029946572968029
0.0298646800185676
0.0298578342201763
0.0299471620068794
0.0299469975608494
0.0299684578481597
0.0299722277912579
0.0299699446862351
0.0299735413848305
0.0301149037621818
0.0301147333189669
0.0299571323041072
0.0301020404641367
0.0301147079381264
0.0301138659126581
0.030113981493101
0.030113893245871
0.030097060457362
0.0301070169897695
0.0301070169897695
0.0304308418278798
0.0302848231192327
0.030283613140268
0.0302953861831157
0.030428872491632
0.0302896904021671
0.0302805642328767
0.0302805642328767
0.0302805642328767
0.0302805642328767
0.0302797607136026
0.0303834428916321
0.0302882768554279
0.0302791506861375
0.0302791506861375
0.0302791506861375
0.0302791506861375
0.0302791506861375
0.0301551519324154
0.0301209241094756
0.0301216753056489
0.0243565445084441
0.0241534872417318
0.0241534872417318
0.0268611920880514
0.0301503557821754
0.0301801097279325
0.0301801097279325
0.0301804855188051
0.0301804855188051
0.0302534948731286
0.0301804855188051
0.0301432173063742
0.0301797219835359
0.0304557973909992
0.0302527313378595
0.0302518862775573
0.0301883784663906
0.0302250795522103
0.0301885748750486
0.0302450023761617
0.0301717729340872
0.0302874413458526
0.0300894646532136
0.0303584198350404
0.0302580147919689
0.0302522926707574
0.0306379402765385
0.0307075388361744
0.0305217016148312
0.0304190146389627
0.0303551205206445
0.0303129051545735
0.0303825037142094
0.030457807496513
