0.000100405043071482
0.000100405043071482
0.000100405043071482
0.000100405043071482
0.000100405043071482
0.000100405043071482
0.000100405043071482
0.000100405043071482
0.000100405043071482
0.000100405043071482
0.000100405043071482
0.000100405043071482
0.000100405043071482
0.000100405043071482
0.000100405043071482
0.000100405043071482
0.000100405043071482
0.000100405043071482
0.000100405043071482
0.000100405043071482
0.000100405043071482
0.000100410511518689
0.000100405043071482
0.000100405043071482
0.000100405043071482
0.000100405043071482
0.000100394890668464
0.000100387862194844
0.000100387862194844
0.000100387862194844
0.000100387862194844
0.000100387862194844
0.000100387862194844
0.000100387862194844
0.000100387862194844
0.000100387862194844
0.000100387862194844
0.000100387862194844
0.000100403481173605
0.000100387862194844
0.000100387862194844
0.000100387862194844
0.000100387862194844
0.000100387862194844
0.000100387862194844
0.000100387862194844
0.000100387862194844
0.000100387862194844
0.000100387862194844
0.000100387862194844
0.000100387862194844
0.000100387862194844
0.000100387862194844
0.000100387862194844
0.000100387862194844
0.000100387862194844
0.000100387862194844
0.000100387862194844
0.000100387862194844
0.000100387862194844
0.000100387862194844
0.000100387862194844
0.000100387862194844
0.000100387862194844
0.000100387862194844
0.000100387862194844
0.000100387862194844
0.000100387862194844
0.000100387862194844
0.000100387862194844
0.000100387862194844
0.000100387862194844
0.000100387862194844
0.000100387862194844
0.000100387862194844
0.000100387862194844
0.000100387862194844
0.000100387862194844
0.000100387862194844
0.000100387862194844
0.000100387862194844
0.000100405043071482
0.000100405043071482
0.000100387862194844
0.000100405043071482
0.000100405043071482
0.000100405043071482
0.000100420667397377
0.000100405043071482
0.000100405043071482
0.000100405043071482
0.000100405043071482
0.000100405043071482
0.000100405043071482
0.000100405043071482
0.000100405043071482
