2.51012607678704e-05
2.51012607678704e-05
3.19470591591078e-05
3.42289919561869e-05
3.42289919561869e-05
3.42289919561869e-05
3.42289919561869e-05
3.42289919561869e-05
3.42289919561869e-05
3.42289919561869e-05
3.42289919561869e-05
3.42289919561869e-05
3.42289919561869e-05
3.42289919561869e-05
3.42289919561869e-05
3.42289919561869e-05
3.42289919561869e-05
3.42289919561869e-05
3.42289919561869e-05
3.42289919561869e-05
3.42289919561869e-05
3.42317262132186e-05
3.42289919561869e-05
3.42289919561869e-05
3.42289919561869e-05
3.42289919561869e-05
3.42266491093726e-05
3.42231348391513e-05
3.42231348391513e-05
3.42231348391513e-05
3.42231348391513e-05
3.42231348391513e-05
3.42231348391513e-05
3.65046771617614e-05
3.42231348391513e-05
3.42231348391513e-05
3.42231348391513e-05
3.42231348391513e-05
3.42286014817178e-05
3.42231348391513e-05
3.42231348391513e-05
3.42231348391513e-05
3.42231348391513e-05
3.42231348391513e-05
3.65046771617614e-05
3.42231348391513e-05
3.42231348391513e-05
3.42231348391513e-05
3.42231348391513e-05
3.42231348391513e-05
3.42231348391513e-05
3.42231348391513e-05
3.42231348391513e-05
3.42231348391513e-05
3.42231348391513e-05
3.42231348391513e-05
3.42231348391513e-05
3.42231348391513e-05
3.42231348391513e-05
3.42231348391513e-05
3.42231348391513e-05
3.42231348391513e-05
3.65046771617614e-05
3.65046771617614e-05
3.65046771617614e-05
3.65046771617614e-05
3.42231348391513e-05
3.19415925165412e-05
3.19415925165412e-05
3.19415925165412e-05
3.19415925165412e-05
3.19415925165412e-05
3.19415925165412e-05
3.19415925165412e-05
3.19415925165412e-05
3.19415925165412e-05
3.19415925165412e-05
3.19415925165412e-05
3.19415925165412e-05
3.19415925165412e-05
3.19415925165412e-05
3.19466686846387e-05
3.19470591591078e-05
3.19415925165412e-05
3.19466686846387e-05
3.19470591591078e-05
3.19470591591078e-05
0
0
3.19470591591078e-05
3.19470591591078e-05
3.19470591591078e-05
3.19470591591078e-05
3.19470591591078e-05
3.19470591591078e-05
3.19470591591078e-05
