0.0050873681945126
0.0050873681945126
0.0050873681945126
0.0050873681945126
0.0050873681945126
0.00508747111567242
0.00508747111567242
0.00508747111567242
0.0050873681945126
0.0050873681945126
0.0050873681945126
0.0050873681945126
0.0050873681945126
0.0050873681945126
0.0050873681945126
0.0050873681945126
0.0050873681945126
0.0050873681945126
0.00513148178701329
0.0050873681945126
0.0050873681945126
0.0050873681945126
0.0050873681945126
0.00510934983309997
0.0051369208284129
0.0051369208284129
0.0051369208284129
0.00512589243028772
0.00509832143497479
0.00509832143497479
0.00509832143497479
0.00509832143497479
0.00509832143497479
0.00509832143497479
0.00509832143497479
0.00509832143497479
0.00509832143497479
0.00509832143497479
0.00509832143497479
0.00509832143497479
0.00509842435613461
0.00509842435613461
0.00509842435613461
0.00509832143497479
0.00509832143497479
0.00509832143497479
0.00509832143497479
0.00509832143497479
0.00509832143497479
0.00509832143497479
0.00509740784109412
0.00509813075629836
0.00509813075629836
0.00509813075629836
0.00509813075629836
0.00509813075629836
0.00509813075629836
0.0050972172307348
0.0050972172307348
0.0050972172307348
0.0050972172307348
0.0050972172307348
0.0050972172307348
0.0050972172307348
0.0050972172307348
0.0050972172307348
0.0050972172307348
0.0050972172307348
0.0050972172307348
0.0050972172307348
0.0050972172307348
0.0050972172307348
0.0050972172307348
0.0050972172307348
0.0050972172307348
0.0050972172307348
0.0050972172307348
0.00509722760226859
0.0050972172307348
0.0050972172307348
0.0050972172307348
0.0050972172307348
0.0050972172307348
0.00509729236145713
0.00509729236145713
0.00509729236145713
0.0050972172307348
0.0050972172307348
0.0050972172307348
0.0050972172307348
0.0050972172307348
0.0050972172307348
0.0050972172307348
0.0050972172307348
0.0050972172307348
0.0050972172307348