0.000132340777502068
0.000132340777502068
0.000132340777502068
0.000132340777502068
0.000132340777502068
0.000132340777502068
0.000132340777502068
0.000132340777502068
0.000132340777502068
0.000132340777502068
0.000132340777502068
0.000132340777502068
0.000132340777502068
0.000132340777502068
0.000132340777502068
0.000132340777502068
0.000132340777502068
0.000132340777502068
0.000132340777502068
0.000132340777502068
0.000132340777502068
0.000132340777502068
0.000132340777502068
0.000132340777502068
0.000132340777502068
0.000132340777502068
0.000132340777502068
0.000132340777502068
0.000132340777502068
0.000132340777502068
0.000132340777502068
0.000132340777502068
0.000132340777502068
0.000132340777502068
0.000132340777502068
0.000132340777502068
0.000132340777502068
0.000132340777502068
0.000132340777502068
0.000132340777502068
0.000132340777502068
0.000132340777502068
0.000132340777502068
0.000132340777502068
0.000132340777502068
0.000132340777502068
0.000132340777502068
0.000132340777502068
0.000132340777502068
0.000132340777502068
0.000132317064766447
0.000132340777502068
0.000132340777502068
0.000132340777502068
0.000132340777502068
0.000132340777502068
0.000132340777502068
0.000132317064766447
0.000132317064766447
0.000132317064766447
0.000132317064766447
0.000132317064766447
0.000132317064766447
0.000132317064766447
0.000132317064766447
0.000132317064766447
0.000132317064766447
0.000132317064766447
0.000132317064766447
0.000132317064766447
0.000132317064766447
0.000132317064766447
0.000132317064766447
0.000132317064766447
0.000132317064766447
0.000132317064766447
0.000132317064766447
0.000132317064766447
0.000132317064766447
0.000132317064766447
0.000132317064766447
0.000132317064766447
0.000132317064766447
0.000132317064766447
0.000132317064766447
0.000132317064766447
0.000132317064766447
0.000132317064766447
0.000132317064766447
0.000132317064766447
0.000132317064766447
0.000132317064766447
0.000132317064766447
0.000132317064766447
0.000132317064766447
0.000132317064766447