0.0194758910032718
0.0194758910032718
0.0189436755159946
0.0188333915347429
0.0188333915347429
0.0188334073687675
0.0193545944579195
0.0194648784391712
0.0194648626051466
0.0194648626051466
0.0194648626051466
0.0194648626051466
0.0194648626051466
0.0195310329938976
0.0195641181882732
0.0195641181882732
0.0195641181882732
0.0195420613920228
0.0195641181882732
0.0195641181882732
0.0196523453732745
0.0195641181882732
0.0193876638182704
0.0193986922163956
0.0193986922163956
0.0193986922163956
0.0188775527661124
0.0188665243679872
0.0188665243679872
0.0188665243679872
0.0193766354201452
0.0193766354201452
0.0193766354201452
0.0193766354201452
0.0193766354201452
0.0193766354201452
0.0196482573628464
0.0196482573628464
0.0196482573628464
0.0196482573628464
0.0201565938101849
0.0201565938101849
0.0201565938101849
0.0201565938101849
0.0197144277515974
0.0196923709553471
0.0197033993534723
0.0197033993534723
0.0197033993534723
0.0197033993534723
0.0197289075270978
0.0198700938777588
0.0177090296431723
0.0179544115014574
0.0154628904364097
0.0153912058485961
0.0156531223998237
0.0156742001613961
0.0182743658951207
0.0191345879613707
0.0194901900729305
0.019556336753194
0.0194350480858447
0.0191897101949236
0.0197687571157061
0.01977978353777
0.0197797855131232
0.0197467161236981
0.0197467161236981
0.0197356897016342
0.0198569783689835
0.0198569783689835
0.0198569783689835
0.0198569783689835
0.0198569783689835
0.0198569783689835
0.0198569783689835
0.0199451907334366
0.0159032002601849
0.0136357558759633
0.0135640841325481
0.0134979256001649
0.0132005786953195
0.0135769252967704
0.0139256509676756
0.0202617181143561
0.0202614749280707
0.0203496863045817
0.0201732635515597
0.0201732635515597
0.0201732635515597
0.0208049947889605
0.0208049947889605
0.0208049947889605
0.0208049947889605
0.0199559681833989