0.000606561896884478
0.000606561896884478
0.000606561896884478
0.000606561896884478
0.000606561896884478
0.000606561896884478
0.000606561896884478
0.000606561896884478
0.000606561896884478
0.000606561896884478
0.000606561896884478
0.000606561896884478
0.000606561896884478
0.000606561896884478
0.000606561896884478
0.000606561896884478
0.000606561896884478
0.000606561896884478
0.000606561896884478
0.000606561896884478
0.000606561896884478
0.000606561896884478
0.000606561896884478
0.000606561896884478
0.000606561896884478
0.000606561896884478
0.000606561896884478
0.000606561896884478
0.000606561896884478
0.000606561896884478
0.000606561896884478
0.000606561896884478
0.000606561896884478
0.000606561896884478
0.000606561896884478
0.000606561896884478
0.000606561896884478
0.000606561896884478
0.000606561896884478
0.000606561896884478
0.000606561896884478
0.000606561896884478
0.000606561896884478
0.000606561896884478
0.000606561896884478
0.000606561896884478
0.000606561896884478
0.000606561896884478
0.000606561896884478
0.000606561896884478
0.00060645321351288
0.000606548394339711
0.000606548394339711
0.000606548394339711
0.000606548394339711
0.000606548394339711
0.000606548394339711
0.000606439715805904
0.000606439715805904
0.000606439715805904
0.000606439715805904
0.000606439715805904
0.000606439715805904
0.000606439715805904
0.000606439715805904
0.000606439715805904
0.000606439715805904
0.000606439715805904
0.000606439715805904
0.000606439715805904
0.000606439715805904
0.000606439715805904
0.000606439715805904
0.000606439715805904
0.000606439715805904
0.000606439715805904
0.000606439715805904
0.000606439715805904
0.000606439715805904
0.000606439715805904
0.000606439715805904
0.000617464162516485
0.000617464162516485
0.000617464162516485
0.000617464162516485
0.000617464162516485
0.000616887470718952
0.000616887470718952
0.000616887470718952
0.000616887470718952
0.000616887470718952
0.000616887470718952
0.000616887470718952
0.000616887470718952
0.000616887470718952
0.000616887470718952
