0.0028673835125448
0.0028673835125448
0.0028673835125448
0.0028673835125448
0.0028673835125448
0.0028673835125448
0.0028673835125448
0.0028673835125448
0.0028673835125448
0.0028673835125448
0.0028673835125448
0.0028673835125448
0.0028673835125448
0.0028673835125448
0.0028673835125448
0.0028673835125448
0.0028673835125448
0.0028673835125448
0.0028673835125448
0.0028673835125448
0.0028673835125448
0.0028673835125448
0.0028673835125448
0.0028673835125448
0.0028673835125448
0.0028673835125448
0.0028673835125448
0.0028673835125448
0.0028673835125448
0.0028673835125448
0.0028673835125448
0.0028673835125448
0.0028673835125448
0.0028673835125448
0.0028673835125448
0.0028673835125448
0.0028673835125448
0.0028673835125448
0.0028673835125448
0.0028673835125448
0.0028673835125448
0.0028673835125448
0.0028673835125448
0.0028673835125448
0.0028673835125448
0.0028673835125448
0.0028673835125448
0.0028673835125448
0.0028673835125448
0.0028673835125448
0.00286686973660634
0.00286731764281178
0.00286731764281178
0.00286731764281178
0.00286731764281178
0.00286731764281178
0.00286731764281178
0.00286680389047426
0.00286680389047426
0.00286680389047426
0.00286680389047426
0.00286680389047426
0.00286680389047426
0.00286680389047426
0.00286680389047426
0.00286680389047426
0.00286680389047426
0.00286680389047426
0.00286680389047426
0.00286680389047426
0.00286680389047426
0.00286680389047426
0.00286680389047426
0.00286680389047426
0.00286680389047426
0.00286680389047426
0.00286680389047426
0.00286680784153475
0.00286680389047426
0.00286680389047426
0.00286680389047426
0.00286680389047426
0.00286680389047426
0.00286680389047426
0.00286680389047426
0.00286680389047426
0.00286678809047847
0.00286678809047847
0.00286678809047847
0.00286678809047847
0.00286678809047847
0.00286678809047847
0.00286678809047847
0.00286678809047847
0.00286678809047847
0.00286677229048268
