0.013839170831982
0.0138612276282324
0.0138612276282324
0.0142419217384604
0.0142419217384604
0.0142419217384604
0.0142419217384604
0.0138612276282324
0.0138612276282324
0.0138832844244827
0.0138832844244827
0.0138832844244827
0.0138832844244827
0.0138832844244827
0.0138832844244827
0.0138832844244827
0.0138832844244827
0.0138722560263576
0.0138832844244827
0.0138722560263576
0.0138722560263576
0.0138722560263576
0.0140487103963603
0.0140487103963603
0.0140928398115269
0.0140928398115269
0.0142578062668159
0.0142467778686908
0.0141750932808771
0.0141750932808771
0.0140101268255881
0.0140101268255881
0.0140101268255881
0.0140211552237133
0.0140211552237133
0.0140211552237133
0.0138447008537105
0.0138447008537105
0.0138447008537105
0.0141426819779997
0.0142636257768853
0.0142636257768853
0.0142636257768853
0.0142636257768853
0.0138755794012405
0.0138652814749356
0.0138336724555853
0.0138336724555853
0.0138336724555853
0.0138336724555853
0.0138392134079766
0.0138282102706223
0.0140349769269789
0.0140349769269789
0.014629749236326
0.0146187208382008
0.0145332586569759
0.0145386735111836
0.0141996258478693
0.0141555221349671
0.0141555221349671
0.0165290386697604
0.0165841688047264
0.0165841688047264
0.0162623981516977
0.0162623981516977
0.0149473936942627
0.0138888816169044
0.0138888816169044
0.0138888816169044
0.0138337514819384
0.0138337514819384
0.0138337514819384
0.0138337514819384
0.0138337514819384
0.0138337514819384
0.0138337514819384
0.0138337742025717
0.0179445558187611
0.0181554415729542
0.0181554415729542
0.0181554415729542
0.0163333321668252
0.0161394548629088
0.0159267298587983
0.0143933424016798
0.0143869987919069
0.0143869987919069
0.0143869987919069
0.0143869987919069
0.0143869987919069
0.0143869987919069
0.0143869987919069
0.0143869987919069
0.0143869987919069
0.0139807512509363