0.000584505100634133
0.000584505100634133
0.000584505100634133
0.000584505100634133
0.000584505100634133
0.000584505100634133
0.000584505100634133
0.000584505100634133
0.000584505100634133
0.000584505100634133
0.000584505100634133
0.000584505100634133
0.000584505100634133
0.000584505100634133
0.000584505100634133
0.000584505100634133
0.000584505100634133
0.000584505100634133
0.000584505100634133
0.000584505100634133
0.000584505100634133
0.000584505100634133
0.000584505100634133
0.000584505100634133
0.000584505100634133
0.000584505100634133
0.000584505100634133
0.000584505100634133
0.000584505100634133
0.000584505100634133
0.000584505100634133
0.000584505100634133
0.000584505100634133
0.000584505100634133
0.000584505100634133
0.000584505100634133
0.000584505100634133
0.000584505100634133
0.000584505100634133
0.000584505100634133
0.000584505100634133
0.000584505100634133
0.000584505100634133
0.000584505100634133
0.000584505100634133
0.000584505100634133
0.000584505100634133
0.000584505100634133
0.000584505100634133
0.000584505100634133
0.000584400369385139
0.000584480730371693
0.000584480730371693
0.000584480730371693
0.000584480730371693
0.000584480730371693
0.000584480730371693
0.000584376007854223
0.000584376007854223
0.000584376007854223
0.000584376007854223
0.000584376007854223
0.000584376007854223
0.000584376007854223
0.000584376007854223
0.000584376007854223
0.000584376007854223
0.000584376007854223
0.000584376007854223
0.000584376007854223
0.000584376007854223
0.000584376007854223
0.000584376007854223
0.000584376007854223
0.000584376007854223
0.000584376007854223
0.000584376007854223
0.000584376995619345
0.000584376007854223
0.000584376007854223
0.000584376007854223
0.000584376007854223
0.000584376007854223
0.000584376007854223
0.000584376007854223
0.000584376007854223
0.00058379931605669
0.00058379931605669
0.00058379931605669
0.00058379931605669
0.00058379931605669
0.00058379931605669
0.00058379931605669
0.00058379931605669
0.00058379931605669
0.00058379931605669