0.000716845878136201
0.000716845878136201
0.000716845878136201
0.000716845878136201
0.000716845878136201
0.000716845878136201
0.000716845878136201
0.000716845878136201
0.000716845878136201
0.000716845878136201
0.000716845878136201
0.000716845878136201
0.000716845878136201
0.000716845878136201
0.000716845878136201
0.000716845878136201
0.000716845878136201
0.000716845878136201
0.000716845878136201
0.000716845878136201
0.000716845878136201
0.000716845878136201
0.000716845878136201
0.000716845878136201
0.000716845878136201
0.000716845878136201
0.000716845878136201
0.000716845878136201
0.000716845878136201
0.000716845878136201
0.000716845878136201
0.000716845878136201
0.000716845878136201
0.000716845878136201
0.000716845878136201
0.000716845878136201
0.000716845878136201
0.000716845878136201
0.000716845878136201
0.000716845878136201
0.000716845878136201
0.000716845878136201
0.000716845878136201
0.000716845878136201
0.000716845878136201
0.000716845878136201
0.000716845878136201
0.000716845878136201
0.000716845878136201
0.000716845878136201
0.000716717434151586
0.000716837314948151
0.000716837314948151
0.000716837314948151
0.000716837314948151
0.000716837314948151
0.000716837314948151
0.000716708874031725
0.000716708874031725
0.000716708874031725
0.000716708874031725
0.000716708874031725
0.000716708874031725
0.000716708874031725
0.000716708874031725
0.000716708874031725
0.000716708874031725
0.000716708874031725
0.000716708874031725
0.000716708874031725
0.000716708874031725
0.000716708874031725
0.000716708874031725
0.000716708874031725
0.000716708874031725
0.000716708874031725
0.000716708874031725
0.000716709861796848
0.000716708874031725
0.000716708874031725
0.000716708874031725
0.000716708874031725
0.000716708874031725
0.000716708874031725
0.000716708874031725
0.000716708874031725
0.000716706898678435
0.000716706898678435
0.000716706898678435
0.000716706898678435
0.000716706898678435
0.000716706898678435
0.000716706898678435
0.000716706898678435
0.000716706898678435
0.000716706898678435