0.0014336917562724
0.0014336917562724
0.0014336917562724
0.0014336917562724
0.0014336917562724
0.00143370757893829
0.00143370757893829
0.00143370757893829
0.0014336917562724
0.0014336917562724
0.0014336917562724
0.0014336917562724
0.0014336917562724
0.0014336917562724
0.0014336917562724
0.0014336917562724
0.0014336917562724
0.0014336917562724
0.0014336917562724
0.0014336917562724
0.0014336917562724
0.0014336917562724
0.0014336917562724
0.0014336917562724
0.0014336917562724
0.0014336917562724
0.0014336917562724
0.0014336917562724
0.0014336917562724
0.0014336917562724
0.0014336917562724
0.0014336917562724
0.0014336917562724
0.0014336917562724
0.0014336917562724
0.0014336917562724
0.0014336917562724
0.0014336917562724
0.0014336917562724
0.0014336917562724
0.00143370757893829
0.00143370757893829
0.00143370757893829
0.0014336917562724
0.0014336917562724
0.0014336917562724
0.0014336917562724
0.0014336917562724
0.0014336917562724
0.0014336917562724
0.00143343486830317
0.00143367858201891
0.00143367858201891
0.00143367858201891
0.00143367858201891
0.00143367858201891
0.00143367858201891
0.00143342169877003
0.00143342169877003
0.00143342169877003
0.00143342169877003
0.00143342169877003
0.00143342169877003
0.00143342169877003
0.00143342169877003
0.00143342169877003
0.00143342169877003
0.00143342169877003
0.00143342169877003
0.00143342169877003
0.00143342169877003
0.00143342169877003
0.00143342169877003
0.00143342169877003
0.00143342169877003
0.00143342169877003
0.00143342169877003
0.00143342565018453
0.00143342169877003
0.00143342169877003
0.00143342169877003
0.00143342169877003
0.00143342169877003
0.0014334375157642
0.0014334375157642
0.0014334375157642
0.00143341774806345
0.00143341774806345
0.00143341774806345
0.00143341774806345
0.00143341774806345
0.00143341774806345
0.00143341774806345
0.00143341774806345
0.00143341774806345
0.00143341774806345