0.0744731800766284
0.0744731800766284
0.0744731800766284
0.0744731800766284
0.0744731800766284
0.0744731800766284
0.0744731800766284
0.0744731800766284
0.0744731800766284
0.0744731800766284
0.0744731800766284
0.0744731800766284
0.0744731800766284
0.0744731800766284
0.0744731800766284
0.0744731800766284
0.0744731800766284
0.0744731800766284
0.0744731800766284
0.0744731800766284
0.0744731800766284
0.0744731800766284
0.0744731800766284
0.0744731800766284
0.0744731800766284
0.0744731800766284
0.0744731800766284
0.0744731800766284
0.0744731800766284
0.0744731800766284
0.0744731800766284
0.0744731800766284
0.0744731800766284
0.0744731800766284
0.0744731800766284
0.0744731800766284
0.0744731800766284
0.0744731800766284
0.0744731800766284
0.0744731800766284
0.0744731800766284
0.0744731800766284
0.0744731800766284
0.0744731800766284
0.0744731800766284
0.0744731800766284
0.0744731800766284
0.0744731800766284
0.0744731800766284
0.0744731800766284
0.0744731800766284
0.0744731800766284
0.0744731800766284
0.0744731800766284
0.0744731800766284
0.0744731800766284
0.0744731800766284
0.0744731800766284
0.0744731800766284
0.0744731800766284
0.0744731800766284
0.0744731800766284
0.0744731800766284
0.0744731800766284
0.0744731800766284
0.0744731800766284
0.0744731800766284
0.0744731800766284
0.0744731800766284
0.0744731800766284
0.0744731800766284
0.0744731800766284
0.0744731800766284
0.0744731800766284
0.0744731800766284
0.0744731800766284
0.0744731800766284
0.0744731800766284
0.0744731800766284
0.0744731800766284
0.0744731800766284
0.0744731800766284
0.0744731800766284
0.0743838885641925
0.0743838885641925
0.0743838885641925
0.0743838885641925
0.0743838885641925
0.0743838885641925
0.0743838885641925
0.0743838885641925
0.0743838885641925
0.0743838885641925
0.0743838885641925
0.0743838885641925
0.0743838885641925
