0.0131704980842912
0.0131704980842912
0.0131704980842912
0.0131704980842912
0.0131704980842912
0.0131704980842912
0.0131704980842912
0.0131704980842912
0.0131704980842912
0.0131704980842912
0.0131704980842912
0.0131704980842912
0.0131704980842912
0.0131704980842912
0.0131704980842912
0.0131704980842912
0.0131704980842912
0.0131704980842912
0.0131704980842912
0.0131704980842912
0.0131704980842912
0.0131704980842912
0.0131704980842912
0.0131704980842912
0.0131704980842912
0.0131704980842912
0.0131704980842912
0.0131704980842912
0.0131704980842912
0.0131704980842912
0.0131704980842912
0.0131704980842912
0.0131704980842912
0.0131704980842912
0.0131704980842912
0.0131704980842912
0.0131704980842912
0.0131704980842912
0.0131704980842912
0.0131704980842912
0.0131704980842912
0.0131704980842912
0.0131704980842912
0.0131704980842912
0.0131704980842912
0.0131704980842912
0.0131704980842912
0.0131704980842912
0.0131704980842912
0.0131704980842912
0.0131704980842912
0.0131704980842912
0.0131704980842912
0.0131704980842912
0.0131704980842912
0.0131704980842912
0.0131704980842912
0.0131704980842912
0.0131704980842912
0.0131704980842912
0.0131704980842912
0.0131704980842912
0.0131704980842912
0.0131704980842912
0.0131704980842912
0.0131704980842912
0.0131704980842912
0.0131704980842912
0.0131704980842912
0.0131704980842912
0.0131704980842912
0.0131704980842912
0.0131704980842912
0.0131704980842912
0.0131704980842912
0.0131704980842912
0.0131704980842912
0.0131704980842912
0.0131704980842912
0.0131704980842912
0.0131704980842912
0.0131704980842912
0.0131704980842912
0.0131136762127411
0.0131136762127411
0.0131136762127411
0.0131136762127411
0.0131136762127411
0.0131136762127411
0.0131136762127411
0.0131136762127411
0.0131136762127411
0.0131136762127411
0.0131136762127411
0.0131136762127411
0
