0.05185324495807
0.0518531754727064
0.0518531754727064
0.0518531754727064
0.0518531408575987
0.0586798433718165
0.0586797402851025
0.0586797174791709
0.0592942564119773
0.0592942221752889
0.0592602349689981
0.0546898022126639
0.053178638127904
0.0591679993309947
0.0530583085845212
0.05378216975497
0.0519878782985621
0.0519588289500198
0.0519597392472851
0.0519591527493102
0.0519587123630883
0.0519579818488595
0.0519578361175861
0.0519575454468182
0.0585185167651705
0.0591381350944487
0.059095601885957
0.0590952222791897
0.0590943600349542
0.0590942189089413
0.0590940780346769
0.0590940780346769
0.0590886377533985
0.0590886377533985
0.0590885001319492
0.0590883627529335
0.0590844920692504
0.0590842644433161
0.0590841281872305
0.0590836927946028
0.0590836474290134
0.0591085804582714
0.0590920613867799
0.0590919260033658
0.0590919260033658
0.0590919260033658
0.0590913877362597
0.0590907008227335
0.0590905666158791
0.0590905666158791
0.0609759676240954
0.0606423004811068
0.0606421743812971
0.0606420484941347
0.0606032203018891
0.0606030948384107
0.0600788277894284
0.0600785780554735
0.0600781396130836
0.0600781396130836
0.0600781396130836
0.0600777433544185
0.0600774951519306
0.0600774951519306
0.0600770585711864
0.0600766227445115
0.0600764993677077
0.0600764582878651
0.0600764582878651
0.0600764582878651
0.0600764582878651
0.0600763351853462
0.0600763351853462
0.0600763351853462
0.0600762122879412
0.0600757778973834
0.0599957233594968
0.0599954793979574
0.0599481819299443
0.0678096982270825
0.0779580844009252
0.0765928309196222
0.0765935593954621
0.0765013124495686
0.0765010471096004
0.0764698440697552
0.0764687456059199
0.0764686574089661
0.0764664360878881
0.0764662608094802
0.0764662608094802
0.0760333912791248
0.0760333334784699
0.0760332468785495
0.0760331603996773
0.0764620093823754
