0.376541301432012
0.376521819096374
0.376521819096374
0.376521819096374
0.376513711468927
0.377416138143805
0.377391992944565
0.377386651288587
0.377168084394557
0.377156889907225
0.37659329661986
0.372373209030038
0.371285012384681
0.371414212056663
0.370346506098867
0.370619377824396
0.373859714020357
0.373973031448551
0.374005035450644
0.374007202909085
0.373987864209772
0.37397272047108
0.373966320967338
0.373953556729267
0.375275187664611
0.375105660109925
0.375112868866668
0.375895716252245
0.375871464889569
0.375864726581381
0.375858477072346
0.375858477072346
0.376608117116284
0.376608117116284
0.376298167057184
0.376000657101488
0.375989111329546
0.375978798885042
0.375972625891946
0.375970339396072
0.375968284137628
0.376043302202641
0.376766351832692
0.376724741294147
0.376702532440629
0.376724741294147
0.376726356984914
0.376714160934119
0.376666983726437
0.376666983726437
0.371435497211275
0.372240655604523
0.372279665854781
0.372254815474516
0.372251712191599
0.372246024513909
0.372454516082506
0.372443194809883
0.372038538239617
0.372038538239617
0.372038538239617
0.372034779235951
0.372023527389833
0.372023527389833
0.372017915578621
0.372012313143869
0.372006720062096
0.372429329037713
0.372004857775898
0.372004857775898
0.371613671687453
0.37160809103993
0.37160809103993
0.37160809103993
0.371602519690904
0.371596957617153
0.371543252055647
0.371532192465861
0.371652792479433
0.360139670362178
0.34712265133067
0.349159954422229
0.349005167656969
0.349188931048839
0.349224050396223
0.348584907131731
0.34878485360295
0.348780469319599
0.3487678479831
0.348759134868037
0.348759134868037
0.350489788601672
0.350542822874871
0.350538471542637
0.350534126292639
0.34786420094706