0.00709531603148624
0.00709531603148624
0.00709531603148624
0.00709531603148624
0.00709531603148624
0.00709531603148624
0.00709531603148624
0.00709531603148624
0.00709531603148624
0.00709531603148624
0.00709531603148624
0.00709531603148624
0.00709531603148624
0.00709531603148624
0.00709531603148624
0.00709531603148624
0.00709531603148624
0.00709531603148624
0.00709531603148624
0.00709531603148624
0.00709531603148624
0.00709531603148624
0.00709531603148624
0.00709531603148624
0.00709531603148624
0.00709531603148624
0.00709531603148624
0.00709531603148624
0.00709531603148624
0.00709531603148624
0.00709531603148624
0.00709531603148624
0.00709531603148624
0.00709531603148624
0.00709531603148624
0.00709531603148624
0.00709219858156028
0.00709219858156028
0.00709219858156028
0.00709219858156028
0.00709219858156028
0.00709219858156028
0.00709219858156028
0.00709219858156028
0.00709219858156028
0.00709219858156028
0.00709219858156028
0.00709219858156028
0.00709219858156028
0.00709219858156028
0.00709219858156028
0.00709219858156028
0.00709219858156028
0.00709219858156028
0.00709219858156028
0.00709219858156028
0.00697473070731503
0.00697473070731503
0.00697473070731503
0.00697473070731503
0.00697473070731503
0.00697473070731503
0.00697473070731503
0.00697473070731503
0.00697473070731503
0.00697473070731503
0.00697473070731503
0.00697473070731503
0.00697473070731503
0.00697473070731503
0.00697473070731503
0.00697473070731503
0.00697473070731503
0.00697473070731503
0.00697473070731503
0.00697473070731503
0.00697473070731503
0.00697473070731503
0.00697473070731503
0.00697473070731503
0.00697473070731503
0.00697473070731503
0.00697473070731503
0.00697473070731503
0.00697473070731503
0.00697473070731503
0.00697473070731503
0.00697473070731503
0.00697473070731503
0.00697473070731503
0.00697473070731503
0.00697473070731503
0.00697473070731503
0.00697473070731503
0.00697473070731503
0.00697473070731503