0.992903904606032
0.992903904606032
0.992903904606032
0.992903904606032
0.992903904606032
0.992903904606032
0.992903904606032
0.992903904606032
0.992903904606032
0.992903904606032
0.992903904606032
0.992903904606032
0.992903904606032
0.992903904606032
0.992903904606032
0.992903904606032
0.992903904606032
0.992903904606032
0.992903904606032
0.992903904606032
0.992903904606032
0.992903904606032
0.992903904606032
0.992903904606032
0.992903904606032
0.992903904606032
0.992903904606032
0.992903904606032
0.992903904606032
0.992903904606032
0.992903904606032
0.992903904606032
0.992903904606032
0.992903904606032
0.992903904606032
0.992903904606032
0.99290780141844
0.99290780141844
0.99290780141844
0.99290780141844
0.99290780141844
0.99290780141844
0.99290780141844
0.99290780141844
0.99290780141844
0.99290780141844
0.99290780141844
0.99290780141844
0.99290780141844
0.99290780141844
0.99290780141844
0.99290780141844
0.99290780141844
0.99290780141844
0.99290780141844
0.99290780141844
0.99302234181723
0.99302234181723
0.99302234181723
0.99302234181723
0.99302234181723
0.99302234181723
0.99302234181723
0.99302234181723
0.99302234181723
0.99302234181723
0.99302234181723
0.99302234181723
0.99302234181723
0.99302234181723
0.99302234181723
0.99302234181723
0.99302234181723
0.99302234181723
0.99302234181723
0.99302234181723
0.99302234181723
0.99302234181723
0.99302234181723
0.99302234181723
0.99302234181723
0.99302234181723
0.99302234181723
0.99302234181723
0.99302234181723
0.99302234181723
0.99302234181723
0.99302234181723
0.99302234181723
0.99302234181723
0.99302234181723
0.99302234181723
0.99302234181723
0.99302234181723
0.99302234181723
0.99302234181723