0.0121840334606292
0.0121840334606292
0.0121840334606292
0.0121840334606292
0.0121840334606292
0.0121840334606292
0.0121840334606292
0.0121840334606292
0.0121840334606292
0.0121840334606292
0.0121840334606292
0.0121840334606292
0.0121840334606292
0.0121840334606292
0.0121840334606292
0.0121840334606292
0.0121840334606292
0.0121840334606292
0.0121840334606292
0.0121840334606292
0.0121840334606292
0.0121840334606292
0.0121840334606292
0.0121840334606292
0.0121840334606292
0.0121840334606292
0.0121840334606292
0.0121840334606292
0.0121840334606292
0.0121840334606292
0.0121840334606292
0.0121840334606292
0.0121840334606292
0.0121840334606292
0.0121840334606292
0.0121840334606292
0.0121840334606292
0.0121840334606292
0.0121840334606292
0.0121840334606292
0.0121840334606292
0.0121840334606292
0.0121840334606292
0.0121840334606292
0.0121840334606292
0.0121840334606292
0.0121840334606292
0.0121840334606292
0.0121840334606292
0.0121840334606292
0.0121840334606292
0.0121840334606292
0.0121840334606292
0.0121840334606292
0.0121840334606292
0.0121840334606292
0.0122646584185046
0.0122646584185046
0.0122646584185046
0.0122646584185046
0.0122646584185046
0.0122646584185046
0.0122646584185046
0.0122646584185046
0.0122646584185046
0.0122646584185046
0.0122646584185046
0.0122646584185046
0.0122646584185046
0.0122646584185046
0.0122646584185046
0.0122646584185046
0.0122646584185046
0.0122646584185046
0.0122646584185046
0.0122646584185046
0.0122646584185046
0.0122646584185046
0.0122646584185046
0.0122646584185046
0.0122646584185046
0.0122646584185046
0.0122646584185046
0.0122646584185046
0.0122646584185046
0.0122646584185046
0.0122646584185046
0.0122646584185046
0.0122646584185046
0.0122646584185046
0.0122646584185046
0.0122646584185046
0.0122646584185046
0.0122646584185046
0.0122646584185046
0.0122646584185046