0.114127146952839
0.114127146952839
0.114127146952839
0.114127146952839
0.114127146952839
0.114127146952839
0.114127146952839
0.114127146952839
0.114127146952839
0.114127146952839
0.114127146952839
0.114127146952839
0.114127146952839
0.114127146952839
0.114127146952839
0.114127146952839
0.114127146952839
0.114127146952839
0.114127146952839
0.114127146952839
0.114127146952839
0.114127146952839
0.114127146952839
0.114127146952839
0.114127146952839
0.114127146952839
0.114127146952839
0.114127146952839
0.114127146952839
0.114127146952839
0.114127146952839
0.114127146952839
0.114127146952839
0.114127146952839
0.114127146952839
0.114127146952839
0.114127146952839
0.114127146952839
0.121965333122912
0.121965333122912
0.121965333122912
0.121965333122912
0.121965333122912
0.121965333122912
0.121965333122912
0.121965333122912
0.121965333122912
0.121965333122912
0.121965333122912
0.121965333122912
0.121965333122912
0.121965333122912
0.121965333122912
0.121965333122912
0.121965333122912
0.121965333122912
0.121965333122912
0.121965333122912
0.121965333122912
0.121965333122912
0.121965333122912
0.121965333122912
0.121965333122912
0.121965333122912
0.121965333122912
0.121965333122912
0.121965333122912
0.121965333122912
0.121965333122912
0.121965333122912
0.121965333122912
0.121965333122912
0.121965333122912
0.121965333122912
0.121965333122912
0.121965333122912
0.121965333122912
0.121965333122912
0.121965333122912
0.121965333122912
0.121965333122912
0.121965333122912
0.121965333122912
0.121965333122912
0.121965333122912
0.121965333122912
0.121965333122912
0.121965333122912
0.121965333122912
0.121965333122912
0.121965333122912
0.121965333122912
0.121965333122912
0.121965333122912
0.121965333122912
0.121965333122912