0.0868776138246666
0.0868776138246666
0.0868776138246666
0.0868776138246666
0.0868776138246666
0.0868776138246666
0.0868776138246666
0.0868776138246666
0.0868776138246666
0.0868776138246666
0.0868776138246666
0.0868776138246666
0.0868776138246666
0.0868776138246666
0.0868776138246666
0.0868776138246666
0.0868776138246666
0.0868776138246666
0.0868776138246666
0.0868776138246666
0.0868776138246666
0.0868776138246666
0.0868776138246666
0.0868776138246666
0.0868776138246666
0.0868776138246666
0.0868776138246666
0.0868776138246666
0.0868776138246666
0.0868776138246666
0.0868776138246666
0.0868776138246666
0.0868776138246666
0.0868776138246666
0.0868776138246666
0.0868776138246666
0.0868776138246666
0.0868776138246666
0.0868776138246666
0.0868776138246666
0.0868776138246666
0.0868776138246666
0.0868776138246666
0.0868776138246666
0.0868776138246666
0.0868776138246666
0.0868776138246666
0.0868776138246666
0.0868776138246666
0.0868776138246666
0.0868776138246666
0.0868776138246666
0.0868776138246666
0.0868776138246666
0.0868776138246666
0.0868776138246666
0.0868776138246666
0.0868776138246666
0.0868776138246666
0.0868776138246666
0.0868776138246666
0.0868776138246666
0.0868776138246666
0.0868776138246666
0.0868776138246666
0.0868776138246666
0.0868776138246666
0.0868776138246666
0.0693337541755438
0.0868776138246666
0.0868776138246666
0.0868776138246666
0.0868776138246666
0.0868776138246666
0.0868776138246666
0.0868776138246666
0.0868776138246666
0.0868776138246666
0.0868776138246666
0.0868776138246666
0.0868776138246666
0.0868776138246666
0.0868776138246666
0.0868776138246666
0.0868776138246666
0.0868776138246666
0.0868776138246666
0.0868776138246666
0.0868776138246666
0.0868776138246666
0.0868776138246666
0.0868776138246666
0.0868776138246666
0.0868776138246666
0.0868776138246666
0.0868776138246666