0.00274051515261438
0.00274051515261438
0.00274051515261438
0.00274051515261438
0.00274051515261438
0.00274183252437836
0.00274183252437836
0.00274183252437836
0.00274183252437836
0.00274183252437836
0.00274183252437836
0.00420149204587137
0.00274432686896249
0.00274425197309014
0.00274071716969505
0.00273275659012945
0.00264081307380805
0.00249763985661819
0.00247679450310202
0.00244652470983802
0.00242487264151096
0.00231958999022479
0.00226538026969323
0.00226419891419125
0.00225507635373146
0.00226070226101234
0.00223127434668548
0.00222406190639853
0.00223048501417623
0.00223108327435493
0.00223106327811108
0.00225161030556681
0.00225219071028562
0.00224326018464198
0.00223821422736298
0.00224171561868656
0.00224178721007499
0.00222852475818711
0.00561923323903586
0.00236703334394326
0.00236650071467176
0.00236659562414569
0.00229042038300344
0.00228981789028079
0.00228918594208307
0.00228885332201853
0.00228917788802148
0.0022869367662496
0.0022869367662496
0.00228643063836169
0.00228653461943576
0.00228653461943576
0.00228423098440209
0.00228411548885335
0.00227925642944992
0.0022861815371676
0.0022861815371676
0.00227129686361826
0.0022489809827814
0.00224812145441583
0.00222410262878345
0.00221170027590733
0.00217983762405131
0.00216798869358447
0.00215706875499333
0.00215706875499333
0.00215706875499333
0.00214901369705686
0.00213771425350686
0.00213035055304093
0.00212513064084731
0.0021232106888597
0.00212348407881714
0.00213804107018295
0.00212245872863455
0.00212186939102174
0.00212202371226943
0.002122458537197
0.0021225697740828
0.0021225697740828
0.0021225697740828
0.00209080697407708
0.00209080697407708
0.00209080697407708
0.00209080697407708
0.00202875756701218
0.00202857689766708
0.00202795428059299
0.00202799452979426
0.00202830787496538
0.00202830787496538
0.00202830787496538
0.0019563179792809
0.0019563179792809
0.00195655412450854
0.00195846501944855
