0.0159840279438946
0.0159840279438946
0.0159840279438946
0.0159840279438946
0.0159840279438946
0.0160261838403421
0.0160261838403421
0.0160261838403421
0.0160261838403421
0.0160261838403421
0.0160261838403421
0.0160800298624102
0.0159805902245081
0.0193225474268118
0.0204717869757004
0.0201960648165324
0.0197567262886352
0.0191924955452458
0.0191102213257732
0.0189440738799706
0.0188466488064861
0.0183615340614363
0.0183198568859623
0.0183213671055721
0.018273187581287
0.0183177879192424
0.0183567411465904
0.0184431129028422
0.0183531137663274
0.0183372731018508
0.0183372731018508
0.0183308096576333
0.0183308096576333
0.0182791997883731
0.0182791997883731
0.0182791997883731
0.0182791997883731
0.0191858629732806
0.0196023137456059
0.0191697728952008
0.0191697728952008
0.0191697728952008
0.0191697728952008
0.0191659815420297
0.0191591382077841
0.0191576881847229
0.0191576881847229
0.0191557154317791
0.0191557154317791
0.0191139424314906
0.0191139424314906
0.0191139424314906
0.0190563086693683
0.0190557267851841
0.0213377332323836
0.019807659672362
0.019807659672362
0.0190555637580125
0.0188475348442178
0.0188463670651352
0.0189073845899832
0.0188268577956388
0.0188180541472332
0.0187374211393451
0.0188401175452775
0.0188401175452775
0.0188401175452775
0.0187962889509787
0.0188320264356929
0.0187632384576691
0.0187145408144915
0.018738389330692
0.018738389330692
0.0188726802895361
0.0188904800846858
0.0188914626283468
0.0188914626283468
0.0188914626283468
0.0188914626283468
0.0188914626283468
0.0188914626283468
0.0188914626283468
0.0188914626283468
0.0188914626283468
0.0188914626283468
0.0185549920701361
0.0185549920701361
0.0185493099452487
0.0185493099452487
0.0185493099452487
0.0185493099452487
0.0185493099452487
0.0180597774390933
0.0180597774390933
0.0180597774390933
0.0180597774390933