0.0357474878285069
0.0357474878285069
0.0357474878285069
0.0357474878285069
0.0357474878285069
0.0357474878285069
0.0357474878285069
0.0357474878285069
0.0357474878285069
0.0357474878285069
0.0357474878285069
0.0359029282325
0.035722350554351
0.0275381114827545
0.027860291290314
0.0279516171633305
0.028275339473073
0.0283354099976057
0.0284199039724323
0.0284411648426532
0.0285278398790602
0.0284638700950324
0.0286386712582219
0.0286384984192213
0.0285688998410143
0.0286728660503663
0.0289117491358663
0.0290911335928776
0.0289116478399925
0.0289071962961608
0.0289071962961608
0.0289054433348049
0.0289054433348049
0.0288426282332754
0.028841506906064
0.0288403876591164
0.0288403876591164
0.0274008714756054
0.0277416854994035
0.0273305128233166
0.0273304415702599
0.0273304415702599
0.0273148430876803
0.0273057380992039
0.0273019855406346
0.0273019855406346
0.0273019855406346
0.0273019855406346
0.0273019855406346
0.0273019855406346
0.0273019855406346
0.0273019855406346
0.0273006096009645
0.0272940937270898
0.0318876351534323
0.0280394082248601
0.0272972121977918
0.0272940937270898
0.0272428210119166
0.0272705943233486
0.0274569583338547
0.0273016003313391
0.0273488435973509
0.0274362222650589
0.0275373430361645
0.0275373430361645
0.0275373430361645
0.0276300805926451
0.0277069470130209
0.027894490905879
0.0278441675905757
0.0278583999076626
0.0278583999076626
0.028072162729509
0.0283321246385422
0.0283343238286548
0.0283370695501343
0.0283370695501343
0.0283370695501343
0.0283370695501343
0.0283370695501343
0.0276929905500182
0.0276929905500182
0.0276929905500182
0.0276929905500182
0.0277161051520461
0.0277161051520461
0.0277106682567308
0.0277106682567308
0.0277106682567308
0.0277106682567308
0.0277106682567308
0.0273810583024618
0.0273810583024618
0.0273810583024618
0.0273810583024618
