0.0275891146358581
0.0275891146358581
0.0275756229096591
0.0275756229096591
0.0275756229096591
0.0275769402814231
0.0275769402814231
0.0275769402814231
0.0275769402814231
0.0275769402814231
0.0275769402814231
0.0284194957343691
0.0274726760179856
0.0280188831877004
0.027954420717817
0.0277973188531782
0.0262300353822657
0.0247356818450847
0.0243938070421332
0.0241054754254838
0.0237749555510521
0.02275724598469
0.0222572672458219
0.0222390502877428
0.0221704723063167
0.0222271162717742
0.0219257384056838
0.0218654172473284
0.0219217993668333
0.0219305366301924
0.0219305166339485
0.0210152852053886
0.0210154854022669
0.021626873387997
0.0215916492168862
0.0216193257276772
0.0216198907191751
0.0214993128013542
0.024083643108754
0.0214356615301647
0.021431465864801
0.0214322148801088
0.0213560396389666
0.0213519955299554
0.021338587966726
0.0213308540827182
0.0213334155225253
0.0213096653273155
0.0213096653273155
0.0213084425731064
0.0213092631805017
0.0213092631805017
0.021232049852754
0.0212306837971336
0.0213092571757825
0.021199095884484
0.021199095884484
0.021086584521543
0.0208414552928015
0.0208385491638293
0.0205955596071555
0.0204817246907426
0.020163810467089
0.0200304268899868
0.0199330330030859
0.0199330330030859
0.0199330330030859
0.019851169978353
0.0197524422825372
0.0196863676031087
0.0195979462049833
0.0195843352902952
0.0195855104439538
0.0197152907724769
0.0195610568427432
0.0195630097991684
0.0195637060365899
0.0195642503404954
0.0195650888954806
0.0195650888954806
0.0195650888954806
0.0193346432021411
0.0193346432021411
0.0193346432021411
0.0193346432021411
0.0186668229061552
0.0186652903145355
0.0186605967396693
0.0186618847141099
0.0186641549496897
0.0186641549496897
0.0186641549496897
0.0179959341882997
0.0179959341882997
0.0179959341882997
0.018010339396309
