0.141677840029032
0.141677840029032
0.141677840029032
0.141677840029032
0.141677840029032
0.14171670249607
0.14171670249607
0.14171670249607
0.14171670249607
0.14171670249607
0.14171670249607
0.142153190484467
0.142032905796977
0.14474834932852
0.144156865792115
0.145134438585077
0.154512470097164
0.169666269764235
0.17163002224892
0.174711999851733
0.177385752414077
0.187366393524171
0.187420731230291
0.187487523911002
0.186621831373651
0.18709615468976
0.186331242307063
0.185878316855042
0.186191503208251
0.185957510690509
0.185956385901792
0.184404000679477
0.184416148318669
0.184073718346613
0.184126053222523
0.184205821667403
0.184117248586603
0.183247642908385
0.183010022952784
0.182730168865035
0.182730071352543
0.182730071352543
0.182742763221705
0.182715267820079
0.182667143272235
0.182626836178391
0.182626836178391
0.182502993463517
0.182502993463517
0.18247665284721
0.18247665284721
0.18247665284721
0.182108198952146
0.18208668893614
0.180384227484623
0.181272909334768
0.181272909334768
0.181229462520403
0.179376764134087
0.179296056211155
0.178394449752214
0.177474257211643
0.175901242754263
0.175337494058052
0.175179098108348
0.175179098108348
0.175179098108348
0.175252784124471
0.175072390601053
0.174436410506431
0.173657395962194
0.174034894337969
0.174048729689049
0.175020545653427
0.174691689593012
0.174642724803387
0.174654615175418
0.174672487698973
0.174672487698973
0.174672487698973
0.174672487698973
0.17401246118335
0.17401246118335
0.17401246118335
0.17401246118335
0.183206868005363
0.18329383628655
0.18329383628655
0.183289464217062
0.183288430278526
0.183288430278526
0.183288430278526
0.188685947562114
0.188685947562114
0.188699994490612
0.188699994490612
