0.0137380195204099
0.0137380195204099
0.0137380195204099
0.0137380195204099
0.0137380195204099
0.0137391722207034
0.0137391722207034
0.0137391722207034
0.0137391722207034
0.0137391722207034
0.0137391722207034
0.0138185578205069
0.0137806748783027
0.014517532394867
0.0125652385609748
0.0125102729742128
0.0120043619955241
0.0113644660033892
0.011245929895703
0.0110860226588493
0.0109646881399859
0.0104926760495224
0.0103159230152068
0.0103091286784274
0.01025866656017
0.0102815275790636
0.0101963180942399
0.0102063723055877
0.010194313830763
0.010204174616
0.0102041671174086
0.0100969811750936
0.010100398025539
0.0100623563821853
0.0100338329920591
0.0100528403603951
0.0100532273408731
0.00992348117081617
0.0104285123350033
0.00987236587836359
0.009869493154516
0.00987000617869942
0.00987000617869942
0.00986730325070706
0.00986290179127881
0.00985794730503851
0.00985970171586527
0.00984841601756353
0.00984841601756353
0.00984750207924162
0.00984806413910142
0.00984806413910142
0.00983990491480676
0.00983909788098412
0.00924585468314842
0.0098237879026498
0.0098237879026498
0.00974745624342241
0.00964864028561956
0.00964712330094058
0.00959224534598792
0.00954796217569666
0.00945893286429217
0.00946209726500822
0.00942020828355857
0.00942020828355857
0.00942020828355857
0.00943668579071966
0.00938460575954387
0.00935783379603599
0.00932716114239627
0.00932282414127416
0.00932405229314184
0.00938411621500027
0.00936578254086527
0.00936264249463268
0.00936351572190239
0.00936547994715532
0.00936605039272354
0.00936605039272354
0.00936605039272354
0.00936510055995631
0.00936510055995631
0.00936510055995631
0.00936510055995631
0.00861919109514935
0.00861907973374898
0.00861588682567674
0.00861594216832849
0.00861744462769305
0.00861744462769305
0.00861744462769305
0.00829162654406883
0.00829162654406883
0.00829165548742519
0.00830145494865602