0.186457097431359
0.186457097431359
0.186457097431359
0.186457097431359
0.186457097431359
0.186580397556533
0.186580397556533
0.186580397556533
0.186580397556533
0.186580397556533
0.186580397556533
0.185502812604144
0.185640588491737
0.185648980040319
0.18574116958227
0.185242991507552
0.179091288205756
0.169875527334297
0.168945748468843
0.166866030752092
0.165247252306286
0.158302666449963
0.154619915674627
0.154522342509725
0.153390729166483
0.153755818045362
0.151876477105019
0.151183531422756
0.151599109793155
0.151540454103447
0.151540454103447
0.151238233313862
0.151251206319816
0.150688148203634
0.150563827504428
0.15062369808641
0.150625182156543
0.149779974049026
0.149421826940683
0.14943936016638
0.149428183583326
0.149430151031069
0.149430151031069
0.14939423861497
0.149350266313251
0.149332614141627
0.149339342307147
0.149233371955979
0.149233371955979
0.149179791932596
0.149181947432158
0.149181947432158
0.148968786581609
0.148954017588314
0.148571215913739
0.148705069748642
0.148705069748642
0.148412337835504
0.146640732548316
0.146593448056968
0.144938819122532
0.144101776680849
0.142016702800287
0.141215458602515
0.14050925270903
0.14050925270903
0.14050925270903
0.140011372632193
0.139247279080702
0.138745289089896
0.13840844275713
0.138289704099721
0.138297276068769
0.139261877762796
0.138193487415483
0.138184289662051
0.138192994924534
0.138200228111396
0.13820241577015
0.13820241577015
0.13820241577015
0.137545529359621
0.137545529359621
0.137545529359621
0.137545529359621
0.133037963213492
0.133033782066779
0.133021537264322
0.133025396156494
0.133031814762571
0.133031814762571
0.133031814762571
0.128504038422267
0.128504038422267
0.128509365580785
0.128546946514605
