0.0663161724543243
0.0663161724543243
0.0663161724543243
0.0663161724543243
0.0663161724543243
0.0663555289357732
0.0663555289357732
0.0663555289357732
0.0663555289357732
0.0663555289357732
0.0663555289357732
0.0673063786945787
0.0670955812527498
0.0656302598722355
0.0667438153711187
0.0683550892667899
0.0803050575519029
0.0997963112788041
0.102150117938935
0.106041905081597
0.109316374026875
0.122081634939017
0.12390955481965
0.124029524592754
0.123372142772975
0.123642601561526
0.123616482041198
0.123151231048684
0.123505807023885
0.123378216457069
0.123377084169761
0.123092639095049
0.123098803738115
0.122776032512499
0.122880644456964
0.122960380119398
0.122871807038598
0.123555987554902
0.123283119458145
0.123133096037308
0.123132998051199
0.123132998051199
0.123132998051199
0.123113681497969
0.123097699968845
0.12308219553462
0.12308219553462
0.123004159391921
0.123004159391921
0.122977667970559
0.122977667970559
0.122977667970559
0.122803841132246
0.122796652425808
0.122998986920253
0.12259399039045
0.12259399039045
0.122550505598101
0.121461535261173
0.121405292846289
0.121411004676865
0.120869980779888
0.120359253373996
0.120142290079576
0.120437252265439
0.120437252265439
0.120437252265439
0.120780248767244
0.121019734647422
0.120587936156304
0.120109168974699
0.120641057850507
0.120649886237526
0.121236719031807
0.121535217272636
0.121518093293079
0.121523778058336
0.12153836151053
0.12153836151053
0.12153836151053
0.12153836151053
0.121551563522742
0.121551563522742
0.121551563522742
0.121551563522742
0.135682754370663
0.135773149183823
0.135773149183823
0.135765567240534
0.135772247106494
0.135772247106494
0.135772247106494
0.144948050996993
0.144948050996993
0.144956764983091
0.144956764983091
