2.54712559361612e-06
2.54711688198792e-06
2.54711688198792e-06
2.54711688198792e-06
2.54711688198792e-06
2.5471125262359e-06
2.5471125262359e-06
2.5471125262359e-06
2.5471125262359e-06
2.54710817052528e-06
2.54710817052528e-06
2.54709945922817e-06
2.54709945922817e-06
2.54709074809661e-06
2.54709074809661e-06
2.54708203713059e-06
2.54707768170965e-06
2.54707768170965e-06
2.54707768170965e-06
2.54707768170965e-06
2.54735433308209e-06
2.54735433308209e-06
3.71671388863525e-06
3.71671388863525e-06
3.71671388863525e-06
3.71671388863525e-06
3.71670953062676e-06
3.71670953062676e-06
3.71670953062676e-06
3.71670953062676e-06
3.71670517265968e-06
3.71670517265968e-06
3.71670517265968e-06
3.71670517265968e-06
3.71670081473403e-06
3.71670081473403e-06
3.71670081473403e-06
3.6750121055971e-06
3.6750121055971e-06
3.6750121055971e-06
3.6750121055971e-06
3.67500586597335e-06
3.67500586597335e-06
3.67500170627359e-06
3.67500170627359e-06
3.67500170627359e-06
3.67500170627359e-06
3.67499338699268e-06
3.67499338699268e-06
3.67499338699268e-06
3.67499338699268e-06
3.67498922741152e-06
3.67498922741152e-06
3.67498714763577e-06
3.67498714763577e-06
3.67498714763577e-06
3.67498298811391e-06
3.67498298811391e-06
3.67497882863158e-06
3.67497882863158e-06
3.67497882863158e-06
3.67497882863158e-06
3.67497466918878e-06
3.67497466918878e-06
3.67497466918878e-06
3.67497466918878e-06
3.6749725894822e-06
3.6749725894822e-06
3.6749725894822e-06
3.6749725894822e-06
3.6749684300987e-06
3.6749684300987e-06
3.6749684300987e-06
3.67496427075472e-06
3.67496427075472e-06
3.67495803181287e-06
3.67495803181287e-06
3.67495803181287e-06
3.67495803181287e-06
3.67495803181287e-06
3.67495803181287e-06
3.67495595218535e-06
3.67495595218535e-06
3.67495595218535e-06
3.67495595218535e-06
3.67495387256771e-06
3.67495387256771e-06
3.67494555419598e-06
3.67494555419598e-06
3.67494555419598e-06
3.67494555419598e-06
3.67494555419598e-06
3.67494555419598e-06
3.67494555419598e-06
3.67494555419598e-06
3.67494555419598e-06