1.35942754506077e-06
1.35942754506077e-06
1.35942754506077e-06
1.35942754506077e-06
1.35942754506077e-06
1.35942754506077e-06
1.35942754506077e-06
1.35942754506077e-06
1.35942754506077e-06
1.35942754506077e-06
1.35942754506077e-06
1.35942754506077e-06
1.3594534181587e-06
1.3594534181587e-06
1.3594534181587e-06
1.3594534181587e-06
1.3594534181587e-06
1.3594534181587e-06
1.3594534181587e-06
1.3594534181587e-06
1.3594534181587e-06
1.3594534181587e-06
1.35981574496656e-06
1.35981574496656e-06
1.35981574496656e-06
1.35981574496656e-06
1.35981574496656e-06
1.35981574496656e-06
1.35981574496656e-06
1.35981574496656e-06
1.35981574496656e-06
1.35981574496656e-06
1.35981574496656e-06
1.35981574496656e-06
1.35981574496656e-06
1.35981574496656e-06
1.35981574496656e-06
1.35981574496656e-06
1.35981574496656e-06
1.35981574496656e-06
1.35981574496656e-06
1.35981574496656e-06
1.35981574496656e-06
1.35981574496656e-06
1.35981574496656e-06
1.35981574496656e-06
1.35981574496656e-06
1.35981574496656e-06
1.35981574496656e-06
1.35981574496656e-06
1.35981574496656e-06
1.35981574496656e-06
1.35981574496656e-06
1.35981574496656e-06
1.35981574496656e-06
1.35981574496656e-06
1.35981574496656e-06
1.35981574496656e-06
1.35981574496656e-06
1.35981574496656e-06
1.35981898089726e-06
1.35981898089726e-06
1.35981898089726e-06
1.35981898089726e-06
1.35981898089726e-06
1.35981898089726e-06
1.35981898089726e-06
1.35981898089726e-06
1.35981898089726e-06
1.35981898089726e-06
1.35981898089726e-06
1.35981898089726e-06
1.35981898089726e-06
1.35981898089726e-06
1.35981898089726e-06
1.35981898089726e-06
1.35981898089726e-06
1.35981898089726e-06
1.35981898089726e-06
1.35981898089726e-06
1.35981898089726e-06
1.35981898089726e-06
1.35981898089726e-06
1.35981898089726e-06
1.35981898089726e-06
1.35981898089726e-06
1.35981898089726e-06
1.35981898089726e-06
1.35981898089726e-06
1.35981898089726e-06
1.35981898089726e-06
1.35981898089726e-06
1.35981898089726e-06
1.35981898089726e-06
1.35981898089726e-06
1.35981898089726e-06