0.000542295219251651
0.000542295219251651
0.000542295219251651
0.000542295219251651
0.000542295219251651
0.000542295219251651
0.000542295219251651
0.000542295219251651
0.000542295219251651
0.000542295219251651
0.000542295219251651
0.000542295219251651
0.000542304900066557
0.000542304900066557
0.000542304900066557
0.000542304900066557
0.000542304900066557
0.000542304900066557
0.000542304900066557
0.000542304900066557
0.000542304900066557
0.000542304900066557
0.000542304900066557
0.000542304900066557
0.000542346119547272
0.000542346119547272
0.000542346119547272
0.000542346119547272
0.000542346119547272
0.000542346119547272
0.000542346119547272
0.000542346119547272
0.000542346119547272
0.000542346119547272
0.000542346119547272
0.000542346119547272
0.000542511404269531
0.000542511404269531
0.000542511404269531
0.000542511404269531
0.000542511404269531
0.000542511404269531
0.000542511404269531
0.000542511404269531
0.000542511404269531
0.000542511404269531
0.000542511404269531
0.000542511404269531
0.000542511404269531
0.000542511404269531
0.000542511404269531
0.000542511404269531
0.000542511404269531
0.000542511404269531
0.000542511404269531
0.000542511404269531
0.000542511404269531
0.000542511404269531
0.000542511404269531
0.000542511404269531
0.000542512695953093
0.000542512695953093
0.000542512695953093
0.000542512695953093
0.000542512695953093
0.000542512695953093
0.000542512695953093
0.000542512695953093
0.000542512695953093
0.000542512695953093
0.000542512695953093
0.000542512695953093
0.000542512695953093
0.000542512695953093
0.000542512695953093
0.000542512695953093
0.000542512695953093
0.000542512695953093
0.000542512695953093
0.000542512695953093
0.000542512695953093
0.000542512695953093
0.000542512695953093
0.000542512695953093
0.000542512695953093
0.000542512695953093
0.000542512695953093
0.000542512695953093
0.000542512695953093
0.000542512695953093
0.000542512695953093
0.000542512695953093
0.000542512695953093
0.000542512695953093
0.000542512695953093
0.000542512695953093