0.482878151260504
0.482878151260504
0.482878151260504
0.482878151260504
0.482878151260504
0.482878151260504
0.482878151260504
0.482878151260504
0.482827780234901
0.482827780234901
0.482827780234901
0.482827780234901
0.482827780234901
0.482827780234901
0.482827780234901
0.482827780234901
0.482827780234901
0.482827780234901
0.482827780234901
0.482827780234901
0.482827780234901
0.482827780234901
0.482827780234901
0.482827780234901
0.482827780234901
0.482827780234901
0.482827780234901
0.482827780234901
0.482827780234901
0.482827780234901
0.482827780234901
0.482827780234901
0.482827780234901
0.482827780234901
0.482827780234901
0.482827780234901
0.482827780234901
0.482827780234901
0.482827780234901
0.482827780234901
0.482827780234901
0.482827780234901
0.482827780234901
0.482827780234901
0.482827780234901
0.482827780234901
0.482827780234901
0.482827780234901
0.482827780234901
0.482827780234901
0.482827780234901
0.482827780234901
0.482827780234901
0.482827780234901
0.482827780234901
0.482827780234901
0.482827780234901
0.482827780234901
0.482827780234901
0.482827780234901
0.482827780234901
0.482827780234901
0.482827780234901
0.482827780234901
0.482827780234901
0.482827780234901
0.482827780234901
0.482827780234901
0.482827780234901
0.482827780234901
0.482827780234901
0.482827780234901
0.482827780234901
0.482827780234901
0.482827780234901
0.482827780234901
0.482827780234901
0.482827780234901
0.482827780234901
0.482827780234901
0.482827780234901
0.482827780234901
0.482827780234901
0.482827780234901
0.482827780234901
0.482827780234901
0.482827780234901
0.482827780234901
0.482827780234901
0.482827780234901
0.482827780234901
0.482827780234901
0.482827780234901
0.482827780234901
0.482827780234901
0.482827780234901