0.542436974789916
0.542436974789916
0.542436974789916
0.542436974789916
0.542436974789916
0.542436974789916
0.542436974789916
0.542436974789916
0.542432674824316
0.542432674824316
0.542432674824316
0.542537716841122
0.542537716841122
0.542537716841122
0.542537716841122
0.542537716841122
0.542537716841122
0.542537716841122
0.542537716841122
0.542537716841122
0.542537716841122
0.542537716841122
0.542537716841122
0.542537716841122
0.542537716841122
0.542537716841122
0.542537716841122
0.542537716841122
0.542537716841122
0.542537716841122
0.542537716841122
0.542537716841122
0.542537716841122
0.542537716841122
0.542537716841122
0.542537716841122
0.542537716841122
0.542537716841122
0.542537716841122
0.542537716841122
0.542537716841122
0.542537716841122
0.542537716841122
0.542537716841122
0.542537716841122
0.542537716841122
0.542537716841122
0.542537716841122
0.542537716841122
0.542537716841122
0.542537716841122
0.542537716841122
0.542537716841122
0.542537716841122
0.542537716841122
0.542537716841122
0.542537716841122
0.542537716841122
0.542537716841122
0.542537716841122
0.542537716841122
0.542537716841122
0.542537716841122
0.542537716841122
0.542537716841122
0.542537716841122
0.542537716841122
0.542537716841122
0.542537716841122
0.542537716841122
0.542537716841122
0.542537716841122
0.542537716841122
0.542537716841122
0.542537716841122
0.542537716841122
0.542537716841122
0.542537716841122
0.542537716841122
0.542537716841122
0.542537716841122
0.542537716841122
0.542537716841122
0.542537716841122
0.542537716841122
0.542537716841122
0.542537716841122
0.542537716841122
0.542537716841122
0.542537716841122
0.542537716841122
0.542537716841122
0.542537716841122
0.542537716841122
0.542537716841122
0.542537716841122