0.000812410562998752
0.000812410562998752
0.000812410562998752
0.000812410562998752
0.000812410562998752
0.000812410562998752
0.000812410562998752
0.000812410562998752
0.000812420435491242
0.000812420435491242
0.000812420435491242
0.000812428725814605
0.000812465148910752
0.000812465148910752
0.000812465148910752
0.000809617001891858
0.000809617001891858
0.000809617001891858
0.00080962082371305
0.00080962082371305
0.00080962082371305
0.00080962082371305
0.000809641979203924
0.000813361885164701
0.000813361885164701
0.000813366980926292
0.000813366980926292
0.000813369628897672
0.000813369628897672
0.000813369628897672
0.000805929747354815
0.000805925925533623
0.000805922739701501
0.000805922739701501
0.000805921784736767
0.00080584037478045
0.000805760788252261
0.000805748287962698
0.000805727113619864
0.000805729757662822
0.000805651025611701
0.000805651025611701
0.000805582569605672
0.000805569550560407
0.000805491659298753
0.000805491659298753
0.000805494080807695
0.000808288950401065
0.00080821881489787
0.000808215774663004
0.000808215774663004
0.000808146394828531
0.000808146394828531
0.000808113011967249
0.000808044375654109
0.000808047405943151
0.000808047405943151
0.000808047405943151
0.000808047405943151
0.000808047405943151
0.000808047405943151
0.000808047405943151
0.000808059536123788
0.000808059536123788
0.000808232865495632
0.000808062871053825
0.000808062871053825
0.000808056502224101
0.000808054080715158
0.000807977016846159
0.000807977016846159
0.000807977016846159
0.000807977016846159
0.000807909112165937
0.000805159694589598
0.000805159694589598
0.000805149110564653
0.000805149110564653
0.000805149110564653
0.000805149110564653
0.000805149110564653
0.000805149110564653
0.000805128716525422
0.000804990628256444
0.000804990628256444
0.000804990628256444
0.000804990628256444
0.000804990628256444
0.000781123858052554
0.000781123858052554
0.000781123858052554
0.000781121214794162
0.000781123610647036
0.000781121214794162
0.000781121214794162
0.000781121214794162
