0.00081270238146288
0.00081270238146288
0.00081270238146288
0.00081270238146288
0.00081270238146288
0.00081270238146288
0.00081270238146288
0.00081270238146288
0.00081270779538217
0.00081270779538217
0.00081270779538217
0.000812714808928347
0.000812613816517121
0.000812613816517121
0.000812613816517121
0.000812560637777613
0.000812560637777613
0.000812560637777613
0.000812561911718011
0.000812561911718011
0.000812561911718011
0.000812561911718011
0.000812578582559036
0.000812578582559036
0.000812578582559036
0.000812596417724601
0.000812596417724601
0.00081259850443307
0.00081259850443307
0.00081259850443307
0.00403529640891741
0.000922334446389703
0.000812580022024363
0.000812580022024363
0.000812605508386261
0.000812548926219983
0.000812475998453711
0.000812467460495446
0.000812450774437821
0.000812452857975402
0.000812402795180387
0.000812402795180387
0.000812353706017077
0.000812343819410288
0.000812294295830836
0.000812294295830836
0.000812295835367291
0.000812293754360924
0.000812243657572927
0.000812241577198602
0.000812241577198602
0.000812192020173978
0.000812192020173978
0.000812169177684295
0.000812120151746338
0.000812122225188238
0.000812122225188238
0.000812122225188238
0.000812122225188238
0.000812122225188238
0.000812122225188238
0.000812122225188238
0.000812130525245925
0.000812130525245925
0.000812507644922338
0.000812138637757645
0.000812138637757645
0.000812128449287385
0.00081212690975093
0.000812077916722045
0.000812077916722045
0.000812077916722045
0.000812077916722045
0.00081202941337903
0.000812064790549384
0.000812064790549384
0.00081205645006034
0.00081205645006034
0.000812056927747049
0.00081205645006034
0.00081205645006034
0.00081205645006034
0.000812041687953992
0.000811993698894269
0.000811993698894269
0.000811993698894269
0.000811993698894269
0.000811993698894269
0.000811993698894269
0.000811993698894269
0.000811993698894269
0.000811991615989948
0.000811993139076011
0.000811991615989948
0.000811991615989948
0.000811991615989948
