1.11597178823319e-05
1.11597178823319e-05
1.11597178823319e-05
1.11597178823319e-05
1.11597178823319e-05
1.11597178823319e-05
1.11597178823319e-05
1.11597178823319e-05
1.11597178823319e-05
1.11597178823319e-05
1.11597178823319e-05
1.11597178823319e-05
1.11597178823319e-05
1.11597178823319e-05
1.11597178823319e-05
1.11530582041413e-05
1.11530582041413e-05
1.11530582041413e-05
1.11530582041413e-05
1.11530582041413e-05
1.11530582041413e-05
1.11530582041413e-05
1.11530582041413e-05
1.11530582041413e-05
1.11530582041413e-05
1.11530582041413e-05
1.11530582041413e-05
1.30130111845299e-05
1.30130111845299e-05
1.11530582041413e-05
1.11530582041413e-05
1.11530582041413e-05
1.11530582041413e-05
1.11530582041413e-05
9.29310522375263e-06
9.2830483498048e-06
1.1122294524661e-05
1.1122294524661e-05
1.1122294524661e-05
1.1122294524661e-05
1.11024404592678e-05
1.11024404592678e-05
1.11030576576465e-05
1.11024404592678e-05
1.10827993356707e-05
1.10827993356707e-05
1.10834099315796e-05
1.10834099315796e-05
1.10834099315796e-05
1.10834099315796e-05
1.10834099315796e-05
1.10834099315796e-05
1.10834099315796e-05
1.10834099315796e-05
1.10834099315796e-05
1.10834099315796e-05
1.10834099315796e-05
1.10834099315796e-05
1.10834099315796e-05
1.10834099315796e-05
1.10834099315796e-05
1.10834099315796e-05
1.10834099315796e-05
1.10834099315796e-05
1.10827893101803e-05
1.10834099315796e-05
1.10834099315796e-05
1.10834099315796e-05
1.10827993356707e-05
1.10633677462689e-05
1.10633677462689e-05
1.10633677462689e-05
1.10633677462689e-05
1.10633677462689e-05
1.10633677462689e-05
1.10633677462689e-05
1.10633677462689e-05
1.10633677462689e-05
1.10633677462689e-05
1.10633677462689e-05
1.10633677462689e-05
1.10633677462689e-05
1.10633677462689e-05
1.10633677462689e-05
1.10633677462689e-05
1.10633677462689e-05
1.10633677462689e-05
1.10633677462689e-05
1.10633677462689e-05
1.10633677462689e-05
1.10633677462689e-05
1.10633677462689e-05
1.10639718450907e-05
1.10633677462689e-05
1.10633677462689e-05
1.10633677462689e-05
