1.48796238431092e-05
1.48796238431092e-05
1.48796238431092e-05
1.48796238431092e-05
1.48796238431092e-05
1.48796238431092e-05
1.48796238431092e-05
1.48796238431092e-05
1.48796238431092e-05
1.48796238431092e-05
1.48796238431092e-05
1.48796238431092e-05
1.48796238431092e-05
1.48796238431092e-05
1.48796238431092e-05
1.48796238431092e-05
1.48796238431092e-05
1.48796238431092e-05
1.48796238431092e-05
1.48796238431092e-05
1.48796238431092e-05
1.48796238431092e-05
1.48796238431092e-05
1.48796238431092e-05
1.48796238431092e-05
1.48796238431092e-05
1.48796238431092e-05
1.48796238431092e-05
1.48796238431092e-05
1.48796238431092e-05
1.48796238431092e-05
1.48796238431092e-05
1.48796238431092e-05
1.48796238431092e-05
1.48796238431092e-05
1.48796238431092e-05
1.48796238431092e-05
1.48796238431092e-05
1.48796238431092e-05
1.48796238431092e-05
1.48796238431092e-05
1.48796238431092e-05
1.48796238431092e-05
1.48796238431092e-05
1.48796238431092e-05
1.48796238431092e-05
1.48796238431092e-05
1.48796238431092e-05
1.48796238431092e-05
1.48796238431092e-05
1.48796238431092e-05
1.48796238431092e-05
1.48796238431092e-05
1.48796238431092e-05
1.48796238431092e-05
1.48796238431092e-05
1.48796238431092e-05
1.48796238431092e-05
1.48796238431092e-05
1.48796238431092e-05
1.48796238431092e-05
1.48796238431092e-05
1.48796238431092e-05
1.48796238431092e-05
1.48808971294213e-05
1.48796238431092e-05
1.48796238431092e-05
1.48796238431092e-05
1.48796238431092e-05
1.48796238431092e-05
1.48796238431092e-05
1.48796238431092e-05
1.48796238431092e-05
1.48796238431092e-05
1.48796238431092e-05
1.48796238431092e-05
1.48796238431092e-05
1.48796238431092e-05
1.48796238431092e-05
1.48796238431092e-05
1.48796238431092e-05
1.48796238431092e-05
1.48796238431092e-05
1.48796238431092e-05
1.48796238431092e-05
1.48796238431092e-05
1.48796238431092e-05
1.48796238431092e-05
1.48796238431092e-05
1.48796238431092e-05
1.48796238431092e-05
1.48796238431092e-05
1.48796238431092e-05
1.48796238431092e-05
1.48796238431092e-05
1.48796238431092e-05
