0.00119787220768319
0.00119787220768319
0.00119787220768319
0.00119787220768319
0.00119787220768319
0.00119787220768319
0.00119787220768319
0.00119787220768319
0.00119788781268939
0.00119788781268939
0.00119788781268939
0.00119788558520167
0.00119788670056751
0.00119788670056751
0.00119788670056751
0.00119787778298473
0.00119787778298473
0.00119787778298473
0.00119788670056751
0.00119788670056751
0.00119788670056751
0.00119788670056751
0.00119788670056751
0.00119788670056751
0.00119788670056751
0.0011978956181503
0.0011978956181503
0.0011978956181503
0.0011978956181503
0.0011978956181503
0.00119789554852899
0.00119788663094621
0.00119788216986552
0.00119788216986552
0.00119787994161447
0.00119787771336343
0.00119787771336343
0.00119787771336343
0.00119787771336343
0.00119787771336343
0.00119787771336343
0.00119787771336343
0.00119787771336343
0.00119787771336343
0.00119787771336343
0.00119787771336343
0.00119787771336343
0.00119787771336343
0.00119787771336343
0.00119787771336343
0.00119787771336343
0.00119787771336343
0.00119787771336343
0.00119787659799758
0.00119787659799758
0.00119787771336343
0.00119787771336343
0.00119787771336343
0.00119787771336343
0.00119787771336343
0.00119787771336343
0.00119787771336343
0.00119787771336343
0.00119787771336343
0.00119798361035757
0.00119789108821114
0.00119789108821114
0.00119787771336343
0.00119787771336343
0.00119787771336343
0.00119787771336343
0.00119787771336343
0.00119787771336343
0.00119787771336343
0.00119787771336343
0.00119787771336343
0.00119787771336343
0.00119787771336343
0.00119787882796575
0.00119787771336343
0.00119787771336343
0.00119787771336343
0.00119787771336343
0.00119787771336343
0.00119787771336343
0.00119787771336343
0.00119787771336343
0.00119787771336343
0.00119787771336343
0.00119787771336343
0.00119787771336343
0.00119787771336343
0.00119787771336343
0.00119787771336343
0.00119787771336343
0.00119787771336343
