0.000684493308628803
0.000684493308628803
0.000684493308628803
0.000684493308628803
0.000684493308628803
0.000684493308628803
0.000684493308628803
0.000684493308628803
0.000684502225775202
0.000684502225775202
0.000684502225775202
0.000684500952925077
0.000684501590276989
0.000684501590276989
0.000684501590276989
0.000684501590276989
0.000684501590276989
0.000684501590276989
0.000684506686038579
0.000684506686038579
0.000684506686038579
0.000684506686038579
0.000684506686038579
0.000684506686038579
0.000684506686038579
0.000684511781800169
0.000684511781800169
0.000684511781800169
0.000684511781800169
0.000684511781800169
0.000684511742016568
0.000684506646254978
0.000684504097066012
0.000684504097066012
0.0006845028237797
0.000684501550493388
0.000684496454731798
0.000684496454731798
0.000684496454731798
0.000684496454731798
0.000684496454731798
0.000684496454731798
0.000684496454731798
0.000684496454731798
0.000684496454731798
0.000684496454731798
0.000684496454731798
0.000684496454731798
0.000684496454731798
0.000684496454731798
0.000684496454731798
0.000684496454731798
0.000684496454731798
0.000684495817379886
0.000684495817379886
0.000684496454731798
0.000684496454731798
0.000684496454731798
0.000684496454731798
0.000684496454731798
0.000684496454731798
0.000684496454731798
0.000684496454731798
0.000684496454731798
0.000684554416800499
0.00068450409750192
0.00068450409750192
0.000684496454731798
0.000684496454731798
0.000684496454731798
0.000684496454731798
0.000684496454731798
0.000684496454731798
0.000684496454731798
0.000684496454731798
0.000684496454731798
0.000684496454731798
0.000684496454731798
0.00068449709164741
0.000684496454731798
0.000684496454731798
0.000684496454731798
0.000684496454731798
0.000684496454731798
0.000684496454731798
0.000684496454731798
0.000684496454731798
0.000684496454731798
0.000684496454731798
0.000684496454731798
0.000684496454731798
0.000684496454731798
0.000684496454731798
0.000684496454731798
0.000684496454731798
0.000684496454731798
