9.95076435979635e-05
9.95076435979635e-05
9.95076435979635e-05
9.95076435979635e-05
9.95076435979635e-05
9.95076435979635e-05
9.95076435979635e-05
9.95076435979635e-05
9.95084394972528e-05
9.95084394972528e-05
9.95084394972528e-05
9.95079619740229e-05
9.95079619740229e-05
9.95079619740229e-05
9.95079619740229e-05
9.95008247726024e-05
9.95008247726024e-05
9.95008247726024e-05
9.95013022958323e-05
9.95013022958323e-05
9.95013022958323e-05
9.95013022958323e-05
9.95013022958323e-05
9.95013022958323e-05
9.95013022958323e-05
9.95013022958323e-05
9.95013022958323e-05
9.95013022958323e-05
9.95013022958323e-05
9.95013022958323e-05
9.95013022958323e-05
9.95008247726024e-05
9.95014614157585e-05
9.95014614157585e-05
9.95011430941804e-05
9.94907678986546e-05
9.94700610931221e-05
9.9467518436963e-05
9.9467518436963e-05
9.9467518436963e-05
9.94476643715698e-05
9.94476643715698e-05
9.94381524863249e-05
9.94375352879462e-05
9.94178941643491e-05
9.94178941643491e-05
9.9418504760258e-05
9.9418504760258e-05
9.94084854026587e-05
9.94084854026587e-05
9.94084854026587e-05
9.93985739977339e-05
9.93985739977339e-05
9.93985739977339e-05
9.93887688101426e-05
9.93887688101426e-05
9.93887688101426e-05
9.93887688101426e-05
9.93887688101426e-05
9.93887688101426e-05
9.93887688101426e-05
9.93887688101426e-05
9.93887688101426e-05
9.93887688101426e-05
9.93935617268029e-05
9.93887688101426e-05
9.93887688101426e-05
9.93887688101426e-05
9.93881582142337e-05
9.93687266248318e-05
9.93687266248318e-05
9.93687266248318e-05
9.93687266248318e-05
9.93590259562287e-05
9.93590259562287e-05
9.93590259562287e-05
9.93590259562287e-05
9.93590259562287e-05
9.93590259562287e-05
9.93590259562287e-05
9.93590259562287e-05
9.93590259562287e-05
9.93564902424755e-05
9.93367633469073e-05
9.93367633469073e-05
9.93367633469073e-05
9.93367633469073e-05
9.93367633469073e-05
9.93367633469073e-05
9.93367633469073e-05
9.93367633469073e-05
9.93367633469073e-05
9.93373674457291e-05
9.93367633469073e-05
9.93367633469073e-05
9.93367633469073e-05
