0.000171123327157201
0.000171123327157201
0.000171123327157201
0.000171123327157201
0.000171123327157201
0.000171123327157201
0.000171123327157201
0.000171123327157201
0.0001711255564438
0.0001711255564438
0.0001711255564438
0.000171125238231269
0.000171125397569247
0.000171125397569247
0.000171125397569247
0.00017112412362885
0.00017112412362885
0.00017112412362885
0.000171125397569247
0.000171125397569247
0.000171125397569247
0.000171125397569247
0.000171125397569247
0.000171125397569247
0.000171125397569247
0.000171126671509645
0.000171126671509645
0.000171126671509645
0.000171126671509645
0.000171126671509645
0.000171126661563744
0.000171125387623347
0.000171124750326105
0.000171124750326105
0.000171124432004527
0.000171124113682949
0.000171124113682949
0.000171124113682949
0.000171124113682949
0.000171124113682949
0.000171124113682949
0.000171124113682949
0.000171124113682949
0.000171124113682949
0.000171124113682949
0.000171124113682949
0.000171124113682949
0.000171124113682949
0.000171124113682949
0.000171124113682949
0.000171124113682949
0.000171124113682949
0.000171124113682949
0.000171123954344971
0.000171123954344971
0.000171124113682949
0.000171124113682949
0.000171124113682949
0.000171124113682949
0.000171124113682949
0.000171124113682949
0.000171124113682949
0.000171124113682949
0.000171124113682949
0.000171138604200125
0.00017112602437548
0.00017112602437548
0.000171124113682949
0.000171124113682949
0.000171124113682949
0.000171124113682949
0.000171124113682949
0.000171124113682949
0.000171124113682949
0.000171124113682949
0.000171124113682949
0.000171124113682949
0.000171124113682949
0.000171124272911852
0.000171124113682949
0.000171124113682949
0.000171124113682949
0.000171124113682949
0.000171124113682949
0.000171124113682949
0.000171124113682949
0.000171124113682949
0.000171124113682949
0.000171124113682949
0.000171124113682949
0.000171124113682949
0.000171124113682949
0.000171124113682949
0.000171124113682949
0.000171124113682949
0.000171124113682949
