0.017232478053329
0.017232478053329
0.0172622373010152
0.0173878541939133
0.0173878541939133
0.0173878541939133
0.0172027188056428
0.0172027188056428
0.0172019403162105
0.0172038002691909
0.0172038002691909
0.0172020715643327
0.0171326584516035
0.0171326584516035
0.0170043216959567
0.0170930946072682
0.017130293666876
0.017130293666876
0.0171303509941939
0.0173256842753466
0.0173963624886014
0.017171281431777
0.0171418795031804
0.0171269998793373
0.0171344396912588
0.0171289133378143
0.0171437929616574
0.0171270996794923
0.0171456992092962
0.0175434068286836
0.0181895953621295
0.0179396696291277
0.0179452335639341
0.0170953847523696
0.0170948548538669
0.0174582215973222
0.0180058910575605
0.0178764724330506
0.0178117368539692
0.0173684446178997
0.0171158808598904
0.0171158808598904
0.0171131335294208
0.0171427130243807
0.0171114862494574
0.0171114862494574
0.0171115302854243
0.0171217149984439
0.0171496627485191
0.0171421737679357
0.0171421737679357
0.0171123686190963
0.0171421737679357
0.0171351108149218
0.0171351108149218
0.017157477494397
0.0171518976354558
0.0171351580586323
0.0171732877317005
0.0171723571182401
0.0171723571182401
0.0171723571182401
0.0171688224449152
0.0171613826329936
0.0173138811066448
0.0174218539267874
0.0174358079544355
0.0173529439552339
0.0174133668599947
0.0174268501864524
0.0174305734358942
0.0173031481878725
0.0173152385977114
0.0173924539648204
0.0173774559823275
0.0173774559823275
0.0173772612924396
0.0173967812310743
0.0174265792329491
0.0173995807282042
0.0174079536883606
0.0174135271775998
0.0173697141522951
0.0173981342630548
0.017368316338755
0.0173729570529851
0.0173729570529851
0.0173729570529851
0.0173729570529851
0.0173729570529851
0.0173655172410636
0.0173654715531331
0.0173115764837155
0.0173412921643881
0.0173412921643881
0.0173412921643881
