0.000684498404390393
0.000684498404390393
0.000684498404390393
0.000684498404390393
0.000684498404390393
0.000684498404390393
0.000684498404390393
0.000684498404390393
0.000684507321536792
0.000684507321536792
0.000684507321536792
0.000684506048686667
0.000684506686038579
0.000684506686038579
0.000684506686038579
0.000684501590276989
0.000684501590276989
0.000684501590276989
0.000684506686038579
0.000684506686038579
0.000684506686038579
0.000684506686038579
0.000684506686038579
0.000684506686038579
0.000684506686038579
0.000684511781800169
0.000684511781800169
0.000684511781800169
0.000684511781800169
0.000684511781800169
0.000684511742016568
0.000684506646254978
0.000684504097066012
0.000684504097066012
0.0006845028237797
0.000684501550493388
0.000684501550493388
0.000684501550493388
0.000684501550493388
0.000684501550493388
0.000684501550493388
0.000684501550493388
0.000684501550493388
0.000684501550493388
0.000684501550493388
0.000684501550493388
0.000684501550493388
0.000684501550493388
0.000684501550493388
0.000684501550493388
0.000684501550493388
0.000684501550493388
0.000684501550493388
0.000684500913141476
0.000684500913141476
0.000684501550493388
0.000684501550493388
0.000684501550493388
0.000684501550493388
0.000684501550493388
0.000684501550493388
0.000684501550493388
0.000684501550493388
0.000684501550493388
0.000684562063061467
0.00068450919326351
0.00068450919326351
0.000684501550493388
0.000684501550493388
0.000684501550493388
0.000684501550493388
0.000684501550493388
0.000684501550493388
0.000684501550493388
0.000684501550493388
0.000684501550493388
0.000684501550493388
0.000684501550493388
0.000684502187409
0.000684501550493388
0.000684501550493388
0.000684501550493388
0.000684501550493388
0.000684501550493388
0.000684501550493388
0.000684501550493388
0.000684501550493388
0.000684501550493388
0.000684501550493388
0.000684501550493388
0.000684501550493388
0.000684501550493388
0.000684501550493388
0.000684501550493388
0.000684501550493388
0.000684501550493388
