0.00336854702126755
0.00336854702126755
0.00336854702126755
0.00336854702126755
0.00336854702126755
0.00336854702126755
0.00336854702126755
0.00336854702126755
0.00336859160699955
0.00336859160699955
0.00336859160699955
0.00336858524274892
0.00336858842950848
0.00336858842950848
0.00336858842950848
0.00336842975713672
0.00336842975713672
0.00336842975713672
0.00336845523594467
0.00336845523594467
0.00336845523594467
0.00336845523594467
0.00336845523594467
0.00336845523594467
0.00336845523594467
0.00336848071475262
0.00336848071475262
0.00336848071475262
0.00336848071475262
0.00336848071475262
0.00336848051583462
0.00336845503702666
0.00336844229108183
0.00336844229108183
0.00334981091603844
0.00334960341212792
0.00336802945441929
0.0033679786012961
0.0033679786012961
0.0033679786012961
0.0033677817711683
0.0033677817711683
0.00336758530844417
0.00336757918949583
0.00336738446134169
0.00336738446134169
0.00336739051511405
0.00336739051511405
0.00336719012796206
0.00336719012796206
0.00336719012796206
0.00336699189986357
0.00336699189986357
0.00336698871310401
0.00336679260935218
0.00336679579611174
0.00336679579611174
0.00336679579611174
0.00336679579611174
0.00336679579611174
0.00336679579611174
0.00336679579611174
0.00336679579611174
0.00336679579611174
0.00336713346239092
0.00336683400996235
0.00336683400996235
0.00336679579611174
0.00336678974233938
0.00336659708266688
0.00336659708266688
0.00336659708266688
0.00336659708266688
0.00336640306929482
0.00336640306929482
0.00336640306929482
0.00336640306929482
0.00336640306929482
0.00336640625387289
0.00336640306929482
0.00336640306929482
0.00336640306929482
0.00336635235501976
0.0033659578171084
0.0033659578171084
0.0033659578171084
0.0033659578171084
0.0033659578171084
0.0033659578171084
0.0033659578171084
0.0033659578171084
0.0033659578171084
0.00336596380674058
0.0033659578171084
0.0033659578171084
0.0033659578171084
