0.032134725707912
0.032134725707912
0.032134725707912
0.0337227466998796
0.0336223063737993
0.0336074318457178
0.0323411855844967
0.0321570502394382
0.0321354317511003
0.0321354317511003
0.0321354317511003
0.0321351968403204
0.0321327630556433
0.0321327630556433
0.0321327630556433
0.0321311806493497
0.0322060250483978
0.0322227646252213
0.0321391746253442
0.0322749596362523
0.0322786731659602
0.0321391695295826
0.0321398055829968
0.0321546852068399
0.0321546801110783
0.0321622078248873
0.0321473231052826
0.032169726585073
0.0321548418654683
0.0331457915434864
0.0349556948963523
0.0350519318406817
0.0350519980018595
0.0321432042121529
0.0321634832375869
0.0326505682499493
0.0336581855476472
0.0337352745029468
0.0337346392894338
0.032380356180035
0.0322745789024429
0.0322745789024429
0.0322630169915297
0.0323519809110254
0.0322796662052009
0.0322592014696611
0.032259250907055
0.032330786752117
0.0324191110147852
0.0323474150504277
0.0323474150504277
0.0323464239099352
0.0323464239099352
0.0322413552771841
0.032240374758425
0.0323074269357112
0.03230184707677
0.03234369769016
0.0323641571729443
0.0320526133773979
0.0320544733303783
0.0323055669827308
0.0323058814870519
0.0323058814870519
0.0323171058989346
0.032445003818357
0.0318356813720716
0.0306950081309185
0.0279628001732237
0.0275965045839911
0.0276149279004312
0.0314032885432385
0.0313764966321946
0.0319179713570482
0.0319286445944761
0.0318988853467899
0.0319283209552774
0.032118070649323
0.0321805114462237
0.0315907956969605
0.0318370486044204
0.0322304411651035
0.03211593674076
0.0322061253431584
0.0321019092996431
0.0320510104966984
0.0320510104966984
0.0320510104966984
0.0322258575423185
0.0322295774482792
0.0322295774482792
0.0322295006814761
0.0321105117037486
0.0321104636907313
0.0321104636907313
0.0321104636907313
