0.00471901819265772
0.00471901819265772
0.00471901819265772
0.00471901819265772
0.00471901819265772
0.00471901819265772
0.00471901819265772
0.00471901819265772
0.00470885190652364
0.00470885190652364
0.00471629171844519
0.004716308637925
0.00471647059810404
0.00471647059810404
0.00471647059810404
0.00471625404489139
0.00471625404489139
0.00471625404489139
0.00471629098916292
0.00471629098916292
0.00471629098916292
0.00471629098916292
0.00470895949021248
0.00470895949021248
0.00470895949021248
0.00470898496902043
0.00470898496902043
0.00470899852556369
0.00470899852556369
0.00470899852556369
0.00121293358098149
0.0046345631736455
0.00471639408862618
0.00471639408862618
0.00471638485730042
0.00471608397663017
0.00471544653499819
0.00471539992269043
0.00471529151680983
0.00471530505399247
0.00471472928609607
0.00471472928609607
0.00471445344142397
0.00471438141713372
0.00471381182454941
0.00471381182454941
0.00471382953183077
0.00471381601010436
0.00471352544873398
0.00471351193086716
0.00470607211894561
0.00471322450012434
0.00471322450012434
0.00471584103369283
0.00471555668325268
0.00471556130405404
0.00471556130405404
0.00471556130405404
0.00471556130405404
0.00471556130405404
0.00471556130405404
0.00471556130405404
0.00471556130405404
0.00471556130405404
0.00471612849538826
0.00471561098336823
0.00471561098336823
0.00471556130405404
0.00471554359677268
0.00470754026875848
0.00471498008068003
0.00471498008068003
0.00471498008068003
0.00471469876129054
0.00471469876129054
0.00471469876129054
0.00471469876129054
0.00471469876129054
0.00471470337892873
0.00471469876129054
0.00471469876129054
0.00471469876129054
0.0047146252255917
0.00471405314562022
0.00471405314562022
0.00471405314562022
0.00471405314562022
0.00471405314562022
0.00471405314562022
0.00470661333369867
0.00470661333369867
0.00471405314562022
0.00471407066448605
0.00471405314562022
0.00471405314562022
0.00471405314562022
