0.000820275938095333
0.000820275938095333
0.000820275938095333
0.000820275938095333
0.000820275938095333
0.000820275938095333
0.000820275938095333
0.000820275938095333
0.000820287084528332
0.000820287084528332
0.000820287084528332
0.000820285493465677
0.000820286290155567
0.000820286290155567
0.000820286290155567
0.000820246622062626
0.000820246622062626
0.000820246622062626
0.000820252991764613
0.000820252991764613
0.000820252991764613
0.000820252991764613
0.000820252991764613
0.000820252991764613
0.000820252991764613
0.000820259361466601
0.000820259361466601
0.000820259361466601
0.000820259361466601
0.000820259361466601
0.000820259311737099
0.000820252942035112
0.000820249755548904
0.000820249755548904
0.000820248163941014
0.000820196287963385
0.000820086384233735
0.000820073670952939
0.000820073670952939
0.000820073670952939
0.000819974400625974
0.000819974400625974
0.000819926841199749
0.000819923755207856
0.00081982554958987
0.00081982554958987
0.000819828602569414
0.000819828602569414
0.000819778505781418
0.000819778505781418
0.000819778505781418
0.000819728948756794
0.000819728948756794
0.000819728152066904
0.000819679126128947
0.000819679922818837
0.000819679922818837
0.000819679922818837
0.000819679922818837
0.000819679922818837
0.000819679922818837
0.000819679922818837
0.000819679922818837
0.000819679922818837
0.000819749272297717
0.00081968947628149
0.00081968947628149
0.000819679922818837
0.000819676869839293
0.000819579711892284
0.000819579711892284
0.000819579711892284
0.000819579711892284
0.000819531208549268
0.000819531208549268
0.000819531208549268
0.000819531208549268
0.000819531208549268
0.000819532004693784
0.000819531208549268
0.000819531208549268
0.000819531208549268
0.000819518529980502
0.000819419895502661
0.000819419895502661
0.000819419895502661
0.000819419895502661
0.000819419895502661
0.000819419895502661
0.000819419895502661
0.000819419895502661
0.000819419895502661
0.00081942291599677
0.000819419895502661
0.000819419895502661
0.000819419895502661
