0.00066217260001351
0.00066217260001351
0.00066217260001351
0.00066217260001351
0.00066217260001351
0.00066217260001351
0.00066217260001351
0.00066217260001351
0.000662181517159909
0.000662181517159909
0.000662181517159909
0.000662180244309785
0.000662180881661697
0.000662180881661697
0.000662180881661697
0.000662149147187344
0.000662149147187344
0.000662149147187344
0.000662154242948934
0.000662154242948934
0.000662154242948934
0.000662154242948934
0.000662154242948934
0.000662154242948934
0.000662154242948934
0.000662159338710524
0.000662159338710524
0.000662159338710524
0.000662159338710524
0.000662159338710524
0.000662159298926923
0.000662154203165333
0.000662151653976367
0.000662151653976367
0.000662150380690055
0.000662108879907952
0.000662020956924232
0.000662010786299595
0.000662010786299595
0.000662010786299595
0.000661931370038023
0.000661931370038023
0.000661893322497043
0.000661890853703528
0.00066181228920914
0.00066181228920914
0.000661814731592775
0.000661814731592775
0.000661774654162378
0.000661774654162378
0.000661774654162378
0.000661735008542679
0.000661735008542679
0.000661734371190767
0.000661695150440402
0.000661695787792313
0.000661695787792313
0.000661695787792313
0.000661695787792313
0.000661695787792313
0.000661695787792313
0.000661695787792313
0.000661695787792313
0.000661695787792313
0.000661751267375417
0.000661703430562435
0.000661703430562435
0.000661695787792313
0.000661693345408678
0.00066161561905107
0.00066161561905107
0.00066161561905107
0.00066161561905107
0.000661576816376658
0.000661576816376658
0.000661576816376658
0.000661576816376658
0.000661576816376658
0.00066157745329227
0.000661576816376658
0.000661576816376658
0.000661576816376658
0.000661566673521645
0.000661487765939373
0.000661487765939373
0.000661487765939373
0.000661487765939373
0.000661487765939373
0.000661487765939373
0.000661487765939373
0.000661487765939373
0.000661487765939373
0.00066149018233466
0.000661487765939373
0.000661487765939373
0.000661487765939373
