3.99906604096607e-05
3.99906604096607e-05
3.99906604096607e-05
3.99906604096607e-05
3.99906604096607e-05
3.99906604096607e-05
3.99906604096607e-05
3.99906604096607e-05
3.99906604096607e-05
3.99906604096607e-05
3.99906604096607e-05
3.99906604096607e-05
3.99906604096607e-05
3.99906604096607e-05
3.99906604096607e-05
3.99906604096607e-05
3.99906604096607e-05
3.99906604096607e-05
3.99906604096607e-05
3.99906604096607e-05
3.99906604096607e-05
3.99906604096607e-05
3.99906604096607e-05
3.99906604096607e-05
3.99906604096607e-05
3.99906604096607e-05
3.99906604096607e-05
3.99906604096607e-05
3.99906604096607e-05
3.99906604096607e-05
3.99906604096607e-05
3.99906604096607e-05
3.99906604096607e-05
3.99906604096607e-05
3.99906604096607e-05
3.99906604096607e-05
3.99906604096607e-05
3.99906604096607e-05
3.99906604096607e-05
3.99906604096607e-05
3.99906604096607e-05
3.99906604096607e-05
3.99906604096607e-05
3.99906604096607e-05
3.99906604096607e-05
3.99906604096607e-05
3.99906604096607e-05
3.99906604096607e-05
3.99906604096607e-05
3.99906604096607e-05
3.99906604096607e-05
3.99906604096607e-05
3.99906604096607e-05
3.99906604096607e-05
3.99906604096607e-05
3.99906604096607e-05
3.99906604096607e-05
3.99906604096607e-05
3.99906604096607e-05
3.99906604096607e-05
3.99906604096607e-05
3.99906604096607e-05
3.99906604096607e-05
3.99906604096607e-05
3.99912177108215e-05
3.99906604096607e-05
3.99906604096607e-05
3.99906604096607e-05
3.99906604096607e-05
3.99906604096607e-05
3.99906604096607e-05
3.99906604096607e-05
3.99906604096607e-05
3.99906604096607e-05
3.99906604096607e-05
3.99906604096607e-05
3.99906604096607e-05
3.99906604096607e-05
3.99912177108215e-05
3.99906604096607e-05
3.99906604096607e-05
3.99906604096607e-05
3.99906604096607e-05
3.99906604096607e-05
3.99906604096607e-05
3.99906604096607e-05
3.99906604096607e-05
3.99906604096607e-05
3.99906604096607e-05
3.99906604096607e-05
3.99906604096607e-05
3.99906604096607e-05
3.99906604096607e-05
3.99906604096607e-05
3.99906604096607e-05
3.99906604096607e-05
