0.000632266571992077
0.000632266571992077
0.000632266571992077
0.000632266571992077
0.000632266571992077
0.000632266571992077
0.000632266571992077
0.000632266571992077
0.000632272941257457
0.000632272941257457
0.000632272941257457
0.000632285691572624
0.0006323240370685
0.0006323240370685
0.0006323240370685
0.000632327238945987
0.000632327238945987
0.000632327238945987
0.000632327238945987
0.000632327238945987
0.000632327238945987
0.000632327238945987
0.000632352889641277
0.000632352889641277
0.000632352889641277
0.000632357985402867
0.000632357985402867
0.000632361196206446
0.000632361196206446
0.000632361196206446
0.000631585712057682
0.000632361156422845
0.000632356060661255
0.000632356060661255
0.000632356060661255
0.000632356060661255
0.000632356060661255
0.000632342144002242
0.000632316469486649
0.000632319675326459
0.000632319675326459
0.000632319675326459
0.00063223864265747
0.000632225825244124
0.000632225825244124
0.000632225825244124
0.000632225825244124
0.000632222623366637
0.000632142468505843
0.000632139267617732
0.000632139267617732
0.000632059976378333
0.000632059976378333
0.000632024831770568
0.000631946390269837
0.000631949580306494
0.000631949580306494
0.000631949580306494
0.000631949580306494
0.000631949580306494
0.000631949580306494
0.000631949580306494
0.000631962350298917
0.000631962350298917
0.000632008268797886
0.000631961703331518
0.000631961703331518
0.000631959156322986
0.000631959156322986
0.000631959156322986
0.000631959156322986
0.000631959156322986
0.000631959156322986
0.000631881550974161
0.000631935982989666
0.000631935982989666
0.000631923149707722
0.000631923149707722
0.000642154164985671
0.000633783102688111
0.000633783102688111
0.000633783102688111
0.000633759611138275
0.000633642312308223
0.000633642312308223
0.000633642312308223
0.000633642312308223
0.000633642312308223
0.000633642312308223
0.000633642312308223
0.000633642312308223
0.000633639107459717
0.000633639107459717
0.000633639107459717
0.000633639107459717
0.000633639107459717
