3.90586943755047e-05
3.90586943755047e-05
3.90586943755047e-05
3.90586943755047e-05
3.90586943755047e-05
3.90586943755047e-05
3.90586943755047e-05
3.90586943755047e-05
3.90586943755047e-05
3.90586943755047e-05
3.90586943755047e-05
3.90586943755047e-05
3.90586943755047e-05
3.90586943755047e-05
3.90586943755047e-05
3.90586943755047e-05
3.90586943755047e-05
3.90586943755047e-05
3.90586943755047e-05
3.90586943755047e-05
3.90586943755047e-05
3.90586943755047e-05
3.90586943755047e-05
3.90586943755047e-05
3.90586943755047e-05
3.90586943755047e-05
3.90586943755047e-05
3.90586943755047e-05
3.90586943755047e-05
3.90586943755047e-05
3.90586943755047e-05
3.90586943755047e-05
3.90586943755047e-05
3.90586943755047e-05
3.90586943755047e-05
3.90586943755047e-05
3.90586943755047e-05
3.90586943755047e-05
3.90586943755047e-05
3.90586943755047e-05
3.90586943755047e-05
3.90586943755047e-05
3.90586943755047e-05
3.90586943755047e-05
3.90586943755047e-05
3.90586943755047e-05
3.90586943755047e-05
3.90586943755047e-05
3.90586943755047e-05
3.90586943755047e-05
3.90586943755047e-05
3.90586943755047e-05
3.90586943755047e-05
3.90586943755047e-05
3.90586943755047e-05
3.90586943755047e-05
3.90586943755047e-05
3.90586943755047e-05
3.90586943755047e-05
3.90586943755047e-05
3.90586943755047e-05
3.90586943755047e-05
3.90586943755047e-05
3.90586943755047e-05
3.90589596177627e-05
3.90586943755047e-05
3.90586943755047e-05
3.90586943755047e-05
3.90586943755047e-05
3.90586943755047e-05
3.90586943755047e-05
3.90586943755047e-05
3.90586943755047e-05
3.90586943755047e-05
3.90586943755047e-05
3.90586943755047e-05
3.90586943755047e-05
3.90586943755047e-05
3.90586943755047e-05
3.90586943755047e-05
3.90586943755047e-05
3.90586943755047e-05
3.90586943755047e-05
3.90586943755047e-05
3.90586943755047e-05
3.90586943755047e-05
3.90586943755047e-05
3.90586943755047e-05
3.90586943755047e-05
3.90586943755047e-05
3.90586943755047e-05
3.90586943755047e-05
3.90586943755047e-05
3.90586943755047e-05
3.90586943755047e-05
3.90586943755047e-05
