0.000855629375189978
0.000855629375189978
0.000855629375189978
0.000855629375189978
0.000855629375189978
0.000855629375189978
0.000855629375189978
0.000855629375189978
0.000855640521622977
0.000855640521622977
0.000855640521622977
0.000855638930560322
0.000855639727250212
0.000855639727250212
0.000855639727250212
0.000855633357548224
0.000855633357548224
0.000855633357548224
0.000855639727250212
0.000855639727250212
0.000855639727250212
0.000855639727250212
0.000855639727250212
0.000855639727250212
0.000855639727250212
0.000855646096952199
0.000855646096952199
0.000855646096952199
0.000855646096952199
0.000855646096952199
0.000855646047222698
0.00085563967752071
0.000855636491034503
0.000855636491034503
0.000855634899426612
0.000855633307818722
0.000855626938116735
0.000855626938116735
0.000855626938116735
0.000855626938116735
0.000855626938116735
0.000855626938116735
0.000855626938116735
0.000855626938116735
0.000855626938116735
0.000855626938116735
0.000855626938116735
0.000855626938116735
0.000855626938116735
0.000855626938116735
0.000855626938116735
0.000855626938116735
0.000855626938116735
0.000855626141426845
0.000855626141426845
0.000855626938116735
0.000855626938116735
0.000855626938116735
0.000855626938116735
0.000855626938116735
0.000855626938116735
0.000855626938116735
0.000855626938116735
0.000855626938116735
0.000855700987218943
0.000855636491579387
0.000855636491579387
0.000855626938116735
0.000855626938116735
0.000855626938116735
0.000855626938116735
0.000855626938116735
0.000855626938116735
0.000855626938116735
0.000855626938116735
0.000855626938116735
0.000855626938116735
0.000855626938116735
0.00085562773426125
0.000855626938116735
0.000855626938116735
0.000855626938116735
0.000855626938116735
0.000855626938116735
0.000855626938116735
0.000855626938116735
0.000855626938116735
0.000855626938116735
0.000855626938116735
0.000855626938116735
0.000855626938116735
0.000855626938116735
0.000855626938116735
0.000855626938116735
0.000855626938116735
0.000855626938116735
