9.55794504181601e-05
9.55794504181601e-05
9.55794504181601e-05
9.55794504181601e-05
9.55794504181601e-05
9.55794504181601e-05
9.55794504181601e-05
9.55794504181601e-05
9.55794504181601e-05
9.55794504181601e-05
9.56480153036825e-05
9.56480153036825e-05
9.56480153036825e-05
9.56480153036825e-05
9.56480153036825e-05
9.56480153036825e-05
9.56480153036825e-05
9.55794504181601e-05
9.56480153036825e-05
9.56480153036825e-05
9.56480153036825e-05
9.56480153036825e-05
9.56480153036825e-05
9.56480153036825e-05
9.56480153036825e-05
9.55794504181601e-05
9.55794504181601e-05
9.55794504181601e-05
9.55794504181601e-05
9.55794504181601e-05
9.55794504181601e-05
9.55794504181601e-05
9.55794504181601e-05
9.55794504181601e-05
9.55794504181601e-05
9.55794504181601e-05
9.55794504181601e-05
9.55794504181601e-05
9.55794504181601e-05
9.55794504181601e-05
9.55794504181601e-05
9.55794504181601e-05
9.55794504181601e-05
9.55794504181601e-05
9.55794504181601e-05
9.55794504181601e-05
9.55794504181601e-05
9.55794504181601e-05
9.55794504181601e-05
9.55794504181601e-05
9.55794504181601e-05
9.55794504181601e-05
9.55794504181601e-05
9.55794504181601e-05
9.55794504181601e-05
9.55794504181601e-05
9.55794504181601e-05
9.55794504181601e-05
9.55794504181601e-05
9.55794504181601e-05
9.55794504181601e-05
9.55794504181601e-05
9.55794504181601e-05
9.55794504181601e-05
9.55794504181601e-05
9.55794504181601e-05
9.55794504181601e-05
9.55794504181601e-05
9.55794504181601e-05
9.55794504181601e-05
9.55794504181601e-05
9.55794504181601e-05
9.55794504181601e-05
9.55794504181601e-05
9.55794504181601e-05
9.55794504181601e-05
9.55794504181601e-05
9.55794504181601e-05
9.55794504181601e-05
9.55794504181601e-05
9.55794504181601e-05
9.55794504181601e-05
9.55794504181601e-05
9.55794504181601e-05
9.55794504181601e-05
9.55794504181601e-05
9.55794504181601e-05
9.55794504181601e-05
9.55794504181601e-05
9.55794504181601e-05
9.55794504181601e-05
9.55794504181601e-05
9.55794504181601e-05
9.55794504181601e-05
9.55794504181601e-05
9.55794504181601e-05
