0.0028673835125448
0.0028673835125448
0.0028673835125448
0.0028673835125448
0.0028673835125448
0.0028673835125448
0.0028673835125448
0.0028673835125448
0.0028673835125448
0.0028673835125448
0.00286937716844691
0.00286937716844691
0.00286940881377869
0.00286944045911047
0.00286944045911047
0.00286944045911047
0.00286944045911047
0.0028673835125448
0.00286944045911047
0.00286944045911047
0.00286944045911047
0.00286944045911047
0.00286944045911047
0.00286937716844691
0.00286944045911047
0.0028673835125448
0.0028673835125448
0.0028673835125448
0.0028673835125448
0.0028673835125448
0.0028673835125448
0.0028673835125448
0.0028673835125448
0.0028673835125448
0.0028673835125448
0.0028673835125448
0.0028673835125448
0.0028673835125448
0.0028673835125448
0.0028673835125448
0.0028673835125448
0.0028673835125448
0.0028673835125448
0.0028673835125448
0.0028673835125448
0.0028673835125448
0.0028673835125448
0.0028673835125448
0.0028673835125448
0.0028673835125448
0.0028673835125448
0.0028673835125448
0.0028673835125448
0.0028673835125448
0.0028673835125448
0.0028673835125448
0.0028673835125448
0.0028673835125448
0.0028673835125448
0.0028673835125448
0.0028673835125448
0.0028673835125448
0.0028673835125448
0.0028673835125448
0.0028673835125448
0.0028673835125448
0.0028673835125448
0.0028673835125448
0.0028673835125448
0.0028673835125448
0.0028673835125448
0.0028673835125448
0.0028673835125448
0.0028673835125448
0.0028673835125448
0.0028673835125448
0.0028673835125448
0.0028673835125448
0.0028673835125448
0.0028673835125448
0.0028673835125448
0.0028673835125448
0.0028673835125448
0.0028673835125448
0.0028673835125448
0.0028673835125448
0.0028673835125448
0.0028673835125448
0.0028673835125448
0.0028673835125448
0.0028673835125448
0.0028673835125448
0.0028673835125448
0.0028673835125448
0.0028673835125448
0.0028673835125448