0.0161261553477906
0.0161261553477906
0.0161261553477906
0.0161261553477906
0.0161261553477906
0.0161261553477906
0.0161261553477906
0.0161261553477906
0.0161261553477906
0.0161261553477906
0.016115868331592
0.016115868331592
0.0161160285360841
0.0161171327122474
0.0161171327122474
0.0161557597953508
0.0161226508669764
0.0161318297513454
0.0161226508669764
0.016172314259538
0.016172314259538
0.016172314259538
0.016172314259538
0.0161711627772385
0.0161833505689961
0.0161923257365417
0.0182328053552842
0.0182657778131653
0.0182769347704508
0.0182769347704508
0.0164349504952955
0.0163577517084192
0.0163136381159186
0.0161812973384165
0.0161151269496655
0.0161151269496655
0.0161151269496655
0.0161151269496655
0.0161923257365417
0.0161812973384165
0.0164790561764632
0.0168430012259268
0.0168430012259268
0.0162888242201369
0.0160020858688824
0.0160324139637267
0.0157567040105974
0.0160213855656015
0.0157401614134096
0.0157401614134096
0.0157291330152844
0.015640905830283
0.0161124482611124
0.0161124482611124
0.0161124482611124
0.0161124482611124
0.0161124482611124
0.0161124482611124
0.0161124482611124
0.0160462778723613
0.0160462778723613
0.0160131926779858
0.016024221076111
0.016024221076111
0.016024221076111
0.016024221076111
0.0160021642798607
0.0160793630667369
0.0160793630667369
0.0160793630667369
0.0160793630667369
0.0160793630667369
0.0160793630667369
0.0161124482611124
0.0161124482611124
0.0161124482611124
0.0161565618536131
0.0161565618536131
0.016024221076111
0.0160240917762439
0.0160240917762439
0.0160240917762439
0.0160244584022683
0.0160242981977762
0.0159801074836103
0.0159801074836103
0.0159801074836103
0.0160240917762439
0.0160240917762439
0.0160240917762439
0.0160240917762439
0.0159799781837432
0.0155388264360705
0.0158587792815675
0.0159249496703186
0.0159139212721934
