0.00143372340160418
0.00143372340160418
0.00143372340160418
0.00143372340160418
0.00143372340160418
0.00143372340160418
0.00143372340160418
0.00143372340160418
0.00143372340160418
0.00143372340160418
0.00143472022955524
0.00143472022955524
0.00143472022955524
0.00143475192032181
0.00143475192032181
0.00143475192032181
0.00143475192032181
0.00143373922427007
0.00143475192032181
0.00143475192032181
0.00143475192032181
0.00143475192032181
0.00143475192032181
0.00143473607493852
0.00143475192032181
0.00143372340160418
0.00143372340160418
0.00143372340160418
0.00143373922427007
0.00143373922427007
0.00143372340160418
0.00143372340160418
0.00143372340160418
0.00143372340160418
0.00143372340160418
0.00143372340160418
0.00143372340160418
0.00143372340160418
0.00143372340160418
0.00143372340160418
0.00143372340160418
0.00143372340160418
0.00143372340160418
0.00143370757893829
0.00143370757893829
0.00143370757893829
0.00143370757893829
0.00143370757893829
0.00143370757893829
0.00143370757893829
0.00143370757893829
0.00143370757893829
0.00143372340160418
0.00143372340160418
0.00143372340160418
0.00143372340160418
0.00143372340160418
0.00143372340160418
0.00143372340160418
0.00143372340160418
0.00143372340160418
0.00143372340160418
0.00143372340160418
0.00143372340160418
0.00143372340160418
0.00143372340160418
0.00143372340160418
0.00143372340160418
0.00143372340160418
0.00143372340160418
0.00143372340160418
0.00143372340160418
0.00143372340160418
0.00143372340160418
0.00143372340160418
0.00143372340160418
0.00143372340160418
0.00143372340160418
0.00143372340160418
0.00143372340160418
0.00143372340160418
0.00143372340160418
0.00143376691180753
0.00143375108914164
0.00143373922427007
0.00143372340160418
0.00143372340160418
0.00143372340160418
0.00143372340160418
0.00143372340160418
0.00143372340160418
0.00143372340160418
0.00143372340160418
0.00143372340160418
0.00143372340160418
0.00143372340160418