0.00386390096749749
0.00386390096749749
0.00386390096749749
0.00386390096749749
0.00386390096749749
0.00386390096749749
0.00386390096749749
0.00386390096749749
0.00386390096749749
0.00386390096749749
0.00386648304138246
0.00386648304138246
0.00386648304138246
0.00386667298152533
0.00386667298152533
0.00386667298152533
0.00386667298152533
0.00386394052416221
0.00386667298152533
0.00386667298152533
0.00386667298152533
0.00386667298152533
0.00386667298152533
0.00386648304138246
0.00386667298152533
0.00386390096749749
0.00386390096749749
0.00386390096749749
0.00386394843549516
0.00386394843549516
0.00386390096749749
0.00386390096749749
0.00386390096749749
0.00385287256937232
0.00385287256937232
0.00385287256937232
0.00385287256937232
0.00385287256937232
0.00385287256937232
0.00386390096749749
0.00386390096749749
0.00386390096749749
0.00386390096749749
0.0038197873749968
0.0038197873749968
0.0038197873749968
0.0038197873749968
0.0038197873749968
0.0038197873749968
0.0038197873749968
0.0038197873749968
0.0038197873749968
0.00386390096749749
0.00386390096749749
0.00386390096749749
0.00386390096749749
0.00386390096749749
0.00386390096749749
0.00386390096749749
0.00386390096749749
0.00386390096749749
0.00386390096749749
0.00386390096749749
0.00386390096749749
0.00386390096749749
0.00386390096749749
0.00386390096749749
0.00386390096749749
0.00386390096749749
0.00386390096749749
0.00386390096749749
0.00386390096749749
0.00386390096749749
0.00386390096749749
0.00386390096749749
0.00386390096749749
0.00386390096749749
0.00386390096749749
0.00386390096749749
0.00386385322600811
0.00386385322600811
0.00386385322600811
0.00386397611877693
0.0038639365621122
0.00386390096749749
0.00386390096749749
0.00386390096749749
0.00386385322600811
0.00386385322600811
0.00386385322600811
0.00386385322600811
0.00386385322600811
0.00386385322600811
0.00386390096749749
0.00386390096749749
0.00386390096749749
