2.20567962503446e-05
2.20567962503446e-05
2.20567962503446e-05
2.20567962503446e-05
2.20567962503446e-05
2.20567962503446e-05
2.20567962503446e-05
2.20567962503446e-05
2.20567962503446e-05
2.20567962503446e-05
2.20567962503446e-05
2.20567962503446e-05
2.20567962503446e-05
2.20726189162344e-05
2.20726189162344e-05
2.20726189162344e-05
2.20726189162344e-05
2.20567962503446e-05
2.20726189162344e-05
2.20726189162344e-05
2.20726189162344e-05
2.20726189162344e-05
2.20726189162344e-05
2.20567962503446e-05
2.20726189162344e-05
2.20567962503446e-05
2.20567962503446e-05
2.20567962503446e-05
2.20567962503446e-05
2.20567962503446e-05
2.20567962503446e-05
2.20567962503446e-05
2.20567962503446e-05
2.20567962503446e-05
2.20567962503446e-05
2.20567962503446e-05
2.20567962503446e-05
2.20567962503446e-05
2.20567962503446e-05
2.20567962503446e-05
2.20567962503446e-05
2.20567962503446e-05
2.20567962503446e-05
2.20567962503446e-05
2.20567962503446e-05
2.20567962503446e-05
2.20567962503446e-05
2.20567962503446e-05
2.20567962503446e-05
2.20567962503446e-05
2.20567962503446e-05
2.20567962503446e-05
2.20567962503446e-05
2.20567962503446e-05
2.20567962503446e-05
2.20567962503446e-05
2.20567962503446e-05
2.20567962503446e-05
2.20567962503446e-05
2.20567962503446e-05
2.20567962503446e-05
2.20567962503446e-05
2.20567962503446e-05
2.20567962503446e-05
2.20567962503446e-05
2.20567962503446e-05
2.20567962503446e-05
2.20567962503446e-05
2.20567962503446e-05
2.20567962503446e-05
2.20567962503446e-05
2.20567962503446e-05
2.20567962503446e-05
2.20567962503446e-05
2.20567962503446e-05
2.20567962503446e-05
2.20567962503446e-05
2.20567962503446e-05
2.20567962503446e-05
2.20567962503446e-05
2.20567962503446e-05
2.20567962503446e-05
2.20567962503446e-05
2.20567962503446e-05
2.20567962503446e-05
2.20567962503446e-05
2.20567962503446e-05
2.20567962503446e-05
2.20567962503446e-05
2.20567962503446e-05
2.20567962503446e-05
2.20567962503446e-05
2.20567962503446e-05
2.20567962503446e-05
2.20567962503446e-05
2.20567962503446e-05
