8.82271850013785e-05
8.82271850013785e-05
8.82271850013785e-05
8.82271850013785e-05
8.82271850013785e-05
8.82271850013785e-05
8.82271850013785e-05
8.82271850013785e-05
8.82271850013785e-05
8.82271850013785e-05
8.82825643319927e-05
8.82825643319927e-05
8.82825643319927e-05
8.82904756649377e-05
8.82904756649377e-05
8.82904756649377e-05
8.82904756649377e-05
8.82271850013785e-05
8.82904756649377e-05
8.82904756649377e-05
8.82904756649377e-05
8.82904756649377e-05
8.82904756649377e-05
8.82825643319927e-05
8.82904756649377e-05
8.82271850013785e-05
8.82271850013785e-05
8.82271850013785e-05
8.82271850013785e-05
8.82271850013785e-05
8.82271850013785e-05
8.82271850013785e-05
8.82271850013785e-05
8.82271850013785e-05
8.82271850013785e-05
8.82271850013785e-05
8.82271850013785e-05
8.82271850013785e-05
8.82271850013785e-05
8.82271850013785e-05
8.82271850013785e-05
8.82271850013785e-05
8.82271850013785e-05
8.82271850013785e-05
8.82271850013785e-05
8.82271850013785e-05
8.82271850013785e-05
8.82271850013785e-05
8.82271850013785e-05
8.82271850013785e-05
8.82271850013785e-05
8.82271850013785e-05
8.82271850013785e-05
8.82271850013785e-05
8.82271850013785e-05
8.82271850013785e-05
8.82271850013785e-05
8.82271850013785e-05
8.82271850013785e-05
8.82271850013785e-05
8.82271850013785e-05
8.82271850013785e-05
8.82271850013785e-05
8.82271850013785e-05
8.82271850013785e-05
8.82271850013785e-05
8.82271850013785e-05
8.82271850013785e-05
8.82271850013785e-05
8.82271850013785e-05
8.82271850013785e-05
8.82271850013785e-05
8.82271850013785e-05
8.82271850013785e-05
8.82271850013785e-05
8.82271850013785e-05
8.82271850013785e-05
8.82271850013785e-05
8.82271850013785e-05
8.82271850013785e-05
8.82271850013785e-05
8.82271850013785e-05
8.82271850013785e-05
8.82271850013785e-05
8.82271850013785e-05
8.82271850013785e-05
8.82271850013785e-05
8.82271850013785e-05
8.82271850013785e-05
8.82271850013785e-05
8.82271850013785e-05
8.82271850013785e-05
8.82271850013785e-05
8.82271850013785e-05
8.82271850013785e-05
8.82271850013785e-05