0.0014336917562724
0.0014336917562724
0.0014336917562724
0.0014336917562724
0.0014336917562724
0.0014336917562724
0.0014336917562724
0.0014336917562724
0.0014336917562724
0.0014336917562724
0.00143472022955524
0.00143472022955524
0.00143472022955524
0.00143472022955524
0.00143472022955524
0.00143472022955524
0.00143472022955524
0.00143370757893829
0.00143472022955524
0.00143472022955524
0.00143472022955524
0.00143472022955524
0.00143472022955524
0.00143472022955524
0.00143472022955524
0.0014336917562724
0.0014336917562724
0.0014336917562724
0.00143370757893829
0.00143370757893829
0.0014336917562724
0.0014336917562724
0.0014336917562724
0.0014336917562724
0.0014336917562724
0.0014336917562724
0.0014336917562724
0.0014336917562724
0.0014336917562724
0.0014336917562724
0.0014336917562724
0.0014336917562724
0.0014336917562724
0.0014336917562724
0.0014336917562724
0.0014336917562724
0.0014336917562724
0.0014336917562724
0.0014336917562724
0.0014336917562724
0.0014336917562724
0.0014336917562724
0.0014336917562724
0.0014336917562724
0.0014336917562724
0.0014336917562724
0.0014336917562724
0.0014336917562724
0.0014336917562724
0.0014336917562724
0.0014336917562724
0.0014336917562724
0.0014336917562724
0.0014336917562724
0.0014336917562724
0.0014336917562724
0.0014336917562724
0.0014336917562724
0.0014336917562724
0.0014336917562724
0.0014336917562724
0.0014336917562724
0.0014336917562724
0.0014336917562724
0.0014336917562724
0.0014336917562724
0.0014336917562724
0.0014336917562724
0.0014336917562724
0.0014336917562724
0.0014336917562724
0.0014336917562724
0.00143373526647575
0.00143371944380986
0.00143370757893829
0.0014336917562724
0.0014336917562724
0.0014336917562724
0.0014336917562724
0.0014336917562724
0.0014336917562724
0.0014336917562724
0.0014336917562724
0.0014336917562724
0.0014336917562724
0.0014336917562724
