0.905351170568562
0.905351170568562
0.905351170568562
0.905351170568562
0.905351170568562
0.905351170568562
0.905351170568562
0.905351170568562
0.905351170568562
0.905351170568562
0.905351170568562
0.905351170568562
0.905351170568562
0.905351170568562
0.905351170568562
0.905351170568562
0.905351170568562
0.905351170568562
0.905351170568562
0.905351170568562
0.905351170568562
0.905351170568562
0.905351170568562
0.905351170568562
0.905351170568562
0.905351170568562
0.905351170568562
0.905351170568562
0.905351170568562
0.905351170568562
0.905351170568562
0.905351170568562
0.905351170568562
0.905351170568562
0.905351170568562
0.905351170568562
0.905351170568562
0.905351170568562
0.905351170568562
0.905351170568562
0.905351170568562
0.905351170568562
0.905351170568562
0.905351170568562
0.905351170568562
0.905351170568562
0.905351170568562
0.905351170568562
0.905351170568562
0.905351170568562
0.905351170568562
0.905351170568562
0.905351170568562
0.905351170568562
0.905351170568562
0.905351170568562
0.905351170568562
0.905351170568562
0.905351170568562
0.905351170568562
0.905351170568562
0.905351170568562
0.936120401337793
0.905351170568562
0.905351170568562
0.905351170568562
0.905351170568562
0.905351170568562
0.905351170568562
0.905351170568562
0.905351170568562
0.905351170568562
0.905351170568562
0.905351170568562
0.905351170568562
0.905351170568562
0.905351170568562
0.905351170568562
0.905351170568562
0.905351170568562
0.905351170568562
0.905351170568562
0.905351170568562
0.905351170568562
0.905351170568562
0.905351170568562
0.905351170568562
0.905351170568562
0.905351170568562
0.905351170568562
0.905351170568562
0.905351170568562
0.905351170568562
0.905351170568562
0.905351170568562
0.905351170568562