3.00792396570024e-06
3.00792396570024e-06
3.00791839295742e-06
3.00791839295742e-06
3.00791839295742e-06
3.00791839295742e-06
3.00791839295742e-06
3.00791839295742e-06
2.79631357946155e-06
2.79631357946155e-06
2.79631357946155e-06
2.79630675149445e-06
2.79630675149445e-06
2.79630675149445e-06
2.79630675149445e-06
2.79630447552704e-06
2.79630447552704e-06
2.79629764768966e-06
2.79629764768966e-06
2.79629537176549e-06
2.79629537176549e-06
2.79629537176549e-06
2.79629537176549e-06
2.79629081994958e-06
2.79629081994958e-06
2.79628626817691e-06
2.79628626817691e-06
2.79628626817691e-06
2.79628626817691e-06
2.79628626817691e-06
2.79628626817691e-06
2.79628626817691e-06
2.79628626817691e-06
2.79628626817691e-06
2.79628626817691e-06
2.79628626817691e-06
2.79628626817691e-06
2.79628626817691e-06
2.79628626817691e-06
2.79628626817691e-06
2.79628626817691e-06
2.79628626817691e-06
2.79628626817691e-06
2.79628626817691e-06
2.79628626817691e-06
2.79628626817691e-06
2.79628171644748e-06
2.79628171644748e-06
2.79628171644748e-06
2.79628171644748e-06
2.79628171644748e-06
2.79627716476129e-06
2.79627716476129e-06
2.79627716476129e-06
2.79627716476129e-06
2.79627716476129e-06
2.79627716476129e-06
2.79627716476129e-06
2.79627716476129e-06
2.79627488893441e-06
2.79627488893441e-06
2.79627261311834e-06
2.79627261311834e-06
2.79626123420013e-06
2.79625440697891e-06
2.79625440697891e-06
2.79625440697891e-06
2.79625440697891e-06
2.79624985555215e-06
2.79624985555215e-06
2.79624757985498e-06
2.79624757985498e-06
2.79638186448434e-06
2.79638186448434e-06
2.79638186448434e-06
2.79630902747267e-06
2.79630447552704e-06
2.79630447552704e-06
2.79629764768966e-06
2.79629764768966e-06
2.79629309585213e-06
2.79629309585213e-06
2.79629081994958e-06
2.79629081994958e-06
2.79629081994958e-06
2.79628626817691e-06
2.79628626817691e-06
2.79627716476129e-06
2.79627716476129e-06
2.79627488893441e-06
2.79627488893441e-06
2.79627033731308e-06
2.79627033731308e-06
2.79626578573499e-06
2.79626578573499e-06
2.79626578573499e-06