0.060837140946685
0.060837140946685
0.060837140946685
0.060837140946685
0.060837140946685
0.060837140946685
0.060837140946685
0.060837140946685
0.0608371902578389
0.0608371902578389
0.0608371902578389
0.0608371902578389
0.0608371902578389
0.0608371902578389
0.0608371902578389
0.0608371902578389
0.0608371902578389
0.0608371902578389
0.0608371902578389
0.0608371902578389
0.0608371902578389
0.0608371902578389
0.0608371902578389
0.0608371902578389
0.0608371902578389
0.0608371902578389
0.0608371902578389
0.0608371902578389
0.0608371902578389
0.0608371902578389
0.0608371902578389
0.0608371902578389
0.0608371902578389
0.0608371902578389
0.0608371902578389
0.0608371902578389
0.0608371902578389
0.0608371902578389
0.0608371902578389
0.0608371902578389
0.0608371902578389
0.0614422547378446
0.0672163859984107
0.0616099091905669
0.0608371902578389
0.0608371902578389
0.0608371902578389
0.0608371902578389
0.0608371902578389
0.0608371902578389
0.0608371902578389
0.0608371902578389
0.0608371902578389
0.0608371902578389
0.0608371902578389
0.0608371902578389
0.0608371902578389
0.0608371902578389
0.0608371902578389
0.0608371902578389
0.0608371902578389
0.0608371902578389
0.0608371902578389
0.0608373187244284
0.0608371605323482
0.0608371605323482
0.0608371605323482
0.0608371605323482
0.0608371605323482
0.0608371605323482
0.0608371426261304
0.060837142116704
0.0608362058572162
0.0608362058572162
0.0608362058572162
0.0608377355506577
0.0608356839353557
0.0608356839353557
0.0608356839353557
0.0608356839353557
0.0608356839353557
0.0608356839353557
0.0608356839353557
0.0608356839353557
0.0608354929310595
0.0608354929310595
0.0608354929310595
0.0608354929310595
0.0608354929310595
0.0608354929310595
0.0608354929310595
0.0608354929310595
0.0608354929310595
0.0608354929310595
0.0608354929310595
0.0608354929310595