0.031408257864513
0.031408257864513
0.031408257864513
0.031408257864513
0.0314082578643151
0.0314082578643151
0.0314082578640182
0.0314082578640182
0.0314070508544637
0.0314070508544637
0.0314070508544637
0.0314070508541668
0.0314070508541668
0.0314070508541668
0.0314070508541668
0.0314070508540678
0.0314070508540678
0.031407050853771
0.031407050853771
0.031407050853672
0.031407050853672
0.031407050853672
0.031407050853672
0.0314070508534741
0.0314070508534741
0.0314070508504907
0.0314070508504907
0.0314070508504907
0.0314070508504907
0.0314070508504907
0.0314070508504907
0.0314070508504907
0.0314070508504907
0.0314070508504907
0.0314070508504907
0.0314070508504907
0.0314070508504907
0.0314070508504907
0.0314070508504907
0.0314070508504907
0.0314070508504907
0.0314070508504907
0.0336646678253554
0.031557334272398
0.0314070717551258
0.0314070717551258
0.0314070717549279
0.0314070717549279
0.0314070717549279
0.0314070717549279
0.0314070717549279
0.03140707175473
0.03140707175473
0.03140707175473
0.03140707175473
0.03140707175473
0.03140707175473
0.03140707175473
0.03140707175473
0.031407071754631
0.031407071754631
0.0314070717545321
0.0314070717545321
0.0314071553464015
0.0314070809586649
0.0314070809586649
0.0314070391677695
0.0314070391677695
0.0314070391675717
0.0314070391675717
0.0314070065818561
0.031407006581657
0.0313969270529454
0.0313969270529454
0.0313969270529454
0.0313985430903489
0.0313965367235587
0.0313965367235587
0.0313965367204747
0.0313965150445051
0.0313965150443072
0.0313965150443072
0.0313965150442083
0.0313965150442083
0.0313959939328402
0.0313959939326423
0.0313959939326423
0.0313959939322465
0.0313959939322465
0.0313959939321475
0.0313959939321475
0.0313959939319496
0.0313959939319496
0.0313959939317517
0.0313959939317517
0.0313959939317517