6.26834764092297e-07
6.26834764092297e-07
6.26834764092297e-07
6.26834764092297e-07
6.26834764092297e-07
6.26834764092297e-07
6.26834764092297e-07
6.26834764092297e-07
6.26840139270814e-07
6.26840139270814e-07
6.26840139270814e-07
6.26840139270814e-07
6.26840139270814e-07
6.26840139270814e-07
6.26840139270814e-07
6.26840139270814e-07
6.26840139270814e-07
6.26840139270814e-07
6.26840139270814e-07
6.26840139270814e-07
6.26840139270814e-07
5.01467154641542e-07
6.26840139270814e-07
6.26840139270814e-07
6.26840139270814e-07
6.26840139270814e-07
6.26840139270814e-07
6.26840139270814e-07
6.26840139270814e-07
6.26840139270814e-07
6.26840139270814e-07
6.26840139270814e-07
6.26840139270814e-07
6.26840139270814e-07
6.26840139270814e-07
6.26840139270814e-07
6.26840139270814e-07
6.26840139270814e-07
6.26840139270814e-07
6.26840139270814e-07
6.26840139270814e-07
6.26840139270814e-07
6.26840139270814e-07
6.26840139270814e-07
6.26840139270814e-07
6.26840139270814e-07
6.26840139270814e-07
6.26840139270814e-07
6.26840139270814e-07
6.26840139270814e-07
6.26840139270814e-07
6.26840139270814e-07
6.26840139270814e-07
6.26840139270814e-07
6.26839541975019e-07
6.26839541975019e-07
6.26839541975019e-07
6.26839541975019e-07
6.26839541975019e-07
6.26839541975019e-07
6.26839541975019e-07
6.26839541975019e-07
6.26839541975019e-07
6.26839541975019e-07
6.2683849681993e-07
6.2683849681993e-07
6.2683849681993e-07
6.2683849681993e-07
6.2683849681993e-07
6.2683849681993e-07
6.26838198175589e-07
6.2683685437936e-07
6.26994420947534e-07
6.26994420947534e-07
6.26994420947534e-07
6.26990834917975e-07
6.26990834917975e-07
6.26990834917975e-07
6.26990834917975e-07
6.26990834917975e-07
6.26990834917975e-07
6.26990834917975e-07
6.26990834917975e-07
6.26990834917975e-07
6.26974102978081e-07
6.26974102978081e-07
6.26974102978081e-07
6.26974102978081e-07
6.26974102978081e-07
6.26974102978081e-07
6.26974102978081e-07
6.26974102978081e-07
6.26974102978081e-07
6.26974102978081e-07
6.26974102978081e-07
6.26974102978081e-07