0.12863698431957
0.12863698431957
0.128636922494168
0.128636922494168
0.128636922494168
0.128636922494168
0.128636922494168
0.128636922494168
0.128638445784182
0.128638445784182
0.128638445784182
0.128638445784182
0.128638445784182
0.128638445784182
0.128638445784182
0.128638445784182
0.128638445784182
0.128638414870905
0.128638414870905
0.128638414870905
0.128638414870905
0.128638414870905
0.128638414870905
0.128638414870905
0.128638414870905
0.128638414870905
0.128638414870905
0.128638414870905
0.128638414870905
0.128638414870905
0.128638414870905
0.128638414870905
0.128638414870905
0.128638414870905
0.128638414870905
0.128638414870905
0.128638414870905
0.128638414870905
0.128638414870905
0.128638414870905
0.128638414870905
0.128044031503998
0.120013370356523
0.127726846243162
0.128638414870905
0.128638414870905
0.128638414870905
0.128638414870905
0.128638414870905
0.128638414870905
0.128638414870905
0.128638383957776
0.128638383957776
0.128638383957776
0.128638383957776
0.128638383957776
0.128638383957776
0.128638383957776
0.128638383957776
0.128638383957776
0.128638383957776
0.128638383957776
0.128638383957776
0.128638911384192
0.128638520776293
0.128638520776293
0.128638478503777
0.128638478503777
0.128638478503777
0.12863850022955
0.128638537784549
0.128638537302931
0.128655761310153
0.128655761310153
0.128655761310153
0.128654369325974
0.128657251373953
0.128657251373953
0.128657262224379
0.128657341607462
0.128657341607462
0.128657341607462
0.128657341607462
0.128657341607462
0.128658109126009
0.128658078197513
0.128658078197513
0.128658078197513
0.128658078197513
0.128658078197513
0.128658078197513
0.128658078197513
0.128658078197513
0.128658078197513
0.128658078197513
0.128658078197513