0.031400296409619
0.031400296409619
0.031400296409619
0.031400296409619
0.031400296409619
0.031400296409619
0.031400296409619
0.031400296409619
0.031400296409619
0.031400296409619
0.031400296409619
0.031400296409619
0.031400296409619
0.031400296409619
0.031400296409619
0.031400296409619
0.031400296409619
0.031400296409619
0.031400296409619
0.031400296409619
0.031400296409619
0.031400296409619
0.031400296409619
0.031400296409619
0.031400296409619
0.0314767892145145
0.0314767892145145
0.0314767892145145
0.0314767892145145
0.0314767892145145
0.0314767892145145
0.0314767892145145
0.0314767892145145
0.0314767892145145
0.0314767892145145
0.0378338933806529
0.0378244463716388
0.0378239071314633
0.0376563259921243
0.0376566377468047
0.0378705702201355
0.0378091921116978
0.0378091921116978
0.0378091921116978
0.037592747774892
0.0375759802610277
0.0336952062941802
0.033666673977008
0.0336589134094019
0.033862577940728
0.0338619234794151
0.0338562966746091
0.0338562966746091
0.0338562966746091
0.0338562966746091
0.0338562966746091
0.0338562966746091
0.0338562966746091
0.0338577564020962
0.0338577564020962
0.0338567824438475
0.0338562966746091
0.0338562966746091
0.0338562966746091
0.0338562966746091
0.0338562966746091
0.0338562966746091
0.0338562966746091
0.0338512838684559
0.0338512838684559
0.0340548850646129
0.0340548850646129
0.0340548850646129
0.0340548850646129
0.0340548850646129
0.0340548850646129
0.0340360264778952
0.0340360264778952
0.0340360264778952
0.0340360264778952
0.0340360264778952
0.0340360264778952
0.0340360264778952
0.0340360264778952
0.0340360264778952
0.0340360264778952
0.0340360264778952
0.0340360264778952
0.0338324252817382
0.0337751440467264
0.033768784139581
0.033768784139581
0.0337629812154264
0.0337629812154264
0.0337629812154264
0.0337629812154264