0.00843333173973323
0.00843333173973323
0.00853532214626062
0.00852257334544469
0.00861181495115616
0.00861181495115616
0.00861181495115616
0.00861181495115616
0.00840783413810139
0.00840783413810139
0.00840783413810139
0.00840783413810139
0.008305843731574
0.008305843731574
0.008305843731574
0.008305843731574
0.008305843731574
0.00861181495115616
0.00861181495115616
0.00861181495115616
0.00840783413810139
0.00840783413810139
0.00840783413810139
0.00840783413810139
0.00840783413810139
0.00820385332504661
0.00820385332504661
0.00820385332504661
0.00799987251199184
0.00799987251199184
0.00799987251199184
0.00810186291851923
0.00810186291851923
0.00810186291851923
0.00810186291851923
0.00786919730362863
0.00836323858424179
0.00836323858424179
0.00386132771139033
0.00386132771139033
0.00386132771139033
0.00387382283048443
0.00387382283048443
0.00387382283048443
0.00387950551615556
0.00565664539584057
0.0056431744855142
0.00506784614343864
0.00553891412409142
0.00623952094334564
0.00370962157674804
0.00408610032131255
0.00379421829030009
0.00379421829030009
0.00379421829030009
0.00380638004159227
0.00380638004159227
0.00380638004159227
0.00384451583680305
0.00384451583680305
0.00380638004159227
0.00380029916594618
0.00380029916594618
0.00380029916594618
0.00384894617111493
0.00384894617111493
0.00384894617111493
0.00304627058583065
0.00304201729576125
0.00304201729576125
0.00304201729576125
0.00304201729576125
0.00304201729576125
0.00304201729576125
0.00304201729576125
0.00299397790345956
0.00334629059168547
0.00334629059168547
0.00334629059168547
0.00334629059168547
0.00334629059168547
0.00334629059168547
0.00334629059168547
0.00334629059168547
0.00334629059168547
0.00334629059168547
0.00334629059168547
0.00334629059168547
0.00334629059168547
0.00334629059168547
0.00334629059168547
0.00334629059168547
0.00352790620783166
0.00352610375011281
0.00352610375011281
0.00352610375011281