0.0753199152204746
0.0753199152204746
0.0753199152204746
0.0753199152204746
0.0753199152204746
0.0753199152204746
0.0753199152204746
0.0753199152204746
0.0753199152204746
0.0753199152204746
0.0753199152204746
0.0753199152204746
0.0753199152204746
0.0753199152204746
0.0753199152204746
0.0753199152204746
0.0753199152204746
0.0753199152204746
0.0753199152204746
0.0753199152204746
0.0753199152204746
0.0753199152204746
0.0753199152204746
0.0753199152204746
0.0753199152204746
0.0753199152204746
0.0753199152204746
0.0753199152204746
0.0753199152204746
0.0753199152204746
0.0753199152204746
0.0753199152204746
0.0753199152204746
0.0753199152204746
0.0753199152204746
0.0753059607443585
0.0752932119435425
0.0752922391965593
0.0628403873225025
0.0628495154090932
0.0622132763062006
0.062109664395585
0.062109664395585
0.062109664395585
0.0603662176746067
0.0603087944520741
0.0603208022406696
0.0602847531021729
0.0602695919634649
0.0602690121136289
0.0602809191291923
0.0602801168862927
0.0602801168862927
0.0602801168862927
0.0602801168862927
0.0602801168862927
0.0602801168862927
0.0602801168862927
0.0602801168862927
0.0602801168862927
0.0602801168862927
0.0602801168862927
0.0602801168862927
0.0602801168862927
0.0602801168862927
0.0602801168862927
0.0602801168862927
0.0602801168862927
0.0602801168862927
0.0602801168862927
0.0602801168862927
0.0602801168862927
0.0602801168862927
0.0602801168862927
0.0602801168862927
0.0602801168862927
0.0602801168862927
0.0602801168862927
0.0602801168862927
0.0602801168862927
0.0602801168862927
0.0602801168862927
0.0602801168862927
0.0602801168862927
0.0602801168862927
0.0602801168862927
0.0602801168862927
0.0602801168862927
0.0602801168862927
0.0602477017483852
0.0601777427697863
0.0601777427697863
0.0601777427697863
0.0601777427697863
0.0601777427697863
0.0601777427697863