0.0
0.0
0.0
0.0
0.0
0.0
0.0
0.0
0.0
0.0
0.0
0.0
0.0
0.0
0.0
0.0
0.0
0.0
0.0
0.0
0.0
0.0
0.0
0.0
0.0
0.0
0.0
0.0
0.0
0.0
0.0
0.0
0.0
0.0
0.0
0.0
0.0
0.0
0.0
0.0
0.0
0.0
0.0
0.0
0.0
0.0
0.0
0.0
0.0
0.0
0.0
0.0
0.0
0.0
0.0
0.0
0.0
0.0
0.0
0.0
0.0
0.0
0.0
0.0
0.0
0.0
0.0
0.0
0.0
0.0
0.0
0.0
0.0
0.0
0.0
0.0
0.0
0.0
0.0
0.0
2.23198641880904e-07
2.23139751167507e-07
2.23139751167507e-07
1.11599320940452e-07
1.11599320940452e-07
1.11599320940452e-07
1.11599320940452e-07
1.11599320940452e-07
1.11599320940452e-07
1.11599320940452e-07
1.11599320940452e-07
1.11599320940452e-07
1.11599320940452e-07
1.11597191277251e-07
1.11597191277251e-07
1.11597191277251e-07