0.00017096939647803
0.00017096939647803
0.00017096939647803
0.00017096939647803
0.00017096939647803
0.00017096939647803
0.00017096939647803
0.00017096939647803
0.00017096939647803
0.00017096939647803
0.00017096939647803
0.00017096939647803
0.00017096939647803
0.00017096939647803
0.00017096939647803
0.00017096939647803
0.00017096939647803
0.00017096939647803
0.00017096939647803
0.00017096939647803
0.00017096939647803
0.000171268672210723
0.000170969406741616
0.000170969406741616
0.00017096939647803
0.00017096939647803
0.00017096939647803
0.00017096939647803
0.00017120220800329
0.00017096939647803
0.00017096939647803
0.00017096939647803
0.00017096939647803
0.00017096939647803
0.00017096939647803
0.000170995128086285
0.000170995456575419
0.000170995456575419
0.000170995456575419
0.000170995456575419
0.000170995785064553
0.000170995785064553
0.000170995456575419
0.000170995456575419
0.000170995456575419
0.000170995456575419
0.000170995456575419
0.000170995456575419
0.000170995456575419
0.000170995456575419
0.000170995456575419
0.000170995456575419
0.000170995456575419
0.000170995456575419
0.000170995456575419
0.000170995456575419
0.000170995456575419
0.000170995456575419
0.000170995456575419
0.000170995456575419
0.000170995456575419
0.000170995456575419
0.000170995456575419
0.000170995456575419
0.000170995456575419
0.000170995456575419
0.000170995456575419
0.000170995456575419
0.000170995456575419
0.000170995456575419
0.000170995456575419
0.000170995456575419
0.000170995456575419
0.000170995456575419
0.000170995456575419
0.000170995456575419
0.000170994799597151
0.000170994799597151
0.000170994799597151
0.000170994799597151
0.000170994799597151
0.000170994799597151
0.000170994799597151
0.000170994799597151
0.000170994799597151
0.000170994799597151
0.000170994799597151
0.000170994799597151
0.000170994799597151
0.000170994799597151
0.000170994799597151
0.000170994799597151
0.000170994799597151
0.000170994799597151
0.000170994799597151
0.000170994799597151
