0.000270859987367582
0.000270859987367582
0.000270859987367582
0.000270859987367582
0.000270859987367582
0.000270859987367582
0.000270859987367582
0.000270859987367582
0.000270859987367582
0.000270859987367582
0.000270859987367582
0.000270859987367582
0.000270859987367582
0.000270859987367582
0.000270859987367582
0.000270859987367582
0.000270859987367582
0.000270859987367582
0.000270859987367582
0.000270859987367582
0.000270859987367582
0.000271128545056385
0.000270859987367582
0.000270859987367582
0.000270859987367582
0.000270859987367582
0.000270859987367582
0.000270859987367582
0.000271073950206144
0.000270859987367582
0.000270859987367582
0.000270859987367582
0.000270859987367582
0.000270859987367582
0.000270859987367582
0.000270882325078477
0.000270885281480682
0.000270885281480682
0.000270885281480682
0.000270885281480682
0.000270885281480682
0.000270885281480682
0.000270885281480682
0.000270885281480682
0.000270885281480682
0.000270885281480682
0.000270885281480682
0.000270885281480682
0.000270885281480682
0.000270885281480682
0.000270885281480682
0.000270885281480682
0.000270885281480682
0.000270885281480682
0.000270885281480682
0.000270885281480682
0.000270885281480682
0.000270885281480682
0.000270885281480682
0.000270885281480682
0.000270885281480682
0.000270885281480682
0.000270885281480682
0.000270885281480682
0.000270885281480682
0.000270885281480682
0.000270885281480682
0.000270885281480682
0.000270885281480682
0.000270885281480682
0.000270885281480682
0.000270885281480682
0.000270885281480682
0.000270885281480682
0.000270885281480682
0.000270885281480682
0.000270885281480682
0.000270885281480682
0.000270885281480682
0.000270885281480682
0.000270885281480682
0.000270885281480682
0.000270885281480682
0.000270885281480682
0.000270885281480682
0.000270885281480682
0.000270885281480682
0.000270885281480682
0.000270885281480682
0.000270885281480682
0.000270885281480682
0.000270885281480682
0.000270885281480682
0.000270885281480682
0.000270885281480682
0.000270885281480682
