0.000512908220224847
0.000512908220224847
0.000512908220224847
0.000512908220224847
0.000512908220224847
0.000512908220224847
0.000512908220224847
0.000512908220224847
0.000512908220224847
0.000512908220224847
0.000512908220224847
0.000512908220224847
0.000512908220224847
0.000512908220224847
0.000512908220224847
0.000512908220224847
0.000512908220224847
0.000512908220224847
0.000512908220224847
0.000512908220224847
0.000512908220224847
0.000513819843574422
0.00051291019115965
0.00051291019115965
0.000512909205692248
0.000512908220224847
0.000512908220224847
0.000512908220224847
0.000513632298846655
0.000512908220224847
0.000512908220224847
0.000512908220224847
0.000512908220224847
0.000512908220224847
0.000512908220224847
0.000512986369726257
0.000512987355193659
0.000512987355193659
0.000512987355193659
0.000512987355193659
0.00051298834066106
0.00051298834066106
0.000512987355193659
0.000512987355193659
0.000512987355193659
0.000512987355193659
0.000512987355193659
0.000512987355193659
0.000512987355193659
0.000512987355193659
0.000512987355193659
0.000512987355193659
0.000512987355193659
0.000512987355193659
0.000512987355193659
0.000512987355193659
0.000512987355193659
0.000512987355193659
0.000512987355193659
0.000512987355193659
0.000512987355193659
0.000512987355193659
0.000512987355193659
0.000512987355193659
0.000512987355193659
0.000512987355193659
0.000512987355193659
0.000512987355193659
0.000512987355193659
0.000512987355193659
0.000512987355193659
0.000512987355193659
0.000512987355193659
0.000512987355193659
0.000512987355193659
0.000512987355193659
0.000512985384258855
0.000512985384258855
0.000512985384258855
0.000512985384258855
0.000512985384258855
0.000512985384258855
0.000512985384258855
0.000512985384258855
0.000512985384258855
0.000512985384258855
0.000512985384258855
0.000512985384258855
0.000512985384258855
0.000512985384258855
0.000512985384258855
0.000512985384258855
0.000512985384258855
0.000512985384258855
0.000512985384258855
0.000512985384258855
