0.0263892027997458
0.0263892027997458
0.0263411776883756
0.0263411776883756
0.0263411776883756
0.0263411776883756
0.0263413478267334
0.0263413478267334
0.0263413478267334
0.0263413478267334
0.0263413478267334
0.0263586368668267
0.0266413541890746
0.0266490382068938
0.0261804348398904
0.0261804348398904
0.0261806050304212
0.026320877816157
0.026320877816157
0.026320877816157
0.026320877816157
0.0262743208506531
0.0263190937174296
0.0263190593353748
0.0264779487940904
0.0264990798430933
0.0263658106259904
0.0263658106259904
0.026427450162466
0.0266864586397401
0.0266497046077639
0.0266746776656764
0.0266292492364273
0.0265342542295831
0.0265342542295831
0.0267983278192665
0.0267695199792053
0.0262970811677958
0.026457417722488
0.0264142844506728
0.026631819009995
0.0264343409945595
0.0266403526413982
0.0263997734384267
0.0263997734384267
0.0263997734384267
0.0263997734384267
0.0264420427631934
0.0263997734384267
0.0263967931677606
0.0263967931677606
0.0266041346680415
0.0266041356539303
0.02660311043729
0.0265725391503467
0.026603279491561
0.0270085197508508
0.0265975154927292
0.0266012615350326
0.0266012615350326
0.0265589922102659
0.0266163017389004
0.0266163017389004
0.0265589922102659
0.0264207760764225
0.0264197933720866
0.0264274787038623
0.0264292218215423
0.0264734253037944
0.026450361168753
0.0264252107599923
0.0264232957952418
0.026815086723924
0.026890201244022
0.0265040042740118
0.0265555588876553
0.026471838285066
0.0265666290530181
0.0264795236168417
0.026479402885694
0.0264281869885787
0.0264818248152837
0.0264777455456478
0.026470060213872
0.0264681388809281
0.0292766817996569
0.0293285577891433
0.0293285577891433
0.0293129668896333
0.026485378596255
0.026485378596255
0.026485378596255
0.026485378596255
0.026485378596255
0.0293592991162464
0.0293592991162464
