0.00175356992134365
0.00175356992134365
0.00175356992134365
0.00175356992134365
0.00175356992134365
0.00175356992134365
0.00175357206036189
0.00175357206036189
0.00175357206036189
0.00175357206036189
0.00175357206036189
0.00175357206036189
0.00175357206036189
0.00175357206036189
0.00175357206036189
0.00175357206036189
0.00175357420002805
0.00175357420002805
0.00175357420002805
0.00175357420002805
0.00175357420002805
0.00175617613161031
0.00175358012175944
0.00175357978468047
0.00175357879887593
0.00175357420002805
0.00175356564524968
0.00175356564524968
0.00176021486532524
0.0017583681563867
0.00175354431238899
0.00175354431238899
0.00177275287317973
0.00175354217531265
0.00175354217531265
0.00177297342725305
0.00177297802610092
0.00175376404311965
0.00177297802610092
0.0017556853760636
0.00177298098250313
0.00176145298483947
0.00177297867992983
0.00175376337871281
0.00175376337871281
0.00175376337871281
0.00175376337871281
0.00175376337871281
0.00175376337871281
0.00175376337871281
0.00175376337871281
0.00174607804693704
0.00174607804693704
0.00174607804693704
0.00174608018474471
0.00174608018474471
0.00174608018474471
0.00174608018474471
0.00174608018474471
0.00174608018474471
0.00174608018474471
0.00174608018474471
0.00174608018474471
0.00174608018474471
0.00174608232319971
0.00174608232319971
0.00174608232319971
0.00174608018474471
0.00174608018474471
0.00174608018474471
0.00174607804693704
0.00174607804693704
0.00174607804693704
0.00174608018474471
0.00174607804693704
0.00174607804693704
0.0017460257657685
0.0017460257657685
0.0017460257657685
0.00174601840411315
0.00174600891594498
0.00174600677943102
0.00174600677943102
0.00174600677943102
0.00174600677943102
0.00174600677943102
0.00174600677943102
0.00174600677943102
0.00174600677943102
0.00174600677943102
0.00174600677943102
0.00174600677943102
0.00174600677943102
0.00174600677943102
0.00174600677943102
0.00174600677943102
