6.91561603731359e-05
6.91561603731359e-05
6.91561603731359e-05
6.91561603731359e-05
6.91561603731359e-05
6.91561603731359e-05
6.91561603731359e-05
6.91561603731359e-05
6.91561603731359e-05
6.91561603731359e-05
6.91561603731359e-05
6.91561603731359e-05
6.91561603731359e-05
6.91561603731359e-05
6.91561603731359e-05
6.91561603731359e-05
6.91561603731359e-05
6.91561603731359e-05
6.91561603731359e-05
6.91561603731359e-05
6.91561603731359e-05
6.92983351074991e-05
6.91561603731359e-05
6.91561603731359e-05
6.91561603731359e-05
6.91561603731359e-05
6.91561603731359e-05
6.91561603731359e-05
6.91561603731359e-05
6.91561603731359e-05
6.91561603731359e-05
6.91561603731359e-05
6.91561603731359e-05
6.91561603731359e-05
6.91561603731359e-05
6.91679859819548e-05
6.91679859819548e-05
6.91679859819548e-05
6.91679859819548e-05
6.91679859819548e-05
6.91679859819548e-05
6.91679859819548e-05
6.91679859819548e-05
6.91679859819548e-05
6.91679859819548e-05
6.91679859819548e-05
6.91679859819548e-05
6.91679859819548e-05
6.91679859819548e-05
6.91679859819548e-05
6.91679859819548e-05
6.91679859819548e-05
6.91679859819548e-05
6.91679859819548e-05
6.91679859819548e-05
6.91679859819548e-05
6.91679859819548e-05
6.91679859819548e-05
6.91679859819548e-05
6.91679859819548e-05
6.91679859819548e-05
6.91679859819548e-05
6.91679859819548e-05
6.91679859819548e-05
6.91679859819548e-05
6.91679859819548e-05
6.91679859819548e-05
6.91679859819548e-05
6.91679859819548e-05
6.91679859819548e-05
6.91679859819548e-05
6.91679859819548e-05
6.91679859819548e-05
6.91679859819548e-05
6.91679859819548e-05
6.91679859819548e-05
6.90843361122866e-05
6.90843361122866e-05
6.90843361122866e-05
6.90843361122866e-05
6.90843361122866e-05
6.90843361122866e-05
6.90843361122866e-05
6.90843361122866e-05
6.90843361122866e-05
6.90843361122866e-05
6.90843361122866e-05
6.90843361122866e-05
6.90843361122866e-05
6.90843361122866e-05
6.90843361122866e-05
6.90843361122866e-05
6.90843361122866e-05
6.90843361122866e-05
6.90843361122866e-05
6.90843361122866e-05
