0.00100853637929403
0.00100853637929403
0.00100853637929403
0.00100853637929403
0.00100853637929403
0.00100853637929403
0.00100853785998393
0.00100853785998393
0.00100853785998393
0.00100853785998393
0.00100853785998393
0.00100853785998393
0.00100853785998393
0.00100853785998393
0.00100853785998393
0.00100853785998393
0.00100853934109634
0.00100853934109634
0.00100853934109634
0.00100853934109634
0.00100853934109634
0.00101010395798932
0.00100853934109634
0.00100853934109634
0.00100853934109634
0.00100853934109634
0.00100853341918095
0.00100853341918095
0.00100987232145483
0.00100853341918095
0.00100853341918095
0.00100853341918095
0.00100853193975738
0.00100853193975738
0.00100853193975738
0.00100866837432065
0.00100866837432065
0.00100866837432065
0.00100866837432065
0.00100866837432065
0.00100867067374459
0.00100867067374459
0.00100861342306092
0.00100862255039431
0.00100862255039431
0.00100862255039431
0.00100862255039431
0.00100862255039431
0.00100862255039431
0.0010085498781977
0.0010085498781977
0.0010160922047356
0.0010160922047356
0.00101602184673088
0.00101602332666069
0.00101602332666069
0.00101602332666069
0.00101602332666069
0.00101588483944796
0.00101588483944796
0.00101588483944796
0.00101588483944796
0.00101588483944796
0.00101588483944796
0.00101581816718095
0.00101575072668731
0.00101575072668731
0.00101568250686357
0.00101568250686357
0.00101568250686357
0.00101568102693375
0.0010155496077842
0.0010155496077842
0.00101555108771402
0.0010155496077842
0.0010155496077842
0.00101547641414824
0.00101547641414824
0.00101547641414824
0.00101547641414824
0.00101547493464036
0.00101547345555423
0.00101545721804211
0.00101545721804211
0.00101545721804211
0.00101545721804211
0.00101545721804211
0.00101545721804211
0.00101545721804211
0.00101545721804211
0.00101545721804211
0.00101545721804211
0.00101545721804211
0.00101545721804211
0.00101545721804211
0.00101545721804211
