0.000683878940922998
0.000683878940922998
0.000683878940922998
0.000683878940922998
0.000683878940922998
0.000683878940922998
0.000683878940922998
0.000683878940922998
0.000683878940922998
0.000683878940922998
0.000683878940922998
0.000683878940922998
0.000683878940922998
0.000683878940922998
0.000683878940922998
0.000683878940922998
0.000683878940922998
0.000683878940922998
0.000683878940922998
0.000683878940922998
0.000683878940922998
0.000685110241323753
0.000683882225982865
0.000683882225982865
0.000683880254879534
0.000683878940922998
0.000683878940922998
0.000683878940922998
0.000684843065128874
0.000683878940922998
0.000683878940922998
0.000683878940922998
0.000683878940922998
0.000683878940922998
0.000683878940922998
0.000683983181326594
0.00068398449528313
0.00068398449528313
0.00068398449528313
0.00068398449528313
0.000683985809239665
0.000683985809239665
0.000683984454214747
0.000683984454214747
0.000683984454214747
0.000683984454214747
0.000683984454214747
0.000683984454214747
0.000683984454214747
0.000683984454214747
0.000683984454214747
0.000683984454214747
0.000683984454214747
0.000683984454214747
0.000683984454214747
0.000683984454214747
0.000683984454214747
0.000683984454214747
0.000683984454214747
0.000683984454214747
0.000683984454214747
0.000683984454214747
0.000683984454214747
0.000683984454214747
0.000683984454214747
0.000683984454214747
0.000683984454214747
0.000683984454214747
0.000683984454214747
0.000683984454214747
0.000683984454214747
0.000683984454214747
0.000683984454214747
0.000683984454214747
0.000683984454214747
0.000683984454214747
0.000683981826301676
0.000683981826301676
0.000683981826301676
0.000683981826301676
0.000683981826301676
0.000683981826301676
0.000683981826301676
0.000683981826301676
0.000683981826301676
0.000683981826301676
0.000683981826301676
0.000683981826301676
0.000683981826301676
0.000683981826301676
0.000683981826301676
0.000683981826301676
0.000683981826301676
0.000683981826301676
0.000683981826301676
0.000683981826301676
