0.00156523650455933
0.00156523650455933
0.00156523650455933
0.00156523650455933
0.00156523650455933
0.00156523650455933
0.00156524078186401
0.00156524078186401
0.00156524078186401
0.00156524078186401
0.00156524078186401
0.00156524078186401
0.00156524078186401
0.00156524078186401
0.00156524078186401
0.00156524078186401
0.00156524506035162
0.00156524506035162
0.00156524506035162
0.00156524506035162
0.00156524506035162
0.00156802682848763
0.00155847841925984
0.00155847572262809
0.00155846783619174
0.00155846520827867
0.00155844810142367
0.00155844810142367
0.00156051817617585
0.00155844810142367
0.00155827743853821
0.00155827743853821
0.00155826262250442
0.00155827316477912
0.00155827316477912
0.00155849735685833
0.0015584999847714
0.00155851053065739
0.00156618531654717
0.00156619586243317
0.00156618794446024
0.00156618794446024
0.00156616689596082
0.00156616689596082
0.00156616689596082
0.00156616689596082
0.00156616689596082
0.00156616689596082
0.00156616689596082
0.00156616689596082
0.00156616689596082
0.00156616689596082
0.00156616689596082
0.00156616689596082
0.00156617117118237
0.00156617117118237
0.00156617117118237
0.00156617117118237
0.00156617117118237
0.00156617117118237
0.00156617117118237
0.00156617117118237
0.00156617117118237
0.00156617117118237
0.00156617544758585
0.00156617544758585
0.00156617544758585
0.00156617117118237
0.00156617117118237
0.00156617117118237
0.00156616689596082
0.00156616689596082
0.00155848156418505
0.0015584858394066
0.00155079623240928
0.00155848156418505
0.00155079097658314
0.00155847630835891
0.00155079097658314
0.00155846452971035
0.00155076316228243
0.00164902893408329
0.00164900109834823
0.00164900109834823
0.001656686430124
0.00155844422119892
0.00155844422119892
0.00156612955297469
0.00155844422119892
0.00155844422119892
0.00155844422119892
0.00155844422119892
0.00155844422119892
0.00155844422119892
0.00156612955297469
0.00155844422119892
