0.00472378706168632
0.00472378706168632
0.00472378706168632
0.00472378706168632
0.00471610304386708
0.00471610304386708
0.00472378706168632
0.00472378706168632
0.00472378706168632
0.00472378706168632
0.00472378706168632
0.00472378706168632
0.00472378706168632
0.00472378706168632
0.00472378706168632
0.00472378706168632
0.00472378706168632
0.00472378706168632
0.00471610304386708
0.00471610304386708
0.00471610304386708
0.00472409523193428
0.00471611913983464
0.00471611913983464
0.00471610961364976
0.00471610304386708
0.00472378706168632
0.00472378706168632
0.00473006717434152
0.00472378706168632
0.00472378706168632
0.00472378706168632
0.00472378706168632
0.00472378706168632
0.00472378706168632
0.00472447660300323
0.0047244831727859
0.0047244831727859
0.00471679784101013
0.00471679784101013
0.00471680736719501
0.00471680736719501
0.00471657018579124
0.00471660799902959
0.00471660799902959
0.00471660799902959
0.00471660799902959
0.00471660799902959
0.00472429333080536
0.00472399226027652
0.00472399226027652
0.00472339981000535
0.00472339981000535
0.00472310832684292
0.00472310832684292
0.00472310832684292
0.00472310832684292
0.00472310832684292
0.00472253459410447
0.00472253459410447
0.00472253459410447
0.00472253459410447
0.00472253459410447
0.00472253459410447
0.00472225224754017
0.00472197285120936
0.00472197285120936
0.00471401102733621
0.00472169635911198
0.00472169635911198
0.00472169635911198
0.00472115190834956
0.00472115190834956
0.00472115190834956
0.00472115190834956
0.00472115190834956
0.00472054544679447
0.00472054544679447
0.00472054544679447
0.00472054544679447
0.00472054544679447
0.00472054544679447
0.00472047817710141
0.00472047817710141
0.00472047817710141
0.00472047817710141
0.00472047817710141
0.00472047817710141
0.00472047817710141
0.00472047817710141
0.00472047817710141
0.00472047817710141
0.00472047817710141
0.00472047817710141
0.00472047817710141
0.00472047817710141
