0.000341938792956061
0.000341938792956061
0.000341938792956061
0.000341938792956061
0.000341938792956061
0.000341938792956061
0.000341938792956061
0.000341938792956061
0.000341938792956061
0.000341938792956061
0.000341938792956061
0.000341938792956061
0.000341938792956061
0.000341938792956061
0.000341938792956061
0.000341938792956061
0.000341938792956061
0.000341938792956061
0.000341938792956061
0.000341938792956061
0.000341938792956061
0.000342545902700374
0.000341939470461499
0.000341939470461499
0.000341938813483231
0.000341938792956061
0.000341938792956061
0.000341938792956061
0.000342412974285509
0.000341938792956061
0.000341938792956061
0.000341938792956061
0.000341938792956061
0.000341938792956061
0.000341938792956061
0.000341990913150838
0.000341991570129106
0.000341991570129106
0.000341991570129106
0.000341991570129106
0.000341992227107373
0.000341992227107373
0.000341991570129106
0.000341991570129106
0.000341991570129106
0.000341991570129106
0.000341991570129106
0.000341991570129106
0.000341991570129106
0.000341991570129106
0.000341991570129106
0.000341991570129106
0.000341991570129106
0.000341991570129106
0.000341991570129106
0.000341991570129106
0.000341991570129106
0.000341991570129106
0.000341991570129106
0.000341991570129106
0.000341991570129106
0.000341991570129106
0.000341991570129106
0.000341991570129106
0.000341991570129106
0.000341991570129106
0.000341991570129106
0.000341991570129106
0.000341991570129106
0.000341991570129106
0.000341991570129106
0.000341991570129106
0.000341991570129106
0.000341991570129106
0.000341991570129106
0.000341991570129106
0.00034199025617257
0.00034199025617257
0.00034199025617257
0.00034199025617257
0.00034199025617257
0.00034199025617257
0.00034199025617257
0.00034199025617257
0.00034199025617257
0.00034199025617257
0.00034199025617257
0.00034199025617257
0.00034199025617257
0.00034199025617257
0.00034199025617257
0.00034199025617257
0.00034199025617257
0.00034199025617257
0.00034199025617257
0.00034199025617257
