0.00800055912775895
0.00800055912775895
0.00806491400893464
0.00806491400893464
0.00806491400893464
0.00806491400893464
0.00806493884820573
0.00806493884820573
0.00806493884820573
0.00806493884820573
0.00806493884820573
0.00806493884820573
0.00810816432394813
0.00810816432394813
0.00828156835587564
0.00828156835587564
0.00828159320170849
0.00828927721952772
0.00828927721952772
0.00828927721952772
0.00828927721952772
0.00830520365291886
0.00828932797439149
0.00828930876089028
0.00807266052293403
0.00807264771185781
0.00806486435006627
0.00806486435006627
0.00830872742349441
0.00833528329665211
0.00832446230131916
0.00832446230131916
0.00843578029775826
0.00843969742037511
0.00843969742037511
0.00823192664986138
0.00821848126112339
0.00841014769142653
0.0087117218241879
0.0087156396295135
0.00849516141685816
0.00871173102188365
0.00849456398604198
0.00871505057952729
0.00871505057952729
0.00871505057952729
0.00871505057952729
0.00969264979384148
0.00888309068629239
0.00888238472781097
0.00888238472781097
0.00894055685533392
0.00890693229645392
0.00889952439986214
0.0089245275421181
0.00972063822310016
0.00935008115799135
0.00889570754795895
0.00971929291874792
0.00973274224935552
0.00892318223776586
0.0089765841962834
0.00898619086100311
0.00892318223776586
0.00890653555870803
0.00890588042248407
0.00890588042248407
0.00890520767278541
0.0088482002355961
0.00887574723431161
0.00890326192286999
0.00890198527970295
0.00853527088048203
0.00845138919904898
0.00881807918129843
0.00883824701413983
0.00884671096325082
0.0088543962950266
0.00884671096325082
0.00884651956021174
0.00890619428169367
0.00884916202951289
0.0088490042936809
0.0088490042936809
0.0088490042936809
0.0038368715537598
0.00378307423132939
0.00378307423132939
0.00379493406176399
0.00839105460978371
0.00839105460978371
0.00839105460978371
0.00839105460978371
0.00839105460978371
0.00361976093109422
0.00361976093109422
