0.000854846982390152
0.000854846982390152
0.000854846982390152
0.000854846982390152
0.000854846982390152
0.000854846982390152
0.000854846982390152
0.000854846982390152
0.000854846982390152
0.000854846982390152
0.000854846982390152
0.000854846982390152
0.000854846982390152
0.000854846982390152
0.000854846982390152
0.000854846982390152
0.000854846982390152
0.000854846982390152
0.000854846982390152
0.000854846982390152
0.000854846982390152
0.000856364756750934
0.000854848676153748
0.000854848676153748
0.000854847033708078
0.000854846982390152
0.000854846982390152
0.000854846982390152
0.000856032435713771
0.000854846982390152
0.000854846982390152
0.000854846982390152
0.000854846982390152
0.000854846982390152
0.000854846982390152
0.000854977282877095
0.000854978925322764
0.000854978925322764
0.000854978925322764
0.000854978925322764
0.000854980567768434
0.000854980567768434
0.000854978925322764
0.000854978925322764
0.000854978925322764
0.000854978925322764
0.000854978925322764
0.000854978925322764
0.000854978925322764
0.000854978925322764
0.000854978925322764
0.000854978925322764
0.000854978925322764
0.000854978925322764
0.000854978925322764
0.000854978925322764
0.000854978925322764
0.000854978925322764
0.000854978925322764
0.000854978925322764
0.000854978925322764
0.000854978925322764
0.000854978925322764
0.000854978925322764
0.000854978925322764
0.000854978925322764
0.000854978925322764
0.000854978925322764
0.000854978925322764
0.000854978925322764
0.000854978925322764
0.000854978925322764
0.000854978925322764
0.000854978925322764
0.000854978925322764
0.000854978925322764
0.000854975640431426
0.000854975640431426
0.000854975640431426
0.000854975640431426
0.000854975640431426
0.000854975640431426
0.000854975640431426
0.000854975640431426
0.000854975640431426
0.000854975640431426
0.000854975640431426
0.000854975640431426
0.000854975640431426
0.000854975640431426
0.000854975640431426
0.000854975640431426
0.000854975640431426
0.000854975640431426
0.000854975640431426
0.000854975640431426
