0.0112092142058869
0.0112092142058869
0.0111996091836129
0.0111996091836129
0.0111996091836129
0.0111996091836129
0.0111996519650754
0.0111996519650754
0.0111996519650754
0.0111996519650754
0.0111996519650754
0.0112073359828947
0.0112044557081521
0.0112044557081521
0.0111996519650754
0.0111996519650754
0.0111996947596658
0.0112496408754908
0.0112496408754908
0.0112496408754908
0.0112496408754908
0.0111704902031198
0.0111959417709674
0.0111959417709674
0.0111959033245902
0.0111958369697851
0.0111457197543399
0.0111457197543399
0.0116833994598271
0.0115520138392586
0.0112897950884506
0.0112897950884506
0.0104040743843258
0.0111840852696403
0.0112398062305082
0.0104035986978937
0.0103556340285241
0.0112481881217997
0.0103652406932438
0.0111559569068711
0.0103652495624504
0.0106804083368726
0.0103690961749311
0.0112501183239503
0.0112501183239503
0.0112501183239503
0.0112501183239503
0.0112501183239503
0.0112501183239503
0.0112501183239503
0.0112501183239503
0.0111809503379683
0.011190557002688
0.011190557002688
0.0111781094515581
0.0111704241197823
0.0111704241197823
0.0111704241197823
0.0111704241197823
0.0111704241197823
0.0111704241197823
0.0111089418762227
0.011099335211503
0.0111704241197823
0.0111701035284125
0.0111669434595675
0.0111669434595675
0.0111637738799954
0.0111637738799954
0.0111637738799954
0.0111666147664056
0.011160456840541
0.011160456840541
0.0111604995972852
0.011160456840541
0.0111700635052607
0.011159526235741
0.011159526235741
0.011159526235741
0.0111691329004607
0.0111594834921059
0.0112055527522283
0.0112936850737344
0.0112936850737344
0.0112936850737344
0.0120961222978987
0.0121460769544412
0.0121460769544412
0.0121441556214973
0.0112591010807434
0.0112591010807434
0.0112591010807434
0.0112591010807434
0.0112591010807434
0.0121460769544412
0.0121460769544412
