0.000683877585912122
0.000683877585912122
0.000683877585912122
0.000683877585912122
0.000683877585912122
0.000683877585912122
0.000683877585912122
0.000683877585912122
0.000683877585912122
0.000683877585912122
0.000683877585912122
0.000683877585912122
0.000683877585912122
0.000683877585912122
0.000683877585912122
0.000683877585912122
0.000683877585912122
0.000683877585912122
0.000683877585912122
0.000683877585912122
0.000683877585912122
0.000685057572285034
0.000683877585912122
0.000683877585912122
0.000683877585912122
0.000683877585912122
0.000683877585912122
0.000683877585912122
0.000684791715455305
0.000683877585912122
0.000683877585912122
0.000683877585912122
0.000683877585912122
0.000683877585912122
0.000683877585912122
0.000683979198388605
0.000683980512345141
0.000683980512345141
0.000683980512345141
0.000683980512345141
0.000683981826301676
0.000683981826301676
0.000683980512345141
0.000683980512345141
0.000683980512345141
0.000683980512345141
0.000683980512345141
0.000683980512345141
0.000683980512345141
0.000683980512345141
0.000683980512345141
0.000683980512345141
0.000683980512345141
0.000683980512345141
0.000683980512345141
0.000683980512345141
0.000683980512345141
0.000683980512345141
0.000683980512345141
0.000683980512345141
0.000683980512345141
0.000683980512345141
0.000683980512345141
0.000683980512345141
0.000683980512345141
0.000683980512345141
0.000683980512345141
0.000683980512345141
0.000683980512345141
0.000683980512345141
0.000683980512345141
0.000683980512345141
0.000683980512345141
0.000683980512345141
0.000683980512345141
0.000683980512345141
0.00068397788443207
0.00068397788443207
0.00068397788443207
0.00068397788443207
0.00068397788443207
0.00068397788443207
0.00068397788443207
0.00068397788443207
0.00068397788443207
0.00068397788443207
0.00068397788443207
0.00068397788443207
0.00068397788443207
0.00068397788443207
0.00068397788443207
0.00068397788443207
0.00068397788443207
0.00068397788443207
0.00068397788443207
0.00068397788443207
