0.000536328203904358
0.000536328203904358
0.000536328203904358
0.000536328203904358
0.000536328203904358
0.000536328203904358
0.000536329849359299
0.000536329849359299
0.000536329849359299
0.000536329849359299
0.000536329849359299
0.000536329849359299
0.000536329849359299
0.000536329849359299
0.000536329849359299
0.000536329849359299
0.000536331495321327
0.000536331495321327
0.000536331495321327
0.000536331495321327
0.000536331495321327
0.000537135334879376
0.000536332152299595
0.000536332152299595
0.000536332152299595
0.000536331495321327
0.000536324914514747
0.000536324914514747
0.000537018397546552
0.000536324914514747
0.000536324914514747
0.000536324914514747
0.000536323270579587
0.000536323270579587
0.000536323270579587
0.000536391745461654
0.00053639568733126
0.00053639568733126
0.00053639568733126
0.00053639568733126
0.00053639568733126
0.00053639568733126
0.00053639568733126
0.00053639568733126
0.00053639568733126
0.00053639568733126
0.00053639568733126
0.00053639568733126
0.00053639568733126
0.00053639568733126
0.00053639568733126
0.000528710355555487
0.000528710355555487
0.000528710355555487
0.00052871200005322
0.00052871200005322
0.00052871200005322
0.00052871200005322
0.00052871200005322
0.00052871200005322
0.00052871200005322
0.00052871200005322
0.00052871200005322
0.00052871200005322
0.00052871364505756
0.00052871364505756
0.00052871364505756
0.00052871200005322
0.00052871200005322
0.00052871200005322
0.000528710355555487
0.000528710355555487
0.000528710355555487
0.00052871200005322
0.000528710355555487
0.00053639568733126
0.000536312037461592
0.000536312037461592
0.000536312037461592
0.000543997369237365
0.000536310393470223
0.000528623418209198
0.000528623418209198
0.000528623418209198
0.000528623418209198
0.000528623418209198
0.000528623418209198
0.000528623418209198
0.000528623418209198
0.000528623418209198
0.000528623418209198
0.000528623418209198
0.000528623418209198
0.000528623418209198
0.000528623418209198
0.000528623418209198
