0.891434806328423
0.891434806328423
0.891434806328423
0.891434806328423
0.891434806328423
0.891434806328423
0.891434806328423
0.891434806328423
0.891434806328423
0.891434806328423
0.891434806328423
0.891434806328423
0.891434806328423
0.891434806328423
0.891434806328423
0.891434806328423
0.891434806328423
0.891434806328423
0.891434806328423
0.891434806328423
0.891434806328423
0.891434806328423
0.891434806328423
0.880796508456083
0.880796508456083
0.880796508456083
0.880796508456083
0.880796508456083
0.880796508456083
0.880796508456083
0.880796508456083
0.880796508456083
0.880796508456083
0.880796508456083
0.880796508456083
0.880796508456083
0.880796508456083
0.880796508456083
0.880796508456083
0.880796508456083
0.887138570649209
0.887138570649209
0.887138570649209
0.887138570649209
0.887138570649209
0.887138570649209
0.887138570649209
0.887138570649209
0.887138570649209
0.887138570649209
0.887138570649209
0.887138570649209
0.887138570649209
0.887138570649209
0.887138570649209
0.887138570649209
0.887138570649209
0.887138570649209
0.887138570649209
0.887138570649209
0.887138570649209
0.887138570649209
0.887138570649209
0.887138570649209
0.887138570649209
0.887138570649209
0.887138570649209
0.887138570649209
0.887138570649209
0.887138570649209
0.887138570649209
0.887138570649209
0.887138570649209
0.887138570649209
0.887138570649209
0.887138570649209
0.887138570649209
0.887138570649209
0.887138570649209
0.887138570649209
0.887138570649209
0.887138570649209
0.887138570649209
0.887138570649209
0.887138570649209
0.887138570649209
0.887138570649209
0.887138570649209
0.887138570649209
0.887138570649209
0.887138570649209
0.887138570649209
0.887138570649209
0.887138570649209
0.887138570649209
0.887138570649209