0.913107100221296
0.913107100221296
0.913107100221296
0.913107100221296
0.913107100221296
0.913107100221296
0.913107100221296
0.913107100221296
0.913107100221296
0.913107100221296
0.913107100221296
0.9131038645408
0.9131038645408
0.9131038645408
0.9131038645408
0.9131038645408
0.9131038645408
0.9131038645408
0.9131038645408
0.9131038645408
0.9131038645408
0.9131038645408
0.9131038645408
0.9131038645408
0.9131038645408
0.9131038645408
0.9131038645408
0.9131038645408
0.9131038645408
0.9131038645408
0.913114999870378
0.913117581927336
0.913117581927336
0.913133748403238
0.913133748403238
0.913133748403238
0.913133748403238
0.913133748403238
0.913133748403238
0.913133748403238
0.913133748403238
0.913133748403238
0.913133748403238
0.913133748403238
0.913133748403238
0.913961471969434
0.913961471969434
0.913961471969434
0.913133748403238
0.913961471969434
0.913961471969434
0.913961471969434
0.913961471969434
0.913961471969434
0.913961471969434
0.913961471969434
0.913961471969434
0.913961471969434
0.913961471969434
0.913961471969434
0.913961471969434
0.913961471969434
0.913961471969434
0.913961471969434
0.913961471969434
0.913961471969434
0.913961471969434
0.913961471969434
0.913961471969434
0.913961471969434
0.913961471969434
0.913961471969434
0.913961471969434
0.913961471969434
0.913961471969434
0.913961471969434
0.913961471969434
0.913961471969434
0.913961471969434
0.913961471969434
0.913961471969434
0.913961471969434
0.913961471969434
0.913961471969434
0.913961471969434
0.913961471969434
0.913961471969434
0.913961471969434
0.913964705264614
0.913964705264614
0.913964705264614
0.913964705264614
0.913964705264614
0.913964705264614
0.913964705264614
0.913964705264614