0.0527305851023041
0.0527305851023041
0.0527305851023041
0.0527305851023041
0.0527305851023041
0.0527305851023041
0.0527305851023041
0.0527305851023041
0.0527305851023041
0.0527305851023041
0.0527305851023041
0.0527338207828001
0.0527338207828001
0.0527338207828001
0.0527338207828001
0.0527338207828001
0.0527338207828001
0.0527338207828001
0.0527338207828001
0.0527338207828001
0.0527338207828001
0.0527338207828001
0.0527338207828001
0.0527338207828001
0.0527338207828001
0.0527338207828001
0.0527338207828001
0.0527338207828001
0.0527338207828001
0.0527338207828001
0.0527401029985748
0.0527294131129278
0.0527294131129278
0.0527197132273864
0.0527197132273864
0.0527197132273864
0.0527197132273864
0.0527197132273864
0.0527197132273864
0.0527197132273864
0.0527197132273864
0.0527197132273864
0.0527197132273864
0.0527197132273864
0.0527197132273864
0.0527197132273864
0.0527197132273864
0.0527197132273864
0.0527197132273864
0.0527197132273864
0.0527197132273864
0.0527197132273864
0.0527197132273864
0.0527197132273864
0.0527197132273864
0.0527197132273864
0.0527197132273864
0.0527197132273864
0.0527197132273864
0.0527197132273864
0.0527197132273864
0.0527197132273864
0.0527197132273864
0.0527197132273864
0.0527197132273864
0.0527197132273864
0.0527197132273864
0.0527197132273864
0.0527197132273864
0.0527197132273864
0.0527197132273864
0.0527197132273864
0.0527197132273864
0.0527197132273864
0.0527197132273864
0.0527197132273864
0.0527197132273864
0.0527197132273864
0.0527197132273864
0.0527197132273864
0.0527197132273864
0.0527197132273864
0.0527197132273864
0.0527197132273864
0.0527197132273864
0.0527197132273864
0.0527197132273864
0.0527197132273864
0.052716479932206
0.052716479932206
0.052716479932206
0.052716479932206
0.052716479932206
0.052716479932206
0.052716479932206
0.052716479932206