0.00252005532424466
0.00252005532424466
0.00252005532424466
0.00252005532424466
0.00252005532424466
0.00252005532424466
0.00252005532424466
0.00252005532424466
0.00252005532424466
0.00252005532424466
0.00252005532424466
0.00252005532424466
0.00252005532424466
0.00252005532424466
0.00252005532424466
0.00252005532424466
0.00252005532424466
0.00252005532424466
0.00252005532424466
0.00252005532424466
0.00252005532424466
0.00252005532424466
0.00252005532424466
0.00252005532424466
0.00252005532424466
0.00252005532424466
0.00252005532424466
0.00252005532424466
0.00252005532424466
0.00252005532424466
0.00251034828275677
0.00253497736048479
0.00252527747494344
0.00251881088458254
0.00251881088458254
0.00251881088458254
0.00251881088458254
0.00251881088458254
0.00251881088458254
0.00251881088458254
0.00251881088458254
0.00251881088458254
0.00251881088458254
0.00251881088458254
0.00251881088458254
0.00251881088458254
0.00251881088458254
0.00251881088458254
0.00251881088458254
0.00251881088458254
0.00251881088458254
0.00251881088458254
0.00251881088458254
0.00251881088458254
0.00251881088458254
0.00251881088458254
0.00251881088458254
0.00251881088458254
0.00251881088458254
0.00251881088458254
0.00251881088458254
0.00251881088458254
0.00251881088458254
0.00251881088458254
0.00251881088458254
0.00251881088458254
0.00251881088458254
0.00251881088458254
0.00251881088458254
0.00251881088458254
0.00251881088458254
0.00251881088458254
0.00251881088458254
0.00251881088458254
0.00251881088458254
0.00251881088458254
0.00251881088458254
0.00251881088458254
0.00251881088458254
0.00251881088458254
0.00251881088458254
0.00251881088458254
0.00251881088458254
0.00251881088458254
0.00251881088458254
0.00251881088458254
0.00251881088458254
0.00251881088458254
0.00251881088458254
0.00251881088458254
0.00251881088458254
0.00251881088458254
0.00251881088458254
0.00251881088458254
0.00251881088458254
0.00251881088458254