0.196000957854406
0.196000957854406
0.196000957854406
0.196000957854406
0.197437739463602
0.196000957854406
0.196000957854406
0.190972222222222
0.194564176245211
0.194564176245211
0.194564176245211
0.194564176245211
0.194564176245211
0.194564176245211
0.194564176245211
0.194564176245211
0.194564176245211
0.194564176245211
0.194564176245211
0.194564176245211
0.194564176245211
0.194564176245211
0.201748084291188
0.201748084291188
0.201748084291188
0.205340038314176
0.205340038314176
0.205340038314176
0.201748084291188
0.205340038314176
0.205340038314176
0.205340038314176
0.205340038314176
0.205340038314176
0.205340038314176
0.205340038314176
0.205340038314176
0.205340038314176
0.205340038314176
0.205340038314176
0.205340038314176
0.205340038314176
0.205340038314176
0.205340038314176
0.201748084291188
0.201748084291188
0.201748084291188
0.205340038314176
0.205340038314176
0.205340038314176
0.205340038314176
0.205340038314176
0.205340038314176
0.205340038314176
0.205340038314176
0.205340038314176
0.205340038314176
0.205340038314176
0.205340038314176
0.205340038314176
0.205340038314176
0.205340038314176
0.201748084291188
0.208931992337165
0.208931992337165
0.20612684729064
0.20612684729064
0.203390120415982
0.20612684729064
0.20612684729064
0.20612684729064
0.20612684729064
0.20612684729064
0.20612684729064
0.20612684729064
0.20612684729064
0.20612684729064
0.20612684729064
0.20612684729064
0.20612684729064
0.20612684729064
0.20612684729064
0.20612684729064
0.20612684729064
0.20612684729064
0.20612684729064
0.20612684729064
0.20612684729064
0.20612684729064
0.20612684729064
0.20612684729064
0.20612684729064
0.20612684729064
0.20612684729064
0.20612684729064
0.20612684729064
