0.000718390804597701
0.000718390804597701
0.000718390804597701
0.000718390804597701
0.000718390804597701
0.000718390804597701
0.000718390804597701
0.000718390804597701
0.000718390804597701
0.000718390804597701
0.000718390804597701
0.000718390804597701
0.000718390804597701
0.000718390804597701
0.000718390804597701
0.000718390804597701
0.000718390804597701
0.000718390804597701
0.000718390804597701
0.000718390804597701
0.000718390804597701
0.000718390804597701
0.000718390804597701
0.000718390804597701
0.000718390804597701
0.000718390804597701
0.000718390804597701
0.000718390804597701
0.000718390804597701
0.000718390804597701
0.000718390804597701
0.000718390804597701
0.000718390804597701
0.000718390804597701
0.000718390804597701
0.000718390804597701
0.000718390804597701
0.000718390804597701
0.000718390804597701
0.000718390804597701
0.000718390804597701
0.000718390804597701
0.000718390804597701
0.000718390804597701
0.000718390804597701
0.000718390804597701
0.000718390804597701
0.000718390804597701
0.000718390804597701
0.000718390804597701
0.000718390804597701
0.000718390804597701
0.000718390804597701
0.000718390804597701
0.000718390804597701
0.000718390804597701
0.000718390804597701
0.000718390804597701
0.000718390804597701
0.000718390804597701
0.000718390804597701
0.000718390804597701
0.000718390804597701
0.000718390804597701
0.000718390804597701
0.000718390804597701
0.000718390804597701
0.000718390804597701
0.000718390804597701
0.000718390804597701
0.000718390804597701
0.000718390804597701
0.000718390804597701
0.000718390804597701
0.000718390804597701
0.000718390804597701
0.000718390804597701
0.000718390804597701
0.000718390804597701
0.000718390804597701
0.000718390804597701
0.000718390804597701
0.000718390804597701
0.000718390804597701
0.000718390804597701
0.000718390804597701
0.000718390804597701
0.000718390804597701
0.000718390804597701
0.000718390804597701
0.000718390804597701
0.000718390804597701
0.000718390804597701
0.000718390804597701
0.000718390804597701
0.000718390804597701
