0.0619013409961686
0.0619013409961686
0.0619013409961686
0.0619013409961686
0.0619013409961686
0.0619013409961686
0.0619013409961686
0.0619013409961686
0.0619013409961686
0.0619013409961686
0.0619013409961686
0.0619013409961686
0.0619013409961686
0.0619013409961686
0.0619013409961686
0.0619013409961686
0.0619013409961686
0.0619013409961686
0.0619013409961686
0.0619013409961686
0.0619013409961686
0.0619013409961686
0.0619013409961686
0.0619013409961686
0.0619013409961686
0.0619013409961686
0.0619013409961686
0.0619013409961686
0.0619013409961686
0.0619013409961686
0.0619013409961686
0.0638170498084291
0.0638170498084291
0.0638170498084291
0.0638170498084291
0.0638170498084291
0.0638170498084291
0.0638170498084291
0.0638170498084291
0.0638170498084291
0.0638170498084291
0.0638170498084291
0.0638170498084291
0.0638170498084291
0.0638170498084291
0.0587883141762452
0.0638170498084291
0.0638170498084291
0.0638170498084291
0.0638170498084291
0.0638170498084291
0.0638170498084291
0.0638170498084291
0.0638170498084291
0.0638170498084291
0.0638170498084291
0.0638170498084291
0.0638170498084291
0.0638170498084291
0.0638170498084291
0.0638170498084291
0.0638170498084291
0.0638170498084291
0.0638170498084291
0.0638170498084291
0.0638170498084291
0.0638170498084291
0.0638170498084291
0.0638170498084291
0.0638170498084291
0.0638170498084291
0.0638170498084291
0.0638170498084291
0.0638170498084291
0.0638170498084291
0.0638170498084291
0.0638170498084291
0.0638170498084291
0.0638170498084291
0.0638170498084291
0.0638170498084291
0.0638170498084291
0.0638170498084291
0.0638170498084291
0.0638170498084291
0.0638170498084291
0.0638170498084291
0.0638170498084291
0.0638170498084291
0.0638170498084291
0.0638170498084291
0.0638170498084291
0.0638170498084291
0.0638170498084291
0.0638170498084291
0.0638170498084291
