0.676604406130268
0.676604406130268
0.676604406130268
0.676604406130268
0.676604406130268
0.676604406130268
0.676604406130268
0.680196360153257
0.676604406130268
0.676604406130268
0.676604406130268
0.676604406130268
0.676604406130268
0.676604406130268
0.676604406130268
0.676604406130268
0.676604406130268
0.676604406130268
0.676604406130268
0.676604406130268
0.676604406130268
0.676604406130268
0.676604406130268
0.676604406130268
0.676604406130268
0.676604406130268
0.676604406130268
0.676604406130268
0.680196360153257
0.676604406130268
0.676604406130268
0.677083333333333
0.677083333333333
0.677083333333333
0.677083333333333
0.677083333333333
0.677083333333333
0.677083333333333
0.677083333333333
0.677083333333333
0.677083333333333
0.677083333333333
0.677083333333333
0.677083333333333
0.680675287356322
0.678520114942529
0.680675287356322
0.677083333333333
0.677083333333333
0.677083333333333
0.677083333333333
0.672772988505747
0.672772988505747
0.677083333333333
0.677083333333333
0.677083333333333
0.677083333333333
0.677083333333333
0.677083333333333
0.677083333333333
0.677083333333333
0.677083333333333
0.680675287356322
0.677083333333333
0.677083333333333
0.676364942528736
0.676364942528736
0.679392446633826
0.676724137931034
0.676724137931034
0.676364942528736
0.676364942528736
0.676364942528736
0.676364942528736
0.676364942528736
0.676364942528736
0.676364942528736
0.676364942528736
0.676364942528736
0.676364942528736
0.676364942528736
0.676364942528736
0.676364942528736
0.676364942528736
0.676364942528736
0.676364942528736
0.676364942528736
0.676364942528736
0.676364942528736
0.676364942528736
0.676364942528736
0.676364942528736
0.676364942528736
0.676364942528736
0.676364942528736
0.676364942528736
