0.0158045977011494
0.0158045977011494
0.0158045977011494
0.0158045977011494
0.0158045977011494
0.0158045977011494
0.0158045977011494
0.0158045977011494
0.0158045977011494
0.0158045977011494
0.0158045977011494
0.0158045977011494
0.0158045977011494
0.0158045977011494
0.0158045977011494
0.0158045977011494
0.0158045977011494
0.0158045977011494
0.0158045977011494
0.0158045977011494
0.0158045977011494
0.0158045977011494
0.0114942528735632
0.0114942528735632
0.0114942528735632
0.00933908045977012
0.00933908045977012
0.00933908045977012
0.00933908045977012
0.00933908045977012
0.00933908045977012
0.00933908045977012
0.00933908045977012
0.00933908045977012
0.00933908045977012
0.00933908045977012
0.00933908045977012
0.00933908045977012
0.00933908045977012
0.00933908045977012
0.00933908045977012
0.00933908045977012
0.00933908045977012
0.00933908045977012
0.00933908045977012
0.00933908045977012
0.00933908045977012
0.00933908045977012
0.00933908045977012
0.00933908045977012
0.00933908045977012
0.00933908045977012
0.00933908045977012
0.00933908045977012
0.00933908045977012
0.00933908045977012
0.00933908045977012
0.00933908045977012
0.00933908045977012
0.00933908045977012
0.00933908045977012
0.00933908045977012
0.00933908045977012
0.00933908045977012
0.00933908045977012
0.00933908045977012
0.00933908045977012
0.00933908045977012
0.00933908045977012
0.00933908045977012
0.00933908045977012
0.00933908045977012
0.00933908045977012
0.00933908045977012
0.00933908045977012
0.00933908045977012
0.00933908045977012
0.00933908045977012
0.00933908045977012
0.00933908045977012
0.00933908045977012
0.00933908045977012
0.00933908045977012
0.00933908045977012
0.00933908045977012
0.00933908045977012
0.00933908045977012
0.00933908045977012
0.00933908045977012
0.00933908045977012
0.00933908045977012
0.00933908045977012
0.00933908045977012
0.00933908045977012
0.00933908045977012
0.00933908045977012
