0.0434626436781609
0.0434626436781609
0.0434626436781609
0.0434626436781609
0.0434626436781609
0.0434626436781609
0.0434626436781609
0.0434626436781609
0.0434626436781609
0.0434626436781609
0.0434626436781609
0.0434626436781609
0.0434626436781609
0.0434626436781609
0.0434626436781609
0.0434626436781609
0.0434626436781609
0.0434626436781609
0.0434626436781609
0.0434626436781609
0.0434626436781609
0.0434626436781609
0.0434626436781609
0.0434626436781609
0.0434626436781609
0.0434626436781609
0.0434626436781609
0.0434626436781609
0.0434626436781609
0.0434626436781609
0.0434626436781609
0.0433828224776501
0.0433828224776501
0.0433828224776501
0.0433828224776501
0.0433828224776501
0.0433828224776501
0.0433828224776501
0.0433828224776501
0.0433828224776501
0.0433828224776501
0.0433828224776501
0.0433828224776501
0.0433828224776501
0.0433828224776501
0.0433828224776501
0.0433828224776501
0.0433828224776501
0.0433828224776501
0.0433828224776501
0.0433828224776501
0.0441012132822478
0.0441012132822478
0.0433828224776501
0.0433828224776501
0.0433828224776501
0.0433828224776501
0.0433828224776501
0.0433828224776501
0.0433828224776501
0.0433828224776501
0.0433828224776501
0.0433828224776501
0.0433828224776501
0.0433828224776501
0.0433828224776501
0.0433828224776501
0.0430236270753512
0.0430236270753512
0.0430236270753512
0.0433828224776501
0.0433828224776501
0.0433828224776501
0.0433828224776501
0.0433828224776501
0.0433828224776501
0.0433828224776501
0.0433828224776501
0.0433828224776501
0.0433828224776501
0.0433828224776501
0.0433828224776501
0.0433828224776501
0.0433828224776501
0.0433828224776501
0.0433828224776501
0.0433828224776501
0.0433828224776501
0.0433828224776501
0.0433828224776501
0.0433828224776501
0.0433828224776501
0.0433828224776501
0.0433828224776501
0.0433828224776501
0.0433828224776501
