0.0520833333333333
0.0520833333333333
0.0520833333333333
0.0520833333333333
0.0520833333333333
0.0520833333333333
0.0520833333333333
0.0520833333333333
0.0520833333333333
0.0520833333333333
0.0520833333333333
0.0520833333333333
0.0520833333333333
0.0520833333333333
0.0520833333333333
0.0520833333333333
0.0520833333333333
0.0520833333333333
0.0520833333333333
0.0520833333333333
0.0520833333333333
0.0520833333333333
0.0520833333333333
0.0520833333333333
0.0520833333333333
0.0520833333333333
0.0520833333333333
0.0520833333333333
0.0520833333333333
0.0520833333333333
0.0520833333333333
0.0520833333333333
0.0520833333333333
0.0520833333333333
0.0520833333333333
0.0520833333333333
0.0520833333333333
0.0520833333333333
0.0520833333333333
0.0520833333333333
0.0520833333333333
0.0520833333333333
0.0520833333333333
0.0520833333333333
0.0520833333333333
0.0520833333333333
0.0520833333333333
0.0520833333333333
0.0520833333333333
0.0520833333333333
0.0520833333333333
0.0520833333333333
0.0520833333333333
0.0520833333333333
0.0520833333333333
0.0520833333333333
0.0520833333333333
0.0520833333333333
0.0520833333333333
0.0520833333333333
0.0520833333333333
0.0520833333333333
0.0520833333333333
0.0520833333333333
0.0520833333333333
0.0520833333333333
0.0520833333333333
0.0520833333333333
0.0520833333333333
0.0520833333333333
0.0520833333333333
0.0520833333333333
0.0520833333333333
0.0520833333333333
0.0520833333333333
0.0520833333333333
0.0520833333333333
0.0520833333333333
0.0520833333333333
0.046875
0.046875
0.046875
0.046875
0.046875
0.046875
0.046875
0.0520833333333333
0.0520833333333333
0.0520833333333333
0.0520833333333333
0.0520833333333333
0.0520833333333333
0.0520833333333333
0.0520833333333333
0.0520833333333333
0.0520833333333333