0.992903904606032
0.992903904606032
0.992903904606032
0.992903904606032
0.992903904606032
0.992903904606032
0.992903904606032
0.992903904606032
0.992903904606032
0.992903904606032
0.992903904606032
0.992903904606032
0.992903904606032
0.992903904606032
0.992903904606032
0.992903904606032
0.992903904606032
0.992903904606032
0.992903904606032
0.992903904606032
0.992903904606032
0.992903904606032
0.992903904606032
0.992903904606032
0.992903904606032
0.992903904606032
0.992903904606032
0.992903904606032
0.992903904606032
0.992903904606032
0.992903904606032
0.992903904606032
0.992903904606032
0.992903904606032
0.992903904606032
0.992903904606032
0.992903904606032
0.992903904606032
0.992903904606032
0.992903904606032
0.992903904606032
0.992903904606032
0.992903904606032
0.992903904606032
0.992903904606032
0.992903904606032
0.992903904606032
0.992903904606032
0.992903904606032
0.992903904606032
0.992903904606032
0.992903904606032
0.992903904606032
0.992903904606032
0.992903904606032
0.992903904606032
0.992903904606032
0.992903904606032
0.992903904606032
0.992903904606032
0.992903904606032
0.992903904606032
0.992903904606032
0.992903904606032
0.992903904606032
0.992903904606032
0.992903904606032
0.992903904606032
0.992903904606032
0.992903904606032
0.992903904606032
0.992903904606032
0.992903904606032
0.992903904606032
0.992903904606032
0.992903904606032
0.992903904606032
1.0
0.992934957679474
0.992934957679474
0.992934957679474
0.992934957679474
0.992934957679474
0.992934957679474
0.992934957679474
0.992934957679474
0.992934957679474
0.992934957679474
0.992934957679474
0.992934957679474
0.992934957679474
0.992934957679474
0.992934957679474
0.992934957679474
0.992934957679474
0.992934957679474