0.0
0.0
0.0
0.0
0.0
0.0
0.0
0.0
0.0
0.0
0.0
0.0
0.0
0.0
0.0
0.0
0.0
0.0
0.0
0.0
0.0
0.0
0.0
0.0
0.0
0.0
0.0
0.0
0.0
0.0
0.0
0.0
0.0
0.0
0.0
0.0
0.0
0.0
0.0
0.0
0.0
0.0
0.0
0.0
0.0
0.0
0.0
0.0
0.0
0.0
0.0
0.0
0.0
0.0
0.0
0.0
0.0
0.0
0.0
0.0
0.0
0.0
0.0
0.0
0.0
0.0
0.0
0.0
0.0
0.0
0.0
0.0
0.0
0.0
0.0
0.0
0.0
0.0
0.00673483685477912
0.00673483685477912
0.00173347778981582
0.00173347778981582
0.00173347778981582
0.00173347778981582
0.00173347778981582
0.00173347778981582
0.00173347778981582
0.00173347778981582
0.00173347778981582
0.00173347778981582
0.00173347778981582
0.00173347778981582
0.00173347778981582
0.00173347778981582
0.00173347778981582
0.00173347778981582