0.0127659574468085
0.0127659574468085
0.0127659574468085
0.0127659574468085
0.0127659574468085
0.0127659574468085
0.0127659574468085
0.0127659574468085
0.0127659574468085
0.0127659574468085
0.0127659574468085
0.0127659574468085
0.0127659574468085
0.0127659574468085
0.0127659574468085
0.0127659574468085
0.0127659574468085
0.0127659574468085
0.0127659574468085
0.0127659574468085
0.0127659574468085
0.0127659574468085
0.0127659574468085
0.0127659574468085
0.0127659574468085
0.0127659574468085
0.0127659574468085
0.0127659574468085
0.0127659574468085
0.0127659574468085
0.0127659574468085
0.0127659574468085
0.0127659574468085
0.0127659574468085
0.0127659574468085
0.0127659574468085
0.0127659574468085
0.0127659574468085
0.0127659574468085
0.0127659574468085
0.0127659574468085
0.0127659574468085
0.0127659574468085
0.0127659574468085
0.0127659574468085
0.0127659574468085
0.0127659574468085
0.0127659574468085
0.0127659574468085
0.0127659574468085
0.0127659574468085
0.0127659574468085
0.0127659574468085
0.0127659574468085
0.0127659574468085
0.0127659574468085
0.0127659574468085
0.0127659574468085
0.0127659574468085
0.0127659574468085
0.0127659574468085
0.0127659574468085
0.0127659574468085
0.0127659574468085
0.0127659574468085
0.0127659574468085
0.0127659574468085
0.0127659574468085
0.0127659574468085
0.0127659574468085
0.0127659574468085
0.0127659574468085
0.0127659574468085
0.0127659574468085
0.0127659574468085
0.0127659574468085
0.0127659574468085
0.0588537841455203
0.00778741503470387
0.00778741503470387
0.00704182492741164
0.00704182492741164
0.00715016728927513
0.00715016728927513
0.00715016728927513
0.00715016728927513
0.00715016728927513
0.00715016728927513
0.00715016728927513
0.00715016728927513
0.00715016728927513
0.00715016728927513
0.00715016728927513
0.00715016728927513
0.00715016728927513
0.00715016728927513