0.00709531603148624
0.00709531603148624
0.00709531603148624
0.00709531603148624
0.00709531603148624
0.00709531603148624
0.00709531603148624
0.00709531603148624
0.00709531603148624
0.00709531603148624
0.00709531603148624
0.00709531603148624
0.00709531603148624
0.00709531603148624
0.00709531603148624
0.00709531603148624
0.00709531603148624
0.00709531603148624
0.00709531603148624
0.00709531603148624
0.00709531603148624
0.00709531603148624
0.00709531603148624
0.00709531603148624
0.00709531603148624
0.00709531603148624
0.00709531603148624
0.00709531603148624
0.00709531603148624
0.00709531603148624
0.00709531603148624
0.00709531603148624
0.00709531603148624
0.00709531603148624
0.00709531603148624
0.00709531603148624
0.00709531603148624
0.00709531603148624
0.00709531603148624
0.00709531603148624
0.00709531603148624
0.00709531603148624
0.00709531603148624
0.00709531603148624
0.00709531603148624
0.00709531603148624
0.00709531603148624
0.00709531603148624
0.00709531603148624
0.00709531603148624
0.00709531603148624
0.00709531603148624
0.00709531603148624
0.00709531603148624
0.00709531603148624
0.00709531603148624
0.00709531603148624
0.00709531603148624
0.00709531603148624
0.00709531603148624
0.00709531603148624
0.00709531603148624
0.00709531603148624
0.00709531603148624
0.00709531603148624
0.00709531603148624
0.00709531603148624
0.00709531603148624
0.00709531603148624
0.00709531603148624
0.00709531603148624
0.00709531603148624
0.00709531603148624
0.00709531603148624
0.00709531603148624
0.00709531603148624
0.00709531603148624
0.0
0.00706504232052574
0.00706504232052574
0.00706504232052574
0.00706504232052574
0.00706504232052574
0.00706504232052574
0.00706504232052574
0.00706504232052574
0.00706504232052574
0.00706504232052574
0.00706504232052574
0.00706504232052574
0.00706504232052574
0.00706504232052574
0.00706504232052574
0.00706504232052574
0.00706504232052574
0.00706504232052574