0.0213178294573643
0.0213178294573643
0.0213178294573643
0.0213178294573643
0.0213178294573643
0.0213178294573643
0.0213178294573643
0.0213178294573643
0.0213178294573643
0.0213178294573643
0.0213178294573643
0.0213178294573643
0.0213178294573643
0.0213178294573643
0.0213178294573643
0.0213178294573643
0.0213178294573643
0.0213178294573643
0.0213178294573643
0.0213178294573643
0.0213178294573643
0.0213178294573643
0.0213178294573643
0.0213178294573643
0.0213178294573643
0.0213178294573643
0.0213178294573643
0.0213178294573643
0.0213178294573643
0.0213178294573643
0.0213178294573643
0.0213178294573643
0.0213178294573643
0.0213178294573643
0.0213178294573643
0.0213178294573643
0.0213178294573643
0.0213178294573643
0.0213178294573643
0.0213178294573643
0.0213178294573643
0.0213178294573643
0.0213178294573643
0.0213178294573643
0.0213178294573643
0.0213178294573643
0.0213178294573643
0.0213178294573643
0.0213178294573643
0.0213178294573643
0.0213178294573643
0.0213178294573643
0.0213178294573643
0.0213178294573643
0.0213178294573643
0.0213178294573643
0.0213178294573643
0.0213178294573643
0.0213178294573643
0.0213178294573643
0.0213178294573643
0.0213178294573643
0.0213178294573643
0.0213178294573643
0.0213178294573643
0.0213178294573643
0.0213178294573643
0.0213178294573643
0.0213178294573643
0.0213178294573643
0.0213178294573643
0.0213178294573643
0.0213178294573643
0.0213178294573643
0.0213178294573643
0.0213178294573643
0.0213178294573643
0.0213178294573643
0.0213178294573643
0.0213178294573643
0.0213178294573643
0.0213178294573643
0.0213178294573643
0.0213178294573643
0.0213178294573643
0.0213178294573643
0.0213178294573643
0.0213178294573643
0.0213178294573643
0.0213178294573643
0.0213178294573643
0.0213178294573643
0.0213178294573643
0.0213178294573643
0.0213178294573643
0.0213178294573643
