0.763565891472868
0.763565891472868
0.763565891472868
0.763565891472868
0.763565891472868
0.763565891472868
0.763565891472868
0.763565891472868
0.763565891472868
0.763565891472868
0.763565891472868
0.763565891472868
0.763565891472868
0.763565891472868
0.763565891472868
0.763565891472868
0.763565891472868
0.763565891472868
0.763565891472868
0.763565891472868
0.763565891472868
0.763565891472868
0.763565891472868
0.763565891472868
0.763565891472868
0.763565891472868
0.763565891472868
0.763565891472868
0.763565891472868
0.763565891472868
0.763565891472868
0.763565891472868
0.763565891472868
0.763565891472868
0.763565891472868
0.763565891472868
0.763565891472868
0.763565891472868
0.763565891472868
0.763565891472868
0.763565891472868
0.763565891472868
0.763565891472868
0.763565891472868
0.763565891472868
0.763565891472868
0.763565891472868
0.763565891472868
0.763565891472868
0.763565891472868
0.763565891472868
0.763565891472868
0.763565891472868
0.763565891472868
0.763565891472868
0.763565891472868
0.763565891472868
0.763565891472868
0.763565891472868
0.763565891472868
0.763565891472868
0.763565891472868
0.763565891472868
0.763565891472868
0.763565891472868
0.763565891472868
0.763565891472868
0.763565891472868
0.763565891472868
0.763565891472868
0.763565891472868
0.763565891472868
0.763565891472868
0.763565891472868
0.763565891472868
0.763565891472868
0.763565891472868
0.763565891472868
0.763565891472868
0.763565891472868
0.763565891472868
0.763565891472868
0.763565891472868
0.763565891472868
0.763565891472868
0.763565891472868
0.763565891472868
0.763565891472868
0.763565891472868
0.763565891472868
0.763565891472868
0.763565891472868
0.763565891472868
0.763565891472868
0.763565891472868
0.763565891472868
