0.0185924369747899
0.0185924369747899
0.0185924369747899
0.0185924369747899
0.0185924369747899
0.0185924369747899
0.0185924369747899
0.0185924369747899
0.0185924369747899
0.0185924369747899
0.0185924369747899
0.0185924369747899
0.0185924369747899
0.0185924369747899
0.0185924369747899
0.0185924369747899
0.0185924369747899
0.0185924369747899
0.0185924369747899
0.0185924369747899
0.0185924369747899
0.0185924369747899
0.0185924369747899
0.0185924369747899
0.0185924369747899
0.0185924369747899
0.0185924369747899
0.0185924369747899
0.0185924369747899
0.0185924369747899
0.0185924369747899
0.0185924369747899
0.0185924369747899
0.0185924369747899
0.0185924369747899
0.0185924369747899
0.0185924369747899
0.0185924369747899
0.0185924369747899
0.0185924369747899
0.0185924369747899
0.0185924369747899
0.0185924369747899
0.0185924369747899
0.0185924369747899
0.0185924369747899
0.0185924369747899
0.0185924369747899
0.0185924369747899
0.0185924369747899
0.0185924369747899
0.0185924369747899
0.0185924369747899
0.0185924369747899
0.0185924369747899
0.0185924369747899
0.0185924369747899
0.0185924369747899
0.0185924369747899
0.0185924369747899
0.0185924369747899
0.0185924369747899
0.0185924369747899
0.0186974789915966
0.0186974789915966
0.0185924369747899
0.0185924369747899
0.0185924369747899
0.0185924369747899
0.0185924369747899
0.0185924369747899
0.0185924369747899
0.0185924369747899
0.0185924369747899
0.0185924369747899
0.0185924369747899
0.0185924369747899
0.0185924369747899
0.0185924369747899
0.0185924369747899
0.0185924369747899
0.0185924369747899
0.0185924369747899
0.0185924369747899
0.0185924369747899
0.0185924369747899
0.0185924369747899
0.0185924369747899
0.0185924369747899
0.0185924369747899
0.0185924369747899
0.0185924369747899
0.0185924369747899
0.0185924369747899
0.0185924369747899
0.0185924369747899
