0.621167520262543
0.621167520262543
0.621167520262543
0.621167520262543
0.621167520262543
0.621167520262543
0.621167520262543
0.621167520262543
0.621167520262543
0.621167520262543
0.621167520262543
0.621167520262543
0.621167520262543
0.621167520262543
0.621167520262543
0.619066679926408
0.619486847993635
0.621167520262543
0.621167520262543
0.621167520262543
0.619486847993635
0.621167520262543
0.619066679926408
0.621167520262543
0.621167520262543
0.621167520262543
0.621167520262543
0.621167520262543
0.619486847993635
0.621167520262543
0.621167520262543
0.621167520262543
0.621167520262543
0.621167520262543
0.621167520262543
0.629465839590274
0.625289291670493
0.625289291670493
0.625289291670493
0.625289291670493
0.625289291670493
0.625289291670493
0.625289291670493
0.625289291670493
0.625289291670493
0.625289291670493
0.625289291670493
0.625289291670493
0.625289291670493
0.625289291670493
0.625289291670493
0.625289291670493
0.625289291670493
0.625289291670493
0.625289291670493
0.625289291670493
0.623188451334358
0.625289291670493
0.625289291670493
0.625289291670493
0.625289291670493
0.625289291670493
0.625390033721699
0.625284991704892
0.625284991704892
0.625390033721699
0.625390033721699
0.625390033721699
0.625390033721699
0.625390033721699
0.625390033721699
0.625390033721699
0.625390033721699
0.625390033721699
0.625390033721699
0.625390033721699
0.625390033721699
0.625390033721699
0.625390033721699
0.625390033721699
0.625390033721699
0.625390033721699
0.625390033721699
0.625390033721699
0.625390033721699
0.623289193385565
0.625390033721699
0.625390033721699
0.625390033721699
0.625390033721699
0.623289193385565
0.623289193385565
0.623289193385565
0.623289193385565
0.623289193385565
0.623289193385565
