0.260010822510823
0.260010822510823
0.243235930735931
0.243235930735931
0.243235930735931
0.243235930735931
0.243235930735931
0.243235930735931
0.243235930735931
0.243235930735931
0.243235930735931
0.243235930735931
0.243235930735931
0.243235930735931
0.243235930735931
0.243235930735931
0.243235930735931
0.243235930735931
0.243235930735931
0.243235930735931
0.243235930735931
0.243235930735931
0.243235930735931
0.243235930735931
0.243235930735931
0.243235930735931
0.243235930735931
0.243235930735931
0.243235930735931
0.243235930735931
0.243235930735931
0.243235930735931
0.243235930735931
0.243235930735931
0.243235930735931
0.243235930735931
0.243235930735931
0.243235930735931
0.243235930735931
0.243235930735931
0.243235930735931
0.243235930735931
0.243235930735931
0.243235930735931
0.243235930735931
0.243235930735931
0.243235930735931
0.243235930735931
0.243235930735931
0.243235930735931
0.243235930735931
0.243235930735931
0.243235930735931
0.243235930735931
0.243235930735931
0.243235930735931
0.243235930735931
0.243235930735931
0.243235930735931
0.243235930735931
0.243235930735931
0.243235930735931
0.243235930735931
0.243235930735931
0.243235930735931
0.243235930735931
0.243235930735931
0.243235930735931
0.243235930735931
0.243235930735931
0.243235930735931
0.243235930735931
0.243235930735931
0.243235930735931
0.243235930735931
0.243235930735931
0.243235930735931
0.243235930735931
0.243235930735931
0.243235930735931
0.243235930735931
0.243235930735931
0.243235930735931
0.243235930735931
0.243235930735931
0.243235930735931
0.243235930735931
0.243235930735931
0.243235930735931
0.243235930735931
0.243235930735931
0.243235930735931
0.243235930735931
0.243235930735931
0.243235930735931
0.243235930735931