0.200757575757576
0.200757575757576
0.217532467532468
0.217532467532468
0.217532467532468
0.217532467532468
0.217532467532468
0.217532467532468
0.217532467532468
0.217532467532468
0.217532467532468
0.217532467532468
0.217532467532468
0.217532467532468
0.217532467532468
0.217532467532468
0.217532467532468
0.217532467532468
0.217532467532468
0.217532467532468
0.217532467532468
0.217532467532468
0.217532467532468
0.217532467532468
0.217532467532468
0.217532467532468
0.217532467532468
0.217532467532468
0.217532467532468
0.217532467532468
0.217532467532468
0.217532467532468
0.217532467532468
0.217532467532468
0.217532467532468
0.217532467532468
0.217532467532468
0.217532467532468
0.217532467532468
0.217532467532468
0.217532467532468
0.217532467532468
0.217532467532468
0.217532467532468
0.217532467532468
0.217532467532468
0.217532467532468
0.217532467532468
0.217532467532468
0.217532467532468
0.217532467532468
0.217532467532468
0.217532467532468
0.217532467532468
0.217532467532468
0.217532467532468
0.217532467532468
0.217532467532468
0.217532467532468
0.217532467532468
0.217532467532468
0.217532467532468
0.217532467532468
0.217532467532468
0.217532467532468
0.217532467532468
0.217532467532468
0.217532467532468
0.217532467532468
0.217532467532468
0.217532467532468
0.217532467532468
0.217532467532468
0.217532467532468
0.217532467532468
0.217532467532468
0.217532467532468
0.217532467532468
0.217532467532468
0.217532467532468
0.217532467532468
0.217532467532468
0.217532467532468
0.217532467532468
0.217532467532468
0.217532467532468
0.217532467532468
0.217532467532468
0.217532467532468
0.217532467532468
0.217532467532468
0.217532467532468
0.217532467532468
0.217532467532468
0.217532467532468
0.217532467532468