0.146484375
0.3388671875
0.3388671875
0.3388671875
0.3701171875
0.3701171875
0.3701171875
0.3701171875
0.3701171875
0.3701171875
0.3701171875
0.3701171875
0.3701171875
0.3701171875
0.3701171875
0.3701171875
0.3701171875
0.3701171875
0.3701171875
0.3701171875
0.477864583333333
0.3623046875
0.3623046875
0.3623046875
0.3623046875
0.3701171875
0.3701171875
0.3701171875
0.3701171875
0.3701171875
0.3701171875
0.3701171875
0.3701171875
0.3701171875
0.3701171875
0.3701171875
0.3701171875
0.3701171875
0.3701171875
0.3701171875
0.3701171875
0.3701171875
0.3701171875
0.3701171875
0.3701171875
0.3701171875
0.3701171875
0.3701171875
0.3701171875
0.3701171875
0.3701171875
0.3701171875
0.3701171875
0.3701171875
0.3701171875
0.3701171875
0.3701171875
0.3701171875
0.3701171875
0.3701171875
0.3701171875
0.3701171875
0.3701171875
0.3701171875
0.3701171875
0.3701171875
0.3701171875
0.3701171875
0.3701171875
0.3701171875
0.3701171875
0.3701171875
0.3701171875
0.3701171875
0.3701171875
0.3701171875
0.3701171875
0.3701171875
0.3701171875
0.3701171875
0.3701171875
0.3701171875
0.3701171875
0.3701171875
0.3701171875
0.3701171875
0.3701171875
0.3701171875
0.3701171875
0.3701171875
0.3701171875
0.3701171875
0.3701171875
0.3701171875
0.3701171875
0.3701171875