0.912109375
0.6611328125
0.6611328125
0.6611328125
0.6298828125
0.6298828125
0.6298828125
0.6298828125
0.6298828125
0.6298828125
0.6298828125
0.6298828125
0.6298828125
0.6298828125
0.6298828125
0.6298828125
0.6298828125
0.6298828125
0.6298828125
0.6298828125
0.506510416666667
0.6298828125
0.6298828125
0.6298828125
0.6298828125
0.6298828125
0.6298828125
0.6298828125
0.6298828125
0.6298828125
0.6298828125
0.6298828125
0.6298828125
0.6298828125
0.6298828125
0.6298828125
0.6298828125
0.6298828125
0.6298828125
0.6298828125
0.6298828125
0.6298828125
0.6298828125
0.6298828125
0.6298828125
0.6298828125
0.6298828125
0.6298828125
0.6298828125
0.6298828125
0.6298828125
0.6298828125
0.6298828125
0.6298828125
0.6298828125
0.6298828125
0.6298828125
0.6298828125
0.6298828125
0.6298828125
0.6298828125
0.6298828125
0.6298828125
0.6298828125
0.6298828125
0.6298828125
0.6298828125
0.6298828125
0.6298828125
0.6298828125
0.6298828125
0.6298828125
0.6298828125
0.6298828125
0.6298828125
0.6298828125
0.6298828125
0.6298828125
0.6298828125
0.6298828125
0.6298828125
0.6298828125
0.6298828125
0.6298828125
0.6298828125
0.6298828125
0.6298828125
0.6298828125
0.6298828125
0.6298828125
0.6298828125
0.6298828125
0.6298828125
0.6298828125
0.6298828125
0.6298828125
