0.146929824561404
0.146929824561404
0.146929824561404
0.146929824561404
0.146929824561404
0.146929824561404
0.146929824561404
0.146929824561404
0.146929824561404
0.146929824561404
0.146929824561404
0.146929824561404
0.146929824561404
0.146929824561404
0.146929824561404
0.146929824561404
0.146929824561404
0.146929824561404
0.146929824561404
0.146929824561404
0.146929824561404
0.146929824561404
0.146929824561404
0.146929824561404
0.146929824561404
0.146929824561404
0.146929824561404
0.146929824561404
0.146929824561404
0.146929824561404
0.146929824561404
0.146929824561404
0.146929824561404
0.146929824561404
0.146929824561404
0.146929824561404
0.146929824561404
0.146929824561404
0.146929824561404
0.146929824561404
0.146929824561404
0.146929824561404
0.146929824561404
0.146929824561404
0.146929824561404
0.146929824561404
0.146929824561404
0.146929824561404
0.146929824561404
0.146929824561404
0.146929824561404
0.146929824561404
0.146929824561404
0.146929824561404
0.146929824561404
0.146929824561404
0.146929824561404
0.146929824561404
0.150219298245614
0.150219298245614
0.150219298245614
0.150219298245614
0.150219298245614
0.150219298245614
0.150219298245614
0.150219298245614
0.150219298245614
0.150219298245614
0.150219298245614
0.150219298245614
0.150219298245614
0.150219298245614
0.150219298245614
0.150219298245614
0.150219298245614
0.150219298245614
0.150219298245614
0.150219298245614
0.150219298245614
0.150219298245614
0.150219298245614
0.150219298245614
0.150219298245614
0.150219298245614
0.148574561403509
0.150219298245614
0.150219298245614
0.150219298245614
0.150219298245614
0.150219298245614
0.150219298245614
0.150219298245614
0.150219298245614
0.150219298245614
0.150219298245614
0.150219298245614