0.0592105263157895
0.0592105263157895
0.0592105263157895
0.0592105263157895
0.0592105263157895
0.0592105263157895
0.0592105263157895
0.0592105263157895
0.0592105263157895
0.0592105263157895
0.0592105263157895
0.0592105263157895
0.0592105263157895
0.0592105263157895
0.0592105263157895
0.0592105263157895
0.0592105263157895
0.0592105263157895
0.0592105263157895
0.0592105263157895
0.0592105263157895
0.0592105263157895
0.0592105263157895
0.0592105263157895
0.0592105263157895
0.0592105263157895
0.0592105263157895
0.0592105263157895
0.0592105263157895
0.0592105263157895
0.0592105263157895
0.0592105263157895
0.0592105263157895
0.0592105263157895
0.0592105263157895
0.0592105263157895
0.0592105263157895
0.0592105263157895
0.0592105263157895
0.0592105263157895
0.0592105263157895
0.0592105263157895
0.0592105263157895
0.0592105263157895
0.0592105263157895
0.0592105263157895
0.0592105263157895
0.0592105263157895
0.0592105263157895
0.0592105263157895
0.0592105263157895
0.0592105263157895
0.0592105263157895
0.0592105263157895
0.0592105263157895
0.0592105263157895
0.0592105263157895
0.0592105263157895
0.0559210526315789
0.0559210526315789
0.0559210526315789
0.0559210526315789
0.0559210526315789
0.0559210526315789
0.0559210526315789
0.0559210526315789
0.0559210526315789
0.0559210526315789
0.0559210526315789
0.0559210526315789
0.0559210526315789
0.0559210526315789
0.0559210526315789
0.0559210526315789
0.0559210526315789
0.0559210526315789
0.0559210526315789
0.0559210526315789
0.0559210526315789
0.0559210526315789
0.0559210526315789
0.0559210526315789
0.0559210526315789
0.0559210526315789
0.0575657894736842
0.0559210526315789
0.0559210526315789
0.0559210526315789
0.0559210526315789
0.0559210526315789
0.0559210526315789
0.0559210526315789
0.0559210526315789
0.0559210526315789
0.0559210526315789
0.0559210526315789