0.0789473684210526
0.0789473684210526
0.0789473684210526
0.0789473684210526
0.0789473684210526
0.0789473684210526
0.0789473684210526
0.0789473684210526
0.0789473684210526
0.0789473684210526
0.0789473684210526
0.0789473684210526
0.0789473684210526
0.0789473684210526
0.0789473684210526
0.0789473684210526
0.0789473684210526
0.0789473684210526
0.0789473684210526
0.0789473684210526
0.0789473684210526
0.0789473684210526
0.0789473684210526
0.0789473684210526
0.0789473684210526
0.0789473684210526
0.0789473684210526
0.0789473684210526
0.0789473684210526
0.0789473684210526
0.0789473684210526
0.0789473684210526
0.0789473684210526
0.0789473684210526
0.0789473684210526
0.0789473684210526
0.0789473684210526
0.0789473684210526
0.0789473684210526
0.0789473684210526
0.0789473684210526
0.0789473684210526
0.0789473684210526
0.0789473684210526
0.0789473684210526
0.0789473684210526
0.0789473684210526
0.0789473684210526
0.0789473684210526
0.0789473684210526
0.0789473684210526
0.0789473684210526
0.0789473684210526
0.0789473684210526
0.0789473684210526
0.0789473684210526
0.0789473684210526
0.0789473684210526
0.0855263157894737
0.0855263157894737
0.0855263157894737
0.0855263157894737
0.0855263157894737
0.0855263157894737
0.0855263157894737
0.0855263157894737
0.0855263157894737
0.0855263157894737
0.0855263157894737
0.0855263157894737
0.0855263157894737
0.0855263157894737
0.0855263157894737
0.0855263157894737
0.0855263157894737
0.0855263157894737
0.0855263157894737
0.0855263157894737
0.0855263157894737
0.0855263157894737
0.0855263157894737
0.0855263157894737
0.0855263157894737
0.0855263157894737
0.0822368421052632
0.0855263157894737
0.0855263157894737
0.0855263157894737
0.0855263157894737
0.0855263157894737
0.0855263157894737
0.0855263157894737
0.0855263157894737
0.0855263157894737
0.0855263157894737
0.0855263157894737