0.381261488781688
0.381261488781688
0.381261488781688
0.381261488781688
0.381261488781688
0.381261488781688
0.381261488781688
0.381261488781688
0.381261488781688
0.381261488781688
0.381261488781688
0.381261488781688
0.381261488781688
0.381261488781688
0.381261488781688
0.381261488781688
0.381261488781688
0.381261488781688
0.381261488781688
0.381261488781688
0.381261488781688
0.381261488781688
0.381261488781688
0.381261488781688
0.381261488781688
0.381261488781688
0.381261488781688
0.381261488781688
0.381261488781688
0.381451441713881
0.381271590514076
0.381271590514076
0.395134394727202
0.381586399122655
0.381586399122655
0.381356212441257
0.381356212441257
0.381356212441257
0.380548680572843
0.380548680572843
0.380548680572843
0.380548680572843
0.380548680572843
0.380548680572843
0.380548680572843
0.380548680572843
0.380548680572843
0.380548680572843
0.380548680572843
0.380548680572843
0.380548680572843
0.380548680572843
0.381296254163382
0.380548680572843
0.380548680572843
0.380548680572843
0.380548680572843
0.380548680572843
0.380548680572843
0.380548680572843
0.380548680572843
0.380548680572843
0.380548680572843
0.380548680572843
0.380548680572843
0.380548680572843
0.380548680572843
0.380548680572843
0.380548680572843
0.380548680572843
0.380548680572843
0.380548680572843
0.380548680572843
0.380548680572843
0.380548680572843
0.380548680572843
0.380548680572843
0.380548680572843
0.380548680572843
0.380548680572843
0.380548680572843
0.380548680572843
0.380548680572843
0.380548680572843
0.380548680572843
0.380548680572843
0.380548680572843
0.380548680572843
0.380548680572843
0.380548680572843
0.380548680572843
0.380548680572843
0.380548680572843
0.380548680572843
0.380548680572843
0.380548680572843
0.380690646364201
0.380690646364201
0.380690646364201
0.380690646364201
0.380690646364201
0.380690646364201
0.380690646364201
0.380690646364201
0.380690646364201
0.380690646364201
0.380690646364201
0.380690646364201
0.380690646364201
0.380690646364201
0.380690646364201
0.380690646364201
0.380690646364201
0.380690646364201
0.380690646364201
0.380690646364201
0.380690646364201
0.380690646364201
0.380690646364201
0.380690646364201
0.380690646364201
0.380690646364201
0.380690646364201
0.380690646364201
0.380690646364201
0.380690646364201
0.380690646364201
0.380690646364201
0.380690646364201
0.380690646364201
0.380690646364201
0.380690646364201
0.380690646364201
0.380690646364201
0.380690646364201
0.380690646364201
0.380690646364201
0.380690646364201
0.380690646364201
0.380690646364201
0.380751882917986
0.380690646364201
0.380690646364201
0.380664750362544
0.380690646364201
0.380690646364201
0.380808668344801
0.380664750362544
0.380664750362544
0.380664750362544
0.380690646364201
0.380690646364201
0.380690646364201
0.380690646364201
0.380690646364201
0.380690646364201
0.380690646364201
0.380690646364201
0.380690646364201
0.380690646364201
0.380690646364201
0.380690646364201
0.380690646364201
0.380690646364201
0.380690646364201
0.380690646364201
0.380690646364201
0.380690646364201
0.380690646364201
0.380690646364201
0.380690646364201
0.380690646364201
0.381293532731062
0.381293532731062
0.381293532731062
0.381293532731062
0.381293532731062
0.381293532731062
0.381293532731062
0.381293532731062
0.381293532731062
0.381293532731062
0.381293532731062
0.381293532731062
0.381293532731062
0.381293532731062
0.434005756847545
0.392407829559833
0.392923728533076
0.381757655854111
0.381293532731062
0.381293532731062
0.381312150403978
0.381312150403978
0.381312150403978
0.381312150403978
0.382626372488088
0.382794696498861
0.382794696498861
0.382794696498861
0.382794696498861
0.382794696498861
0.382789561253655
0.382789561253655
0.382789561253655
0.382789561253655
0.382789561253655
0.382789561253655
0.382789561253655
0.382789561253655
0.382789561253655
0.382789561253655
0.382789561253655
0.382789561253655
0.382789561253655
0.382789561253655
0.382789561253655
0.382789561253655
0.382789561253655
0.382789561253655
0.382789561253655
0.382789561253655
0.382789561253655
0.382789561253655
0.382789561253655
0.382789561253655
0.382789561253655
0.382789561253655
0.382789561253655
0.382789561253655
0.382789561253655
0.382789561253655
0.382789561253655
0.381307015158772
0.383236390574573
0.381588495353778
0.381588495353778
0.381397651164573
0.381397651164573
0.381397651164573
0.38142354716623
0.38142354716623
0.38142354716623
0.381397651164573
0.381397651164573
0.381397651164573
0.381397651164573
0.381397651164573
0.381397651164573
0.381397651164573
0.381397651164573
0.381397651164573
0.381397651164573
0.381397651164573
0.381397651164573
0.382627146449195
0.381993259202692
0.381397651164573
0.381397651164573
0.381397651164573
0.381397651164573
0.381397651164573
0.381397651164573
0.381397651164573
0.381397651164573
0.381397651164573
0.381397651164573
0.381397651164573
0.381397651164573
0.381397651164573
0.381397651164573
0.381397651164573
0.381397651164573
0.381397651164573
0.381397651164573
0.381397651164573
0.381397651164573
0.381397651164573
0.381397651164573
0.381397651164573
0.381397651164573
0.381397651164573
0.381397651164573
0.381397651164573
0.381397651164573
0.381397651164573
0.381397651164573
0.381397651164573
0.381402786409778
0.381402786409778
0.381402786409778
0.381402786409778
0.381402786409778
0.381402786409778
0.381402786409778
0.381402786409778
0.381402786409778
0.381402786409778
0.381402786409778
0.381402786409778
0.381402786409778
0.381402786409778
0.381402786409778
0.381402786409778
0.381402786409778
0.381402786409778
0.396190425787255
0.381899453284283
0.381402786409778
0.381402786409778
0.381402786409778
0.381402786409778
0.381402786409778
0.381402786409778
0.381402786409778
0.381428682411436
0.381428682411436
0.381376890408121
0.381376890408121
0.381402786409778
0.381402786409778
0.381402786409778
0.381402786409778
0.381402786409778
0.381402786409778
0.380697120364616
0.381325098404806
0.381325098404806
0.381325098404806
0.381325098404806
0.381325098404806
0.381325098404806
0.381325098404806
0.381345859161258
0.381345859161258
0.381319963159601
0.381319963159601
0.381319963159601
0.381319963159601
0.381319963159601
0.381319963159601
0.381319963159601
0.381319963159601
0.381319963159601
0.381319963159601
0.381319963159601
0.381319963159601
0.381319963159601
0.381355303711728
0.381345859161258
0.381345859161258
0.381319963159601
0.381319963159601
0.381319963159601
0.381319963159601
0.381319963159601
0.381319963159601
0.381319963159601
0.381319963159601
0.381319963159601
0.381319963159601
0.381319963159601
0.381319963159601
0.381319963159601
0.381319963159601
0.381319963159601
0.381319963159601
0.381319963159601
0.381319963159601
0.381319963159601
0.381319963159601
0.381319963159601
0.381319963159601
0.381319963159601
0.381319963159601
0.381319963159601
0.381319963159601
0.381319963159601
0.381319963159601
0.381319963159601
0.381319963159601
0.381319963159601
0.381319963159601
0.381319963159601
0.381325098404806
0.381325098404806
0.381325098404806
0.381325098404806
0.381325098404806
0.381325098404806
0.381325098404806
0.381325098404806
0.381325098404806
0.381325098404806
0.381325098404806
0.381325098404806
0.381325098404806
0.381325098404806
0.381325098404806
0.381325098404806
0.381325098404806
0.381325098404806
0.381325098404806
0.381325098404806
0.381325098404806
0.374061380771929
0.381325098404806
0.381325098404806
0.381325098404806
0.381325098404806
0.381325098404806
0.381325098404806
0.381325098404806
0.381325098404806
0.380855867679563
0.382304255596404
0.381974114722294
0.381999736042442
0.386447317571498
0.388482640089734
0.382498098060208
0.388692175803505
0.388843408394682
0.389044075927797
0.381641713144071
0.389523152360693
0.38132996162919
0.381320023913341
0.381276207964446
0.381276207964446
0.381307073852242
0.381302103966103
0.381276207964446
0.381276207964446
0.381276207964446
0.381276207964446
0.381276207964446
0.381302103966103
0.381302103966103
0.381276207964446
0.381276207964446
0.381276207964446
0.381276207964446
0.381276207964446
0.381276207964446
0.381276207964446
0.381276207964446
0.381276207964446
0.381276207964446
0.381276207964446
0.381276207964446
0.381276207964446
0.381276207964446
0.381276207964446
0.381276207964446
0.381276207964446
0.381276207964446
0.381276207964446
0.381276207964446
0.381276207964446
0.381276207964446
0.381276207964446
0.381276207964446
0.381276207964446
0.381276207964446
0.381276207964446
0.381276207964446
0.381276207964446
0.381276207964446
0.381276207964446
0.381276207964446
0.381276207964446
0.381276207964446
0.381276207964446
0.381276207964446
0.381276207964446
0.381276207964446
0.381276207964446
0.381276207964446
0.381276207964446
0.381363942407292
0.381363942407292
0.381363942407292
0.381363942407292
0.381363942407292
0.381363942407292
0.381363942407292
0.381363942407292
0.381363942407292
0.381363942407292
0.381363942407292
0.381363942407292
0.381363942407292
0.381363942407292
0.381363942407292
0.381363942407292
0.381363942407292
0.381363942407292
0.381363942407292
0.381363942407292
0.381363942407292
0.381363942407292
0.381363942407292
0.381363942407292
0.381363942407292
0.381363942407292
0.381363942407292
0.381363942407292
0.381363942407292
0.381363942407292
0.381363942407292
0.381363942407292
0.381363942407292
0.381363942407292
0.381363942407292
0.383943967006067
0.381363942407292
0.382678164491403
0.381363942407292
0.381363942407292
0.381363942407292
0.381363942407292
0.381363942407292
0.381363942407292
0.381363942407292
0.381363942407292
0.381363942407292
0.381363942407292
0.381363942407292
0.381363942407292
0.381363942407292
0.381363942407292
0.381363942407292
0.381363942407292
0.381363942407292
0.381363942407292
0.381363942407292
0.381363942407292
0.381363942407292
0.381363942407292
0.381363942407292
0.381363942407292
0.381363942407292
0.381363942407292
0.381363942407292
0.381363942407292
0.381363942407292
0.381363942407292
0.381363942407292
0.381363942407292
0.381363942407292
0.381363942407292
0.381363942407292
0.381363942407292
0.381363942407292
0.381363942407292
0.381363942407292
0.381363942407292
0.381363942407292
0.381363942407292
0.381363942407292
0.381363942407292
0.381363942407292
0.381363942407292
0.381363942407292
0.381363942407292
0.381363942407292
0.381363942407292
0.381363942407292
0.381363942407292
0.381363942407292
0.381363942407292
0.381363942407292
0.381363942407292
0.381363942407292
0.381363942407292
0.381399499609568
0.381399499609568
0.381399499609568
0.381399499609568
0.381399499609568
0.381399499609568
0.381399499609568
0.381399499609568
0.381399499609568
0.381399499609568
0.381399499609568
0.381399499609568
0.381399499609568
0.381399499609568
0.381399499609568
0.381399499609568
0.381399499609568
0.381399499609568
0.381399499609568
0.381399499609568
0.381399499609568
0.381399499609568
0.381501490016095
0.381501490016095
0.381501490016095
0.381501490016095
0.381501490016095
0.381501490016095
0.381501490016095
0.381501490016095
0.381501490016095
0.381501490016095
0.381501490016095
0.381501490016095
0.381501490016095
0.381501490016095
0.381501490016095
0.381501490016095
0.381501490016095
0.381501490016095
0.381501490016095
0.381501490016095
0.381501490016095
0.381501490016095
0.381501490016095
0.381501490016095
0.381501490016095
0.381501490016095
0.381501490016095
0.381501490016095
0.381501490016095
0.381501490016095
0.381501490016095
0.381501490016095
0.381501490016095
0.381501490016095
0.381501490016095
0.381501490016095
0.381501490016095
0.381501490016095
0.381501490016095
0.381501490016095
0.381501490016095
0.381501490016095
0.381501490016095
0.381501490016095
0.381501490016095
0.381501490016095
0.381501490016095
0.381501490016095
0.381501490016095
0.381501490016095
0.381501490016095
0.381501490016095
0.381501490016095
0.381501490016095
0.381501490016095
0.381501490016095
0.381501490016095
0.381501490016095
0.381501490016095
0.381501490016095
0.381501490016095
0.381501490016095
0.381501490016095
0.381501490016095
0.381501490016095
0.381501490016095
0.381501490016095
0.381501490016095
0.381501490016095
0.381501490016095
0.381501490016095
0.381501490016095
0.381501490016095
0.381501490016095
0.381501490016095
0.381501490016095
0.381501490016095
0.381501490016095
0.381501490016095
0.381501490016095
0.381501490016095
0.381501490016095
0.381501490016095
0.381501490016095
0.381501490016095
0.381501490016095
0.381501490016095
0.381501490016095
0.381501490016095
0.381501490016095
0.381501490016095
0.381501490016095
0.381501490016095
0.381501490016095
0.381501490016095
0.381501490016095
0.381501490016095
0.381501490016095
0.381501490016095
0.381501490016095
0.381501490016095
0.381501490016095
0.381501490016095
0.381501490016095
0.381501490016095
0.381501490016095
0.381501490016095
0.381501490016095
0.381501490016095
0.381501490016095
0.381501490016095
0.381501490016095
0.381501490016095
0.381501490016095
0.381501490016095
0.381501490016095
0.381501490016095
0.381501490016095
0.381399499609568
0.381399499609568
0.381399499609568
0.381399499609568
0.381399499609568
0.381399499609568
0.381399499609568
0.381399499609568
0.381399499609568
0.381399499609568
0.381399499609568
0.381399499609568
0.381399499609568
0.381399499609568
0.3814249972112
0.381403423539539
0.381403423539539
0.381439707977001
0.381414210375369
0.381399499609568
0.381399499609568
0.381399499609568
0.381399499609568
0.381399499609568
0.381399499609568
0.381399499609568
0.381399499609568
0.381399499609568
0.381399499609568
0.381399499609568
0.381399499609568
0.381399499609568
0.381399499609568
0.381399499609568
0.381399499609568
0.381399499609568
0.381399499609568
0.381399499609568
0.381399499609568
0.381399499609568
0.381399499609568
0.381399499609568
0.381399499609568
0.381399499609568
0.381399499609568
0.381399499609568
0.381399499609568
0.381399499609568
0.381399499609568
0.381399499609568
0.381399499609568
0.381399499609568
0.381399499609568
0.381399499609568
0.381399499609568
0.381399499609568
0.381399499609568
0.381399499609568
0.381399499609568
0.381399499609568
0.381399499609568
0.381399499609568
0.381399499609568
0.381399499609568
0.381399499609568
0.381399499609568
0.381399499609568
0.381399499609568
0.381399499609568
0.381399499609568
0.381399499609568
0.381399499609568
0.381399499609568
0.381399499609568
0.381399499609568
0.381399499609568
0.381399499609568
0.381399499609568
0.381399499609568
0.381399499609568
0.381399499609568
0.381399499609568
0.381399499609568
0.381399499609568
0.381399499609568
0.381399499609568
0.381399499609568
0.381190031361943
0.381190031361943
0.381185135907017
0.394916612682692
0.394626165592509
0.395123128601109
0.39511298450567
0.39511298450567
0.39511298450567
0.407178784521964
0.407642332367082
0.423528571041151
0.423893541182357
0.424021009096124
0.424015352924542
0.424009929868098
0.424004501533741
0.424004501533741
0.424004501533741
0.424004501533741
0.424004501533741
0.424004501533741
0.424029920161727
0.424046265147612
0.424046265147612
0.424035387516083
0.424029962212905
0.424029962212905
0.424004501533741
0.424004501533741
0.424004501533741
0.424004501533741
0.424004501533741
0.424004501533741
0.424004501533741
0.424004501533741
0.424004501533741
0.424004501533741
0.424004501533741
0.424004501533741
0.424004501533741
0.424004501533741
0.424004501533741
0.424004501533741
0.424004501533741
0.424004501533741
0.424004501533741
0.424004501533741
0.424004501533741
0.424004501533741
0.424004501533741
0.424004501533741
0.424004501533741
0.424004501533741
0.424004501533741
0.424004501533741
0.424004501533741
0.424004501533741
0.424004501533741
0.424004501533741
0.424004501533741
0.423802011123329
0.423802011123329
0.423802011123329
0.423802011123329
0.423802011123329
0.423802011123329
0.423802011123329
0.423802011123329
0.423802011123329
0.423802011123329
0.423802011123329
0.423802011123329
0.423802011123329
0.423802011123329
0.423802011123329
0.423802011123329
0.423802011123329
0.423802011123329
0.423802011123329
0.423802011123329
0.423802011123329
0.423802011123329
0.423802011123329
0.423802011123329
0.423802011123329
0.423802011123329
0.423802011123329
0.423802011123329
0.423802011123329
0.423802011123329
0.423802011123329
0.423802011123329
0.423802011123329
0.423802011123329
0.423802011123329
0.423826206043756
0.423847971912987
0.423847971912987
0.423842519151175
0.423792817607003
0.423807445818431
0.423807445818431
0.423831281668975
0.423831281668975
0.423831281668975
0.438142914735136
0.428953096196247
0.428752848491725
0.428761620922033
0.428761620922033
0.428761620922033
0.428761620922033
0.428761620922033
0.428761620922033
0.428761620922033
0.428761620922033
0.428761620922033
0.428761620922033
0.428761620922033
0.428761620922033
0.428761620922033
0.428761620922033
0.428761620922033
0.428761620922033
0.428761620922033
0.427938811890269
0.428757941705931
0.428757941705931
0.428757941705931
0.428757941705931
0.428757941705931
0.428757941705931
0.428757941705931
0.428757941705931
0.428757941705931
0.428757941705931
0.428757941705931
0.428757941705931
0.428757941705931
0.428757941705931
0.428757941705931
0.428757941705931
0.428757941705931
0.428757941705931
0.428757941705931
0.428757941705931
0.428757941705931
0.428757941705931
0.428757941705931
0.428757941705931
0.428757941705931
0.428757941705931
0.428757941705931
0.428757941705931
0.428757941705931
0.428757941705931
0.428561859040814
0.428561859040814
0.428561859040814
0.428561859040814
0.428561859040814
0.428561859040814
0.428561859040814
0.428561859040814
0.428561859040814
0.428561859040814
0.428561859040814
0.428561859040814
0.428561859040814
0.428561859040814
0.428561859040814
0.428561859040814
0.428561859040814
0.428561859040814
0.428561859040814
0.428561859040814
0.428561859040814
0.428561859040814
0.428561859040814
0.428561859040814
0.428561859040814
0.428561859040814
0.428561859040814
0.428561859040814
0.428561859040814
0.428561859040814
0.428561859040814
0.428561859040814
0.428561859040814
0.428561859040814
0.428561859040814
0.428561859040814
0.428561859040814
0.428561859040814
0.428561859040814
0.428561859040814
0.428561859040814
0.428561859040814
0.428561859040814
0.428561859040814
0.428561859040814
0.428561859040814
0.428561859040814
0.415904559881338
0.395326197907435
0.40336686747992
0.403415148568213
0.403415148568213
0.403415148568213
0.403415148568213
0.403415148568213
0.403415148568213
0.403415148568213
0.403415148568213
0.403415148568213
0.403415148568213
0.403415148568213
0.403415148568213
0.403019607969479
0.402611477240105
0.402611477240105
0.402611477240105
0.402611477240105
0.402611477240105
0.402611477240105
0.402611477240105
0.402611477240105
0.402611477240105
0.402611477240105
0.402611477240105
0.402611477240105
0.403019607969479
0.403019607969479
0.403019607969479
0.403019607969479
0.403019607969479
0.403019607969479
0.403019607969479
0.403019607969479
0.403019607969479
0.403019607969479
0.403019607969479
0.403019607969479
0.403019607969479
0.403019607969479
0.403019607969479
0.403019607969479
0.403019607969479
0.403019607969479
0.403019607969479
0.403019607969479
0.403019607969479
0.403055870109571
0.403055870109571
0.403055870109571
0.403055870109571
0.403055870109571
0.403055870109571
0.403055870109571
0.403055870109571
0.403055870109571
0.403055870109571
0.403055870109571
0.403055870109571
0.403055870109571
0.403055870109571
0.403055870109571
0.403055870109571
0.403055870109571
0.403055870109571
0.403055870109571
0.403055870109571
0.403055870109571
0.403055870109571
0.403055870109571
0.403055870109571
0.403055870109571
0.403055870109571
0.403055870109571
0.403055870109571
0.403055870109571
0.4032334523342
0.4032334523342
0.403055870109571
0.403055870109571
0.403055870109571
0.403055870109571
0.403055870109571
0.403055870109571
0.403055870109571
0.403055870109571
0.403055870109571
0.403055870109571
0.403055870109571
0.403055870109571
0.403055870109571
0.403055870109571
0.403055870109571
0.403055870109571
0.403055870109571
0.403055870109571
0.403055870109571
0.403055870109571
0.403055870109571
0.403055870109571
0.403055870109571
0.403055870109571
0.403055870109571
0.403055870109571
0.403055870109571
0.403055870109571
0.403055870109571
0.403055870109571
0.403055870109571
0.403055870109571
0.403055870109571
0.403055870109571
0.403055870109571
0.403055870109571
0.403055870109571
0.403055870109571
0.403055870109571
0.403055870109571
0.403055870109571
0.403055870109571
0.403055870109571
0.403055870109571
0.403055870109571
0.403055870109571
0.403055870109571
0.403055870109571
0.403055870109571
0.403055870109571
0.403055870109571
0.403055870109571
0.403055870109571
0.403055870109571
0.403055870109571
0.403055870109571
0.403055870109571
0.403055870109571
0.403055870109571
0.403055870109571
0.403055870109571
0.403055870109571
0.403055870109571
0.403055870109571
0.403055870109571
0.403055870109571
0.403055870109571
0.403055870109571
0.403055870109571
0.403055870109571
0.403055870109571
0.403055870109571
0.403055870109571
0.403055870109571
0.403055870109571
0.403055870109571
0.403081388857876
0.403081388857876
0.403081388857876
0.403055870109571
0.403055870109571
0.403055870109571
0.403055870109571
0.403055870109571
0.403055870109571
0.403055870109571
0.403055870109571
0.403055870109571
0.403055870109571
0.403055870109571
0.403055870109571
0.403055870109571
0.403055870109571
0.403055870109571
0.403055870109571
0.403055870109571
0.403055870109571
0.403055870109571
0.403055870109571
0.403055870109571
0.403055870109571
0.403055870109571
0.403055870109571
0.403055870109571
0.403055870109571
0.403055870109571
0.403055870109571
0.403055870109571
0.403055870109571
0.403055870109571
0.403055870109571
0.403055870109571
0.403055870109571
0.403055870109571
0.403055870109571
0.403055870109571
0.403055870109571
0.403055870109571
0.403055870109571
0.403055870109571
0.403055870109571
0.403055870109571
0.403055870109571
0.403055870109571
0.403055870109571
0.403055870109571
0.403055870109571
0.403055870109571
0.403055870109571
0.403055870109571
0.403055870109571
0.403055870109571
0.403055870109571
0.403055870109571
0.403055870109571
0.403055870109571
0.403055870109571
0.403055870109571
0.403055870109571
0.403055870109571
0.403055870109571
0.403055870109571
0.403055870109571
0.403055870109571
0.403055870109571
0.403055870109571
0.403055870109571
0.403055870109571
0.403055870109571
0.403055870109571
0.403055870109571
0.403055870109571
0.403055870109571
0.403055870109571
0.403055870109571
0.403055870109571
0.403055870109571
0.403055870109571
0.403055870109571
0.403055870109571
0.403055870109571
0.403055870109571
0.403055870109571
0.403055870109571
0.403055870109571
0.403055870109571
0.403055870109571
0.403055870109571
0.403055870109571
0.403055870109571
0.403055870109571
0.403055870109571
0.403055870109571
0.403055870109571
0.403055870109571
0.403055870109571
0.403055870109571
0.403055870109571
0.403055870109571
0.403055870109571
0.403055870109571
0.403055870109571
0.403055870109571
0.403055870109571
0.403055870109571
0.403055870109571
0.403055870109571
0.403055870109571
0.403055870109571
0.403055870109571
0.403055870109571
0.403055870109571
0.403055870109571
0.403055870109571
0.403055870109571
0.403055870109571
0.403055870109571
0.403055870109571
0.403055870109571
0.403055870109571
0.403055870109571
0.403055870109571
0.403055870109571
0.403055870109571
0.403055870109571
0.403055870109571
0.403055870109571
0.403055870109571
0.403055870109571
0.403055870109571
0.403055870109571
0.403055870109571
0.403055870109571
0.403055870109571
0.403055870109571
0.403055870109571
0.403055870109571
0.403081388857876
0.403081388857876
0.403055870109571
0.403055870109571
0.403055870109571
0.403055870109571
0.403055870109571
0.403055870109571
0.403055870109571
0.403055870109571
0.403055870109571
0.403055870109571
0.403055870109571
0.403055870109571
0.403055870109571
0.403055870109571
0.403055870109571
0.403055870109571
0.403055870109571
0.403055870109571
0.403055870109571
0.403055870109571
0.403055870109571
0.403055870109571
0.403055870109571
0.403055870109571
0.403055870109571
0.403055870109571
0.403055870109571
0.403055870109571
0.403055870109571
0.403055870109571
0.403055870109571
0.403055870109571
0.403055870109571
0.403055870109571
0.403055870109571
0.403055870109571
0.403055870109571
0.403055870109571
0.403055870109571
0.403055870109571
0.403055870109571
0.403055870109571
0.480248529197722
0.0
0.0
0.0
0.0
0.0
0.0
0.0
0.0
0.0
0.0
0.0
0.0
0.0
0.0
0.0
0.0
0.0
0.0
0.436932491432066
0.435301320221145
0.402747339459287
0.402747339459287
0.402747339459287
0.402543358646232
0.401712117057231
0.402543358646232
0.402543358646232
0.402543358646232
0.402543358646232
0.402543358646232
0.402543358646232
0.402543358646232
0.402543358646232
0.402543358646232
0.402543358646232
0.402543358646232
0.402543358646232
0.402543358646232
0.402543358646232
0.402543358646232
0.403379765310247
0.403379765310247
0.403379765310247
0.403379765310247
0.403379765310247
0.403379765310247
0.403379765310247
0.403379765310247
0.403379765310247
0.403379765310247
0.403379765310247
0.403379765310247
0.403379765310247
0.403379765310247
0.403379765310247
0.403379765310247
0.403379765310247
0.403379765310247
0.403379765310247
0.403379765310247
0.403379765310247
0.403379765310247
0.403379765310247
0.403379765310247
0.403379765310247
0.403379765310247
0.403379765310247
0.403379765310247
0.403379765310247
0.403379765310247
0.403379765310247
0.403379765310247
0.403379765310247
0.403379765310247
0.403379765310247
0.403379765310247
0.403379765310247
0.403379765310247
0.403379765310247
0.403379765310247
0.403379765310247
0.403379765310247
0.403379765310247
0.403379765310247
0.403379765310247
0.403379765310247
0.403379765310247
0.403379765310247
0.403379765310247
0.403379765310247
0.403379765310247