0.0309305132176481
0.0309305132176481
0.0309305132176481
0.0309305132176481
0.0309305132176481
0.0309305132176481
0.0309305132176481
0.0309305132176481
0.0309305132176481
0.0309305132176481
0.0309305132176481
0.0309305132176481
0.0307726709218319
0.0307726709218319
0.0307726709218319
0.0307726709218319
0.0307726709218319
0.0307726709218319
0.0307726709218319
0.0307726709218319
0.0307726709218319
0.0307726709218319
0.0307726709218319
0.0307726709218319
0.0307726709218319
0.0307726709218319
0.0307726709218319
0.0307726709218319
0.0307726709218319
0.0307868635285675
0.0307734345517101
0.0307734345517101
0.0306738953011653
0.0306583056147012
0.0312895522994557
0.0312895522994557
0.0312895522994557
0.0312895522994557
0.031051743272427
0.031051743272427
0.0308891449421887
0.0308415564268887
0.0308415564268887
0.0308415564268887
0.0308415564268887
0.0308415564268887
0.0308415564268887
0.0308415564268887
0.0308415564268887
0.0308415564268887
0.0308415564268887
0.0308415564268887
0.0308978254068217
0.0308415564268887
0.0308415564268887
0.0308415564268887
0.0308415564268887
0.0308415564268887
0.0308415564268887
0.0308415564268887
0.0308415564268887
0.0308415564268887
0.0308415564268887
0.0308415564268887
0.0308415564268887
0.0308415564268887
0.0308415564268887
0.0308415564268887
0.0308415564268887
0.0308415564268887
0.0308415564268887
0.0308415564268887
0.0308415564268887
0.0308415564268887
0.0309929503964155
0.0309929503964155
0.0309929503964155
0.0309929503964155
0.0309929503964155
0.0309929503964155
0.0309929503964155
0.0309929503964155
0.0309929503964155
0.0309929503964155
0.0309929503964155
0.0309929503964155
0.0309929503964155
0.0309929503964155
0.0309929503964155
0.0309929503964155
0.0308415564268887
0.0308415564268887
0.0308415564268887
0.0308415564268887
0.0308415564268887
0.0308415564268887
0.0308162419722395
0.0308162419722395
0.0308162419722395
0.0308162419722395
0.0308162419722395
0.0308162419722395
0.0308162419722395
0.0308162419722395
0.0308162419722395
0.0308162419722395
0.0309586699813549
0.0309586699813549
0.0309586699813549
0.0309586699813549
0.0309716179821836
0.0309716179821836
0.0309716179821836
0.0309716179821836
0.0309716179821836
0.0309716179821836
0.0309716179821836
0.0309716179821836
0.0309716179821836
0.0309716179821836
0.0309716179821836
0.0309651797204752
0.0309587143864414
0.0309526072946494
0.0309526072946494
0.0309526072946494
0.0309526072946494
0.0309526072946494
0.0309526072946494
0.0309526072946494
0.0309526072946494
0.0309526072946494
0.0309526072946494
0.0309526072946494
0.0309526072946494
0.0309526072946494
0.0309526072946494
0.0309526072946494
0.0308162419722395
0.0308162419722395
0.0308170688402169
0.0308162419722395
0.0308162419722395
0.0308162419722395
0.0308162419722395
0.0308162419722395
0.0308174446892976
0.0308162419722395
0.0308162419722395
0.0308162419722395
0.0308162419722395
0.0308162419722395
0.0308162419722395
0.0308162419722395
0.0308162419722395
0.0308162419722395
0.0308162419722395
0.0308162419722395
0.0308162419722395
0.0308162419722395
0.0308162419722395
0.0308162419722395
0.0308162419722395
0.0308162419722395
0.0308162419722395
0.0308162419722395
0.0308162419722395
0.0308162419722395
0.0308162419722395
0.0308162419722395
0.0308162419722395
0.0308162419722395
0.0310215907025042
0.0310215907025042
0.0310215907025042
0.030815561385278
0.0308144655989417
0.0308144655989417
0.0308144655989417
0.0308144655989417
0.0308144655989417
0.0308144655989417
0.0308144655989417
0.0308144655989417
0.0308144655989417
0.0308144655989417
0.030987680542259
0.031373209904757
0.0313455150161962
0.0308417380188729
0.0308144655989417
0.0308144655989417
0.0308162419722395
0.0308162419722395
0.0308162419722395
0.0308162419722395
0.0312176299979283
0.0312176299979283
0.0312176299979283
0.0312176299979283
0.0312176299979283
0.0312176299979283
0.0312176299979283
0.0312176299979283
0.0312176299979283
0.0312176299979283
0.0312176299979283
0.0312176299979283
0.0312176299979283
0.0312176299979283
0.0312176299979283
0.0312176299979283
0.0312176299979283
0.0312176299979283
0.0312176299979283
0.0312176299979283
0.0312176299979283
0.0312176299979283
0.0312176299979283
0.0312176299979283
0.0312176299979283
0.0312176299979283
0.0312176299979283
0.0312176299979283
0.0312176299979283
0.0312176299979283
0.0312176299979283
0.0318391340377046
0.0318391340377046
0.0318391340377046
0.0318391340377046
0.0318391340377046
0.0318391340377046
0.0314377460120157
0.0318901401517216
0.0315006791133886
0.0315006791133886
0.0314377460120157
0.0314377460120157
0.0314377460120157
0.0314377460120157
0.0314377460120157
0.0314377460120157
0.0314377460120157
0.0314377460120157
0.0314377460120157
0.0314377460120157
0.0314377460120157
0.0314377460120157
0.0314377460120157
0.0314377460120157
0.0314377460120157
0.0314377460120157
0.0314377460120157
0.0314377460120157
0.031269422001243
0.031269422001243
0.0314377460120157
0.0314377460120157
0.0314377460120157
0.0314377460120157
0.0314377460120157
0.0314377460120157
0.0314377460120157
0.0314377460120157
0.0314377460120157
0.0314377460120157
0.0314377460120157
0.0314377460120157
0.0314377460120157
0.0314377460120157
0.0314377460120157
0.0314377460120157
0.0314377460120157
0.0314377460120157
0.0314377460120157
0.0314377460120157
0.0314377460120157
0.0314377460120157
0.0314377460120157
0.0314377460120157
0.0314377460120157
0.0314377460120157
0.0314377460120157
0.0314377460120157
0.0314377460120157
0.0314377460120157
0.0314377460120157
0.0314377460120157
0.0314377460120157
0.0314377460120157
0.0314377460120157
0.0314377460120157
0.0314377460120157
0.0314377460120157
0.0314377460120157
0.0314377460120157
0.0314377460120157
0.0314377460120157
0.0314377460120157
0.0314377460120157
0.0314377460120157
0.0314377460120157
0.0314377460120157
0.0314377460120157
0.0314377460120157
0.0326220229654794
0.0314752910241274
0.0314377460120157
0.0314377460120157
0.0314377460120157
0.0314377460120157
0.0314377460120157
0.0314377460120157
0.0314377460120157
0.0314377460120157
0.0314377460120157
0.0314377460120157
0.0314377460120157
0.0314377460120157
0.0314377460120157
0.0314377460120157
0.0314377460120157
0.0314377460120157
0.0314377460120157
0.0316137002942
0.0314377460120157
0.0314377460120157
0.0314377460120157
0.0314377460120157
0.0314377460120157
0.0314377460120157
0.0314377460120157
0.0314377460120157
0.0314377460120157
0.0314377460120157
0.0314377460120157
0.0314377460120157
0.0314377460120157
0.0314377460120157
0.0314377460120157
0.0314377460120157
0.0314377460120157
0.0314377460120157
0.0314377460120157
0.0314377460120157
0.0314377460120157
0.0314377460120157
0.0314386373112642
0.0314377460120157
0.0314377460120157
0.0314377460120157
0.0314377460120157
0.0314377460120157
0.0314377460120157
0.0314377460120157
0.0314377460120157
0.0314377460120157
0.0314377460120157
0.0314377460120157
0.0314377460120157
0.0314377460120157
0.0314377460120157
0.0314377460120157
0.0314377460120157
0.0314377460120157
0.0314377460120157
0.0314377460120157
0.0314377460120157
0.0314377460120157
0.0314377460120157
0.0314377460120157
0.0314377460120157
0.0314377460120157
0.0314377460120157
0.0314377460120157
0.0314377460120157
0.0314377460120157
0.0314377460120157
0.0314377460120157
0.0314377460120157
0.0314377460120157
0.0314377460120157
0.0314377460120157
0.0314377460120157
0.0314377460120157
0.0314377460120157
0.0314377460120157
0.0314377460120157
0.0314377460120157
0.0314377460120157
0.0314377460120157
0.0314377460120157
0.0314377460120157
0.0314377460120157
0.0314377460120157
0.0314377460120157
0.0314377460120157
0.0314377460120157
0.0314377460120157
0.0314377460120157
0.0314377460120157
0.0314377460120157
0.0314377460120157
0.0314377460120157
0.0306950083931812
0.0314377460120157
0.0314377460120157
0.0314377460120157
0.0314377460120157
0.0314377460120157
0.0314377460120157
0.0314377460120157
0.0314377460120157
0.0324437959595827
0.0315821350644955
0.0316198665482747
0.031613330981525
0.0318518449590258
0.0318401634282057
0.031531458314791
0.0318248057598422
0.0317980010614264
0.0317719760073035
0.0314515861636066
0.0317692703583037
0.0314334352622518
0.0314308653342427
0.0314302157657663
0.0314302157657663
0.031430591459103
0.0314302157657663
0.0314302157657663
0.0314302157657663
0.0314302157657663
0.0314302157657663
0.0314302157657663
0.0314302157657663
0.0314302157657663
0.0314302157657663
0.0314302157657663
0.0314302157657663
0.031470571174812
0.031470571174812
0.031470571174812
0.0314302157657663
0.0314302157657663
0.0314302157657663
0.0314302157657663
0.0314302157657663
0.0314302157657663
0.0314302157657663
0.0314302157657663
0.0314302157657663
0.0314302157657663
0.0314302157657663
0.0314302157657663
0.0314302157657663
0.0314302157657663
0.0314302157657663
0.0314302157657663
0.0314302157657663
0.0314302157657663
0.0314302157657663
0.0314302157657663
0.0314302157657663
0.0314302157657663
0.0314302157657663
0.0314302157657663
0.0314302157657663
0.0314302157657663
0.0314302157657663
0.0314302157657663
0.0314302157657663
0.0314302157657663
0.0314302157657663
0.0314302157657663
0.0314302157657663
0.0314302157657663
0.0314302157657663
0.0314377460120157
0.0314377460120157
0.0314377460120157
0.0314377460120157
0.0314377460120157
0.0314377460120157
0.0314377460120157
0.0314377460120157
0.0314377460120157
0.0314377460120157
0.0314377460120157
0.0314377460120157
0.0314377460120157
0.0314377460120157
0.0314377460120157
0.0314377460120157
0.0314377460120157
0.0314377460120157
0.0314377460120157
0.0314377460120157
0.0314377460120157
0.0314377460120157
0.0314377460120157
0.0314377460120157
0.0314377460120157
0.0314377460120157
0.0314377460120157
0.0314377460120157
0.0314377460120157
0.0314377460120157
0.0314377460120157
0.0314377460120157
0.0314377460120157
0.0314377460120157
0.0314377460120157
0.0316601479483429
0.0314377460120157
0.0312972614176589
0.0314377460120157
0.0314377460120157
0.0314377460120157
0.0314377460120157
0.0314377460120157
0.0314377460120157
0.0314377460120157
0.0314377460120157
0.0314377460120157
0.0314377460120157
0.0314377460120157
0.0314377460120157
0.0314377460120157
0.0314377460120157
0.0314377460120157
0.0314377460120157
0.0314377460120157
0.0314377460120157
0.0314377460120157
0.0314377460120157
0.0314377460120157
0.0314377460120157
0.0314377460120157
0.0314377460120157
0.0314377460120157
0.0314377460120157
0.0314377460120157
0.0314377460120157
0.0314377460120157
0.0314377460120157
0.0314377460120157
0.0314377460120157
0.0314377460120157
0.0314377460120157
0.0314377460120157
0.0314377460120157
0.0314377460120157
0.0314377460120157
0.0314377460120157
0.0314377460120157
0.0315089957552795
0.0315089957552795
0.031502723809918
0.031502723809918
0.031502723809918
0.031502723809918
0.031502723809918
0.031502723809918
0.031502723809918
0.031502723809918
0.0314377460120157
0.0314377460120157
0.0314377460120157
0.0314377460120157
0.0314377460120157
0.0314377460120157
0.0314377460120157
0.0314377460120157
0.031400296409619
0.031400296409619
0.031400296409619
0.031400296409619
0.031400296409619
0.031400296409619
0.031400296409619
0.031400296409619
0.031400296409619
0.031400296409619
0.031400296409619
0.031400296409619
0.031400296409619
0.031400296409619
0.031400296409619
0.031400296409619
0.031400296409619
0.031400296409619
0.031400296409619
0.031400296409619
0.031400296409619
0.031400296409619
0.031400296409619
0.031400296409619
0.031400296409619
0.031400296409619
0.031400296409619
0.031400296409619
0.031400296409619
0.031400296409619
0.031400296409619
0.031400296409619
0.031400296409619
0.031400296409619
0.031400296409619
0.031400296409619
0.031400296409619
0.031400296409619
0.031400296409619
0.031400296409619
0.031400296409619
0.031400296409619
0.031400296409619
0.031400296409619
0.031400296409619
0.031400296409619
0.031400296409619
0.031400296409619
0.031400296409619
0.031400296409619
0.031400296409619
0.031400296409619
0.031400296409619
0.031400296409619
0.031400296409619
0.031400296409619
0.031400296409619
0.031400296409619
0.031400296409619
0.031400296409619
0.031400296409619
0.031400296409619
0.031400296409619
0.031400296409619
0.031400296409619
0.031400296409619
0.031400296409619
0.031400296409619
0.031400296409619
0.031400296409619
0.031400296409619
0.031400296409619
0.031400296409619
0.031400296409619
0.031400296409619
0.031400296409619
0.031400296409619
0.031400296409619
0.031400296409619
0.031400296409619
0.031400296409619
0.031400296409619
0.031400296409619
0.031400296409619
0.031400296409619
0.031400296409619
0.031400296409619
0.031400296409619
0.031400296409619
0.031400296409619
0.031400296409619
0.031400296409619
0.031400296409619
0.031400296409619
0.031400296409619
0.031400296409619
0.031400296409619
0.031400296409619
0.031400296409619
0.031400296409619
0.031400296409619
0.031400296409619
0.031400296409619
0.031400296409619
0.031400296409619
0.031400296409619
0.031400296409619
0.031400296409619
0.031400296409619
0.031400296409619
0.031400296409619
0.031400296409619
0.031400296409619
0.031400296409619
0.031400296409619
0.031400296409619
0.031400296409619
0.031400296409619
0.031400296409619
0.031400296409619
0.031400296409619
0.031400296409619
0.031400296409619
0.031400296409619
0.031400296409619
0.031400296409619
0.031400296409619
0.031400296409619
0.031400296409619
0.031400296409619
0.031400296409619
0.031400296409619
0.031400296409619
0.031400296409619
0.031400296409619
0.031400296409619
0.031400296409619
0.031400296409619
0.031400296409619
0.031400296409619
0.031400296409619
0.031400296409619
0.031400296409619
0.031400296409619
0.031400296409619
0.031400296409619
0.031400296409619
0.031400296409619
0.031400296409619
0.031400296409619
0.031400296409619
0.031400296409619
0.031400296409619
0.031400296409619
0.031400296409619
0.0314025204994809
0.0314025204994809
0.03140140845455
0.03140140845455
0.031400296409619
0.031400296409619
0.031400296409619
0.031400296409619
0.031400296409619
0.031400296409619
0.031400296409619
0.031400296409619
0.031400296409619
0.031400296409619
0.031400296409619
0.031400296409619
0.031400296409619
0.031400296409619
0.031400296409619
0.031400296409619
0.031400296409619
0.031400296409619
0.031400296409619
0.031400296409619
0.031400296409619
0.031400296409619
0.031400296409619
0.031400296409619
0.031400296409619
0.031400296409619
0.031400296409619
0.031400296409619
0.031400296409619
0.031400296409619
0.031400296409619
0.031400296409619
0.031400296409619
0.031400296409619
0.031400296409619
0.031400296409619
0.031400296409619
0.031400296409619
0.031400296409619
0.031400296409619
0.031400296409619
0.031400296409619
0.031400296409619
0.031400296409619
0.031400296409619
0.031400296409619
0.031400296409619
0.031400296409619
0.031400296409619
0.031400296409619
0.031400296409619
0.031400296409619
0.031400296409619
0.031400296409619
0.031400296409619
0.031400296409619
0.031400296409619
0.031400296409619
0.0314767892145145
0.0314767892145145
0.0314767892145145
0.0314767892145145
0.0314767892145145
0.0314767892145145
0.0314767892145145
0.0314767892145145
0.0314767892145145
0.0314767892145145
0.0378338933806529
0.0378244463716388
0.0378239071314633
0.0376563259921243
0.0376566377468047
0.0378705702201355
0.0378091921116978
0.0378091921116978
0.0378091921116978
0.037592747774892
0.0375759802610277
0.0336952062941802
0.033666673977008
0.0336589134094019
0.033862577940728
0.0338619234794151
0.0338562966746091
0.0338562966746091
0.0338562966746091
0.0338562966746091
0.0338562966746091
0.0338562966746091
0.0338562966746091
0.0338577564020962
0.0338577564020962
0.0338567824438475
0.0338562966746091
0.0338562966746091
0.0338562966746091
0.0338562966746091
0.0338562966746091
0.0338562966746091
0.0338562966746091
0.0338512838684559
0.0338512838684559
0.0340548850646129
0.0340548850646129
0.0340548850646129
0.0340548850646129
0.0340548850646129
0.0340548850646129
0.0340360264778952
0.0340360264778952
0.0340360264778952
0.0340360264778952
0.0340360264778952
0.0340360264778952
0.0340360264778952
0.0340360264778952
0.0340360264778952
0.0340360264778952
0.0340360264778952
0.0340360264778952
0.0338324252817382
0.0337751440467264
0.033768784139581
0.033768784139581
0.0337629812154264
0.0337629812154264
0.0337629812154264
0.0337629812154264
0.033882062968452
0.033882062968452
0.033882062968452
0.033882062968452
0.033882062968452
0.0340860437815068
0.0340860437815068
0.0340860437815068
0.0340860437815068
0.0340860437815068
0.0340860437815068
0.0340860437815068
0.0340805386767586
0.0340805386767586
0.0340805386767586
0.0340805386767586
0.0340805386767586
0.0340805386767586
0.0340805386767586
0.0340805386767586
0.0340805386767586
0.0340805386767586
0.0340805386767586
0.0340805386767586
0.0340805386767586
0.0340805386767586
0.0340805386767586
0.0340805386767586
0.0340805386767586
0.0340805386767586
0.0340805386767586
0.0340805386767586
0.0340805386767586
0.0342818503481173
0.0342818503481173
0.0342859961273478
0.0342881132189942
0.0342878437106661
0.0342873557203093
0.0342833094685922
0.034282336721609
0.034282336721609
0.0342807490565782
0.0342807490565782
0.0340794373852195
0.0351095798871819
0.0341209692455428
0.0340996687770729
0.0340932294492755
0.034027356354268
0.034027356354268
0.034027356354268
0.034027356354268
0.034027356354268
0.034027356354268
0.034027356354268
0.034027356354268
0.034027356354268
0.034027356354268
0.034027356354268
0.034027356354268
0.034027356354268
0.034027356354268
0.034027356354268
0.034027356354268
0.0336574112082035
0.0340267487651791
0.0340267487651791
0.0340267487651791
0.0340267487651791
0.0340267487651791
0.0340267487651791
0.0340267487651791
0.0340267487651791
0.0340267487651791
0.0340267487651791
0.0340267487651791
0.0340267487651791
0.0340267487651791
0.0340267487651791
0.0340267487651791
0.0340267487651791
0.0340267487651791
0.0340267487651791
0.0340267487651791
0.0340267487651791
0.0340267487651791
0.0340267487651791
0.0340267487651791
0.0340267487651791
0.0340267487651791
0.0340267487651791
0.0340267487651791
0.0340267487651791
0.0340267487651791
0.0340267487651791
0.0340377571146802
0.0340377571146802
0.0340377571146802
0.0340377571146802
0.0340377571146802
0.0340377571146802
0.0340377571146802
0.0340377571146802
0.0340377571146802
0.0340377571146802
0.0340377571146802
0.0340377571146802
0.0340377571146802
0.0340377571146802
0.0340377571146802
0.0340377571146802
0.0340377571146802
0.0340377571146802
0.0340377571146802
0.0340377571146802
0.0340377571146802
0.0340377571146802
0.0340377571146802
0.0340377571146802
0.0340377571146802
0.0340377571146802
0.0340377571146802
0.0340377571146802
0.0340377571146802
0.0340377571146802
0.0340377571146802
0.0340377571146802
0.0340377571146802
0.0340377571146802
0.0340377571146802
0.0340377571146802
0.0340377571146802
0.0340377571146802
0.0340377571146802
0.0340377571146802
0.0340377571146802
0.0340377571146802
0.0340377571146802
0.0340377571146802
0.0340377571146802
0.0340377571146802
0.0340377571146802
0.0334253071553507
0.0335481736036011
0.0335625883032533
0.033558668078091
0.0334235952850279
0.0334235952850279
0.0334235952850279
0.0334992585904279
0.0334992585904279
0.0334992585904279
0.0334937805777478
0.0334937805777478
0.0334937805777478
0.0334937805777478
0.0334884437339066
0.0334884437339066
0.0334884437339066
0.0334884437339066
0.0334884437339066
0.0334884437339066
0.0334884437339066
0.0334884437339066
0.0334884437339066
0.033476924515154
0.033476924515154
0.033476924515154
0.033476924515154
0.033476924515154
0.033476924515154
0.033476924515154
0.033476924515154
0.033476924515154
0.033476924515154
0.033476924515154
0.033476924515154
0.033476924515154
0.033476924515154
0.033476924515154
0.033476924515154
0.0334613867684164
0.0334568474967162
0.0334568474967162
0.0334568474967162
0.0334568474967162
0.0334568474967162
0.0334568474967162
0.0334565673734313
0.0334565673734313
0.0334565673734313
0.0335018634002669
0.0335018634002669
0.0334253071553507
0.0334253071553507
0.0334253071553507
0.0334253071553507
0.0334253071553507
0.0334253071553507
0.0334253071553507
0.0334253071553507
0.0334253071553507
0.0334253071553507
0.0334253071553507
0.0334253071553507
0.0334253071553507
0.0334253071553507
0.0334253071553507
0.0334253071553507
0.0334253071553507
0.0334253071553507
0.0334253071553507
0.0334253071553507
0.0334253071553507
0.0334253071553507
0.0334253071553507
0.0334253071553507
0.0334253071553507
0.0334253071553507
0.0334253071553507
0.0334357429374053
0.0334357429374053
0.0334253071553507
0.0334253071553507
0.0334253071553507
0.0334253071553507
0.0334253071553507
0.0334253071553507
0.0334253071553507
0.0334253071553507
0.0334253071553507
0.0334253071553507
0.0334253071553507
0.0334253071553507
0.0334253071553507
0.0334253071553507
0.0334253071553507
0.0334253071553507
0.0334253071553507
0.0334253071553507
0.0334253071553507
0.0334253071553507
0.0334253071553507
0.0334253071553507
0.0334253071553507
0.0334253071553507
0.0334253071553507
0.0334253071553507
0.0334253071553507
0.0334253071553507
0.0334253071553507
0.0334253071553507
0.0334253071553507
0.0334253071553507
0.0334253071553507
0.0334253071553507
0.033480640483779
0.033480640483779
0.033480640483779
0.033480640483779
0.033480640483779
0.033480640483779
0.033480640483779
0.033480640483779
0.033480640483779
0.033480640483779
0.033480640483779
0.033480640483779
0.033480640483779
0.033480640483779
0.033480640483779
0.033480640483779
0.033480640483779
0.033480640483779
0.033480640483779
0.033480640483779
0.033480640483779
0.033480640483779
0.0334696168487035
0.0334684294074499
0.0334681336795428
0.0334681336795428
0.0334681336795428
0.0334681336795428
0.0334681336795428
0.0334681336795428
0.0334681336795428
0.0335018634002669
0.0334253071553507
0.0334253071553507
0.0334253071553507
0.0334253071553507
0.0334253071553507
0.0334253071553507
0.0334253071553507
0.0334253071553507
0.0334253071553507
0.0334253071553507
0.0334253071553507
0.0334253071553507
0.0334253071553507
0.0334253071553507
0.0334253071553507
0.0334253071553507
0.0334253071553507
0.0334253071553507
0.0334253071553507
0.0334253071553507
0.0334253071553507
0.0334253071553507
0.0334253071553507
0.0334253071553507
0.0334253071553507
0.0334253071553507
0.0334253071553507
0.0334253071553507
0.0334253071553507
0.0334253071553507
0.0334253071553507
0.0334253071553507
0.0334253071553507
0.0334253071553507
0.0334253071553507
0.0334253071553507
0.0334253071553507
0.0334253071553507
0.0334253071553507
0.0334253071553507
0.0334253071553507
0.0334253071553507
0.0334253071553507
0.0334253071553507
0.0334253071553507
0.0334253071553507
0.0334253071553507
0.0334253071553507
0.0334253071553507
0.0334253071553507
0.0334253071553507
0.0334253071553507
0.0334253071553507
0.0334253071553507
0.0334253071553507
0.0334253071553507
0.0334253071553507
0.0334253071553507
0.0334253071553507
0.0334253071553507
0.0334253071553507
0.0334253071553507
0.0334253071553507
0.0334253071553507
0.0334253071553507
0.0334253071553507
0.0334253071553507
0.0334253071553507
0.0334253071553507
0.0334253071553507
0.0334253071553507
0.0334253071553507
0.0334253071553507
0.0334253071553507
0.0334253071553507
0.0334253071553507
0.0334253071553507
0.0334253071553507
0.0334253071553507
0.0334253071553507
0.0334253071553507
0.0334253071553507
0.0334253071553507
0.0332211571689075
0.0332211571689075
0.0332211571689075
0.0332211571689075
0.0332211571689075
0.0332211571689075
0.0332211571689075
0.0332211571689075
0.0332211571689075
0.0332211571689075
0.0332211571689075
0.0332211571689075
0.0332211571689075
0.0334253071553507
0.0334253071553507
0.0334253071553507
0.0334253071553507
0.0334253071553507
0.0334253071553507
0.0334253071553507
0.0334253071553507
0.0334253071553507
0.0334253071553507
0.0334253071553507
0.0334253071553507
0.0334253071553507
0.0334253071553507
0.0334253071553507
0.0334253071553507
0.0334253071553507
0.0334253071553507
0.0334253071553507
0.0334253071553507
0.0334253071553507
0.0334253071553507
0.0334253071553507
0.0334253071553507
0.0334253071553507
0.0334253071553507
0.0334253071553507
0.0334253071553507
0.0334253071553507
0.0334253071553507
0.0334253071553507
0.0334253071553507
0.0334253071553507
0.0334253071553507
0.0334253071553507
0.0334253071553507
0.0334253071553507
0.0334253071553507
0.0334253071553507
0.0334253071553507
0.0334253071553507
0.0334253071553507
0.0334253071553507
0.0334253071553507
0.0334253071553507
0.0334253071553507
0.0334253071553507
0.0334253071553507
0.0334253071553507
0.0334253071553507
0.0334253071553507
0.0334253071553507
0.0334253071553507
0.0334253071553507
0.0334253071553507
0.0334253071553507
0.0334253071553507
0.0334253071553507
0.0334253071553507
0.0334253071553507
0.0334253071553507
0.0334253071553507
0.0334253071553507
0.0334253071553507
0.0334253071553507
0.0334253071553507
0.0336294571417939
0.0336294571417939
0.0336294571417939
0.0336294571417939
0.0336294571417939
0.0336294571417939
0.0336294571417939
0.0336294571417939
0.0334253071553507
0.0334253071553507
0.0334253071553507
0.0334253071553507
0.0334253071553507
0.0334253071553507
0.0334253071553507
0.0334253071553507
0.0334253071553507
0.0334253071553507
0.0334253071553507
0.0334253071553507
0.0334253071553507
0.0334253071553507
0.0334253071553507
0.0334253071553507
0.0334253071553507
0.0334253071553507
0.0334253071553507
0.0334253071553507
0.0334253071553507
0.0332211571689075
0.0332211571689075
0.0332211571689075
0.0332211571689075
0.00464054652306061
0.0
0.0
0.0
0.0
0.0
0.0
0.0
0.0
0.0
0.0
0.0
0.0
0.0
0.0
0.0
0.0
0.0
0.0
0.0325496197778297
0.0325496197778297
0.0326135220145295
0.0326135220145295
0.0326135220145295
0.0326135220145295
0.0322438067908677
0.0326135220145295
0.0326135220145295
0.0326135220145295
0.0326135220145295
0.0326135220145295
0.0326135220145295
0.0326135220145295
0.0326135220145295
0.0326135220145295
0.0326135220145295
0.0326135220145295
0.0326135220145295
0.0326135220145295
0.0326135220145295
0.0326135220145295
0.0327795736252398
0.0327795736252398
0.0327795736252398
0.0327795736252398
0.0327795736252398
0.0327795736252398
0.0327795736252398
0.0327795736252398
0.0327795736252398
0.0327795736252398
0.0327795736252398
0.0327795736252398
0.0327795736252398
0.0328552460565013
0.0328552460565013
0.0328552460565013
0.0328552460565013
0.0328552460565013
0.0328552460565013
0.0328552460565013
0.0328552460565013
0.0328552460565013
0.0328552460565013
0.0328552460565013
0.0328552460565013
0.032848892715438
0.032848892715438
0.032848892715438
0.032848892715438
0.032848892715438
0.032848892715438
0.032848892715438
0.032848892715438
0.0327795736252398
0.0327795736252398
0.0327795736252398
0.0327795736252398
0.0327795736252398
0.0327795736252398
0.0327795736252398
0.0327795736252398
0.0329835544382945
0.0329835544382945
0.033059226869556
0.033059226869556
0.033059226869556
0.033059226869556
0.033059226869556
0.033059226869556
0.033059226869556
0.033059226869556