0.425986760977438
0.425986760977438
0.425986760977438
0.425986760977438
0.425986760977438
0.425986760977438
0.425986760977438
0.425986760977438
0.425986760977438
0.425986760977438
0.425986760977438
0.425986760977438
0.425986760977438
0.425986760977438
0.425986760977438
0.426091989174649
0.426091989174649
0.426091989174649
0.426091989174649
0.426091989174649
0.426091989174649
0.426091989174649
0.426091989174649
0.426091989174649
0.426091989174649
0.426091989174649
0.426091989174649
0.426091989174649
0.426091989174649
0.426293617462229
0.426234744325873
0.426221481711239
0.412170030545266
0.425768644485948
0.425531864695673
0.425762051377071
0.425762051377071
0.425762051377071
0.427011753001106
0.427011753001106
0.427011753001106
0.426895149602206
0.426895149602206
0.426895149602206
0.426895149602206
0.426947758254218
0.426921451204915
0.426947758254218
0.426895144155613
0.426895144155613
0.426895144155613
0.426921445756065
0.427716263892499
0.426895138706762
0.426895138706762
0.426895138706762
0.426895138706762
0.426895138706762
0.426895138706762
0.426895138706762
0.426895138706762
0.426895138706762
0.426895138706762
0.426895138706762
0.426895138706762
0.426895138706762
0.426895138706762
0.426895138706762
0.426895138706762
0.426895138706762
0.426895138706762
0.426895138706762
0.426895138706762
0.426895138706762
0.426895138706762
0.426895138706762
0.426947741907667
0.426947741907667
0.426947741907667
0.426947741907667
0.426947741907667
0.426947741907667
0.426947741907667
0.426947741907667
0.426947741907667
0.426947741907667
0.426947741907667
0.426947741907667
0.426947741907667
0.426947741907667
0.426947741907667
0.426947741907667
0.426947741907667
0.426947741907667
0.426947741907667
0.426947741907667
0.426792003314688
0.426792003314688
0.426792003314688
0.426792003314688
0.426792003314688
0.426792003314688
0.426792003314688
0.426792003314688
0.426792003314688
0.426792003314688
0.426792003314688
0.426792003314688
0.426792003314688
0.426792003314688
0.426792003314688
0.426792003314688
0.426792003314688
0.426792003314688
0.426792003314688
0.426792003314688
0.426792003314688
0.426792003314688
0.426792003314688
0.426792003314688
0.426792003314688
0.426792003314688
0.426792003314688
0.426792003314688
0.426792003314688
0.426792003314688
0.426792003314688
0.426792003314688
0.426792003314688
0.426792003314688
0.426792003314688
0.426792003314688
0.426792003314688
0.426792003314688
0.426792003314688
0.426792003314688
0.426792003314688
0.426792003314688
0.426792003314688
0.426792003314688
0.427108266892881
0.426766107313031
0.426766107313031
0.426766107313031
0.426766107313031
0.426766107313031
0.426988592966084
0.42686969131966
0.426843795318003
0.426817899316346
0.426817899316346
0.426817899316346
0.426817899316346
0.426817899316346
0.426817899316346
0.426817899316346
0.426817899316346
0.426817899316346
0.426817899316346
0.426817899316346
0.426817899316346
0.426817899316346
0.426817899316346
0.426817899316346
0.426817899316346
0.426817899316346
0.426817899316346
0.426817899316346
0.426817899316346
0.426817899316346
0.426817899316346
0.426817899316346
0.423469578258415
0.423469578258415
0.423469578258415
0.423289069158066
0.423277101452393
0.423277101452393
0.423277101452393
0.423277101452393
0.423277101452393
0.423277101452393
0.423277101452393
0.423277101452393
0.423277101452393
0.423277101452393
0.4253749595012
0.425061846192142
0.424660528481305
0.423673135950395
0.423277101452393
0.423277101452393
0.423257199088461
0.423257199088461
0.423257199088461
0.423257199088461
0.421930029003522
0.421774652993578
0.421774652993578
0.421774652993578
0.421774652993578
0.421774652993578
0.421808208979994
0.421808208979994
0.421808208979994
0.421808208979994
0.421782334419861
0.421782334419861
0.421782334419861
0.421782334419861
0.421782334419861
0.421782334419861
0.421782334419861
0.421782334419861
0.421782334419861
0.421782334419861
0.421782334419861
0.421782334419861
0.421782334419861
0.421782334419861
0.421920248762771
0.421920248762771
0.421920248762771
0.421920248762771
0.421920248762771
0.421920248762771
0.421920248762771
0.421687184747855
0.421687184747855
0.421687184747855
0.421687184747855
0.421687184747855
0.421687184747855
0.423031816499828
0.421794519691562
0.42212430178688
0.42212430178688
0.422889388490713
0.422889388490713
0.422889388490713
0.422863492489055
0.422863492489055
0.422863492489055
0.422889388490713
0.422889388490713
0.422889388490713
0.422889388490713
0.422889388490713
0.422889388490713
0.422889388490713
0.422889388490713
0.422889388490713
0.422889388490713
0.422889388490713
0.422889388490713
0.422085302270705
0.422565688469996
0.422889388490713
0.422889388490713
0.422889388490713
0.422889388490713
0.422889388490713
0.422889388490713
0.422889388490713
0.422889388490713
0.422889388490713
0.422889388490713
0.423951124558664
0.424054708565293
0.424054708565293
0.424054708565293
0.424054708565293
0.424054708565293
0.424054708565293
0.424054708565293
0.424054708565293
0.424054708565293
0.424054708565293
0.424054708565293
0.424054708565293
0.424054708565293
0.424054708565293
0.424054708565293
0.424054708565293
0.424054708565293
0.424054708565293
0.424054708565293
0.424054708565293
0.42404702713901
0.42404702713901
0.42404702713901
0.42404702713901
0.42404702713901
0.42404702713901
0.42404702713901
0.42404702713901
0.42404702713901
0.42404702713901
0.42404702713901
0.42404702713901
0.42404702713901
0.42404702713901
0.42404702713901
0.42404702713901
0.42404702713901
0.42404702713901
0.439631291219898
0.424592234350602
0.42404702713901
0.42404702713901
0.42404702713901
0.42404702713901
0.424059975139838
0.42404702713901
0.42404702713901
0.424021131137352
0.424021131137352
0.424072923140667
0.424072923140667
0.42404702713901
0.42404702713901
0.42404702713901
0.42404702713901
0.42404702713901
0.42404702713901
0.424791537186658
0.42404702713901
0.42404702713901
0.42404702713901
0.42404702713901
0.42404702713901
0.42404702713901
0.42404702713901
0.424054687123768
0.424028812563636
0.424054708565293
0.424054708565293
0.424054708565293
0.424054708565293
0.424054708565293
0.424054708565293
0.424054708565293
0.424054708565293
0.424054708565293
0.424054708565293
0.424054708565293
0.424054708565293
0.424054708565293
0.424047207691498
0.424028812563636
0.424028812563636
0.424054708565293
0.424054708565293
0.424054708565293
0.424054708565293
0.424054708565293
0.424054708565293
0.424054708565293
0.424054708565293
0.424054708565293
0.424054708565293
0.424054708565293
0.424054708565293
0.424054708565293
0.424054708565293
0.424054708565293
0.424054708565293
0.424054708565293
0.424054708565293
0.424054708565293
0.424054708565293
0.424054708565293
0.424054708565293
0.424054708565293
0.424054708565293
0.424054708565293
0.424054708565293
0.424054708565293
0.424054708565293
0.424041760564464
0.424041760564464
0.424041760564464
0.424351844159305
0.424351844159305
0.424059975139838
0.424059975139838
0.424059975139838
0.424059975139838
0.424059975139838
0.424059975139838
0.424034079138181
0.424034079138181
0.424034079138181
0.424034079138181
0.424034079138181
0.424034079138181
0.424034079138181
0.424034079138181
0.424034079138181
0.424034079138181
0.423956391133209
0.423956391133209
0.423956391133209
0.423956391133209
0.423956391133209
0.429526051322709
0.423956391133209
0.423956391133209
0.423956391133209
0.423956391133209
0.423956391133209
0.423956391133209
0.423956391133209
0.423956391133209
0.394843309643539
0.41288442127134
0.422973385580764
0.423063992783361
0.389435165144622
0.389021883393025
0.419623675265439
0.388619067583805
0.387936424566591
0.387859080559407
0.422617943857469
0.387574294730444
0.423974884392508
0.424010901392039
0.424060756325945
0.424060756325945
0.424027362558697
0.424034860324287
0.423316246278296
0.423316246278296
0.423329194279125
0.423536362292384
0.423536362292384
0.423510466290726
0.423510466290726
0.423536362292384
0.423536362292384
0.423536362292384
0.423652894299842
0.423652894299842
0.423652894299842
0.423536362292384
0.423536362292384
0.423536362292384
0.423536362292384
0.423536362292384
0.423536362292384
0.423536362292384
0.423536362292384
0.423536362292384
0.423536362292384
0.423536362292384
0.423536362292384
0.423536362292384
0.423536362292384
0.423536362292384
0.423536362292384
0.423536362292384
0.423536362292384
0.423536362292384
0.423536362292384
0.423536362292384
0.423536362292384
0.423536362292384
0.423536362292384
0.423536362292384
0.423536362292384
0.423536362292384
0.423536362292384
0.424060756325945
0.424060756325945
0.424060756325945
0.424060756325945
0.424060756325945
0.424060756325945
0.424060756325945
0.423878703128237
0.423878703128237
0.423878703128237
0.423878703128237
0.423878703128237
0.423930495131552
0.423930495131552
0.423930495131552
0.423930495131552
0.423930495131552
0.423930495131552
0.423930495131552
0.424027605137767
0.424027605137767
0.424027605137767
0.424027605137767
0.424027605137767
0.424027605137767
0.424027605137767
0.424027605137767
0.424027605137767
0.424027605137767
0.424027605137767
0.424027605137767
0.424027605137767
0.424027605137767
0.424027605137767
0.424027605137767
0.424027605137767
0.424027605137767
0.424027605137767
0.424027605137767
0.424027605137767
0.424027605137767
0.424027605137767
0.427153133614203
0.424027605137767
0.422946447068573
0.424027605137767
0.424027605137767
0.424027605137767
0.424027605137767
0.424027605137767
0.424027605137767
0.424027605137767
0.424027605137767
0.424027605137767
0.424027605137767
0.424027605137767
0.424027605137767
0.424027605137767
0.424027605137767
0.424027605137767
0.424027605137767
0.424027605137767
0.424027605137767
0.424027605137767
0.424027605137767
0.424027605137767
0.424027605137767
0.424027605137767
0.424027605137767
0.424027605137767
0.424027605137767
0.424027605137767
0.424027605137767
0.424027605137767
0.424027605137767
0.424027605137767
0.424027605137767
0.424027605137767
0.424027605137767
0.424027605137767
0.424027605137767
0.424027605137767
0.424027605137767
0.424027605137767
0.424027605137767
0.424027605137767
0.424027605137767
0.424027605137767
0.424027605137767
0.424027605137767
0.424027605137767
0.424027605137767
0.424027605137767
0.424027605137767
0.424027605137767
0.424027605137767
0.424027605137767
0.424027605137767
0.424027605137767
0.424027605137767
0.424027605137767
0.424027605137767
0.424027605137767
0.422664180650508
0.422664180650508
0.422664180650508
0.422664180650508
0.422664180650508
0.422664180650508
0.422664180650508
0.422664180650508
0.422664180650508
0.422664180650508
0.422664180650508
0.422664180650508
0.422664180650508
0.422664180650508
0.422664180650508
0.422715175853771
0.422715175853771
0.422715175853771
0.422715175853771
0.422715175853771
0.422715175853771
0.422715175853771
0.422613185447244
0.422613185447244
0.422613185447244
0.422613185447244
0.422613185447244
0.422613185447244
0.422613185447244
0.422613185447244
0.422613185447244
0.422613185447244
0.422613185447244
0.422613185447244
0.422613185447244
0.422613185447244
0.422613185447244
0.422613185447244
0.422613185447244
0.422613185447244
0.422613185447244
0.422613185447244
0.422613185447244
0.422613185447244
0.422613185447244
0.422613185447244
0.422613185447244
0.422613185447244
0.422613185447244
0.422613185447244
0.422613185447244
0.422613185447244
0.422613185447244
0.422613185447244
0.422613185447244
0.422613185447244
0.422517569441124
0.422517569441124
0.422517569441124
0.422517569441124
0.422517569441124
0.422757148594294
0.422757148594294
0.422757148594294
0.422757148594294
0.422752884182205
0.422752884182205
0.422752884182205
0.422752884182205
0.422752884182205
0.422752884182205
0.422752884182205
0.422752884182205
0.42280188952685
0.42280188952685
0.42280188952685
0.42280188952685
0.422517569441124
0.422517569441124
0.422517569441124
0.422517569441124
0.422517569441124
0.422517569441124
0.422517569441124
0.422517569441124
0.422517569441124
0.422517569441124
0.422517569441124
0.422680938277458
0.422680938277458
0.42261473314117
0.42261473314117
0.42261473314117
0.422668999862103
0.422668999862103
0.422668999862103
0.422715175853771
0.422759796656627
0.422759796656627
0.422555815843572
0.422555815843572
0.422555815843572
0.422555815843572
0.422555815843572
0.422555815843572
0.422555815843572
0.422555815843572
0.422555815843572
0.422555815843572
0.422555815843572
0.422555815843572
0.422555815843572
0.422555815843572
0.422613185447244
0.422613185447244
0.422613185447244
0.422613185447244
0.422817166260299
0.422817166260299
0.422817166260299
0.422817166260299
0.422817166260299
0.422817166260299
0.422817166260299
0.422817166260299
0.422817166260299
0.422817166260299
0.422817166260299
0.422817166260299
0.422817166260299
0.422817166260299
0.422817166260299
0.422817166260299
0.422817166260299
0.422817166260299
0.422817166260299
0.422817166260299
0.422817166260299
0.422817166260299
0.422817166260299
0.422919156666826
0.422919156666826
0.422919156666826
0.422919156666826
0.422919156666826
0.422919156666826
0.422919156666826
0.422919156666826
0.422919156666826
0.422919156666826
0.422715175853771
0.422715175853771
0.422715175853771
0.422715175853771
0.422689678252139
0.422721721032508
0.422721721032508
0.422667485012588
0.42269298261422
0.422664180650508
0.422664180650508
0.422664180650508
0.422664180650508
0.422818332800255
0.422818332800255
0.422818332800255
0.422818332800255
0.422818332800255
0.422818332800255
0.422818332800255
0.422818332800255
0.422818332800255
0.422818332800255
0.422749913835475
0.422683234220744
0.422683234220744
0.422683234220744
0.422683234220744
0.422683234220744
0.422619559847652
0.422690640850357
0.422690640850357
0.422690640850357
0.422690640850357
0.422817055143499
0.422817055143499
0.422817055143499
0.422784328588746
0.422784328588746
0.422784328588746
0.422784328588746
0.422784328588746
0.422931905467642
0.422931905467642
0.422931905467642
0.422919156666826
0.422919156666826
0.422919156666826
0.422919156666826
0.422919156666826
0.422715175853771
0.422715175853771
0.422715175853771
0.422715175853771
0.422715175853771
0.422715175853771
0.422715175853771
0.422715175853771
0.422715175853771
0.422715175853771
0.422715175853771
0.422715175853771
0.422715175853771
0.422715175853771
0.422715175853771
0.422715175853771
0.422715175853771
0.422715175853771
0.422715175853771
0.422715175853771
0.422715175853771
0.422715175853771
0.422715175853771
0.422715175853771
0.422715175853771
0.422715175853771
0.422715175853771
0.41576593125199
0.415664313753713
0.415671868402838
0.416606552011104
0.416533605234494
0.415998369431697
0.41589878821856
0.415892540659013
0.415892540659013
0.404637703250024
0.403778886939107
0.392162228618272
0.391844434351051
0.391782953690644
0.393012246513594
0.393007382874014
0.393015233770812
0.393015233770812
0.393015233770812
0.393015233770812
0.393015233770812
0.393015233770812
0.393037858944365
0.392966123919696
0.392966123919696
0.392981903101977
0.392989773091648
0.392989773091648
0.393015233770812
0.393015233770812
0.393015233770812
0.393015233770812
0.393015233770812
0.393015233770812
0.393015233770812
0.392811632574655
0.392811632574655
0.392811632574655
0.392811632574655
0.392811632574655
0.392811632574655
0.392896497943127
0.392896497943127
0.392896497943127
0.392896497943127
0.392896497943127
0.392947356175804
0.392947356175804
0.392947356175804
0.392947356175804
0.392947356175804
0.392947356175804
0.392947356175804
0.393150957371961
0.393150957371961
0.393150957371961
0.393150957371961
0.39343948118928
0.39343948118928
0.39343948118928
0.39343948118928
0.393014719552942
0.393014719552942
0.393014719552942
0.393014719552942
0.393014719552942
0.392810738739887
0.392810738739887
0.392810738739887
0.392810738739887
0.392810738739887
0.392810738739887
0.392810738739887
0.392761304880252
0.392761304880252
0.392761304880252
0.392761304880252
0.392761304880252
0.392761304880252
0.392761304880252
0.392761304880252
0.392761304880252
0.392761304880252
0.392761304880252
0.392761304880252
0.392761304880252
0.392761304880252
0.392761304880252
0.392761304880252
0.392670501930912
0.392670501930912
0.392670501930912
0.392670501930912
0.392670501930912
0.392670501930912
0.392670501930912
0.392622039934722
0.392590481528464
0.392593985136729
0.392627370147714
0.392697871013153
0.39266264065502
0.39266264065502
0.392624119426585
0.392624119426585
0.392636868227401
0.373265479047251
0.387691068170635
0.387892606286784
0.387847929562006
0.387847929562006
0.387847929562006
0.387847929562006
0.387847929562006
0.387847929562006
0.387847929562006
0.387847929562006
0.387847929562006
0.387847929562006
0.387847929562006
0.387847929562006
0.387847929562006
0.387847929562006
0.387847929562006
0.387847929562006
0.387847929562006
0.388785549156342
0.387854428783988
0.387854428783988
0.387854428783988
0.387854428783988
0.387854428783988
0.387854428783988
0.387854428783988
0.387854428783988
0.387854428783988
0.387854428783988
0.387854428783988
0.387854428783988
0.387857723435303
0.387854428783988
0.387854428783988
0.387854428783988
0.387854428783988
0.387854428783988
0.387854428783988
0.387854428783988
0.387854428783988
0.387854428783988
0.387854428783988
0.387854428783988
0.387864230217451
0.387864230217451
0.387864230217451
0.387864230217451
0.387864230217451
0.3884360164259
0.388338995305614
0.388338995305614
0.388338995305614
0.388338995305614
0.388338995305614
0.388338995305614
0.388338995305614
0.388338995305614
0.388338995305614
0.388338995305614
0.388338995305614
0.388338995305614
0.388338995305614
0.388390032802224
0.388390032802224
0.388185882815781
0.388185882815781
0.388185882815781
0.388185882815781
0.388185882815781
0.388185882815781
0.388185882815781
0.388185882815781
0.388185882815781
0.388185882815781
0.38813484531917
0.38813484531917
0.38813484531917
0.38813484531917
0.38813484531917
0.38813484531917
0.38813484531917
0.38813484531917
0.38813484531917
0.38813484531917
0.38813484531917
0.38813484531917
0.388185882815781
0.388185882815781
0.388185882815781
0.388185882815781
0.388185882815781
0.388185882815781
0.388185882815781
0.388185882815781
0.388185882815781
0.388185882815781
0.400843181975257
0.424966190461758
0.413476182077726
0.413447459504101
0.413335996784819
0.413335996784819
0.413335996784819
0.413318330364727
0.413318330364727
0.413318330364727
0.413449636668665
0.413449636668665
0.413449636668665
0.413449636668665
0.413354548868598
0.413750089467331
0.414158220196706
0.414207778047753
0.414207778047753
0.414207778047753
0.414207778047753
0.414207778047753
0.414207778047753
0.413935518126483
0.413935518126483
0.413935518126483
0.413935518126483
0.413935518126483
0.413935518126483
0.413935518126483
0.413935518126483
0.413935518126483
0.413935518126483
0.413935518126483
0.413935518126483
0.413935518126483
0.413527387397109
0.413527387397109
0.413527387397109
0.413777069566442
0.414353195993928
0.414353195993928
0.414353195993928
0.414353195993928
0.414170283977466
0.414170283977466
0.41416599087591
0.41416599087591
0.41416599087591
0.413819465488551
0.413819465488551
0.413819465488551
0.413819465488551
0.413819465488551
0.413819465488551
0.413883262359315
0.413679112372871
0.413679112372871
0.413679112372871
0.413679112372871
0.413679112372871
0.413679112372871
0.413679112372871
0.413679112372871
0.413679112372871
0.413679112372871
0.413679112372871
0.413679112372871
0.413679112372871
0.413679112372871
0.413679112372871
0.413679112372871
0.41381061721374
0.41381061721374
0.41381061721374
0.41381061721374
0.41381061721374
0.41381061721374
0.41356607205426
0.41356607205426
0.41381061721374
0.41381061721374
0.41381061721374
0.41381061721374
0.41381061721374
0.41381061721374
0.41381061721374
0.41381061721374
0.413474962386428
0.413474962386428
0.413474962386428
0.413474962386428
0.413474962386428
0.413474962386428
0.413474962386428
0.413474962386428
0.413516119163891
0.413516119163891
0.413516119163891
0.413516119163891
0.413516119163891
0.413516119163891
0.413516119163891
0.413516119163891
0.413670889382391
0.413670889382391
0.413670889382391
0.413670889382391
0.413670889382391
0.413670889382391
0.413670889382391
0.413670889382391
0.413670889382391
0.413670889382391
0.413603666512554
0.413603666512554
0.413603666512554
0.413603666512554
0.413603666512554
0.413603666512554
0.413474962386428
0.413474962386428
0.413474962386428
0.413474962386428
0.413474962386428
0.413474962386428
0.413474962386428
0.413474962386428
0.413474962386428
0.413474962386428
0.413474962386428
0.413474962386428
0.413474962386428
0.413474962386428
0.413474962386428
0.413474962386428
0.413641062663487
0.413624861286989
0.413620826393347
0.413620826393347
0.413620826393347
0.413620826393347
0.413620826393347
0.413620826393347
0.413620826393347
0.413621695189184
0.413621695189184
0.413621695189184
0.413621695189184
0.413621695189184
0.413621695189184
0.413621695189184
0.413672732685795
0.413474962386428
0.413474962386428
0.413474962386428
0.413449443638123
0.413449443638123
0.413449443638123
0.413474962386428
0.413474962386428
0.413474962386428
0.413474962386428
0.413474962386428
0.413474962386428
0.413474962386428
0.413474962386428
0.413474962386428
0.413474962386428
0.413628074876261
0.413628074876261
0.413628074876261
0.413799437935064
0.413799437935064
0.413799437935064
0.413799437935064
0.413799437935064
0.413799437935064
0.413593315673359
0.413593315673359
0.413593315673359
0.413593315673359
0.413593315673359
0.413593315673359
0.413593315673359
0.413593315673359
0.413593315673359
0.413593315673359
0.413474962386428
0.413507122670018
0.413507122670018
0.413507122670018
0.413507122670018
0.413507122670018
0.413507122670018
0.413507122670018
0.413507122670018
0.413474962386428
0.413474962386428
0.413474962386428
0.413474962386428
0.413474962386428
0.413474962386428
0.413474962386428
0.413474962386428
0.413474962386428
0.413474962386428
0.413474962386428
0.413474962386428
0.413474962386428
0.413474962386428
0.413474962386428
0.413474962386428
0.413474962386428
0.413474962386428
0.413474962386428
0.413474962386428
0.413474962386428
0.413474962386428
0.413474962386428
0.413648275010609
0.413648275010609
0.413584858178655
0.413584858178655
0.413584858178655
0.413584858178655
0.413584858178655
0.413584858178655
0.413584858178655
0.413789008165098
0.413789008165098
0.413789008165098
0.413972670799796
0.413972670799796
0.413972670799796
0.413972670799796
0.413972670799796
0.413972670799796
0.413972670799796
0.413972670799796
0.413972670799796
0.413883262359315
0.413679112372871
0.413679112372871
0.413679112372871
0.413474962386428
0.413474962386428
0.413474962386428
0.413474962386428
0.413474962386428
0.413474962386428
0.413474962386428
0.413474962386428
0.413474962386428
0.413474962386428
0.413474962386428
0.413474962386428
0.413474962386428
0.413474962386428
0.413474962386428
0.413474962386428
0.413474962386428
0.413615315502108
0.413615315502108
0.413615315502108
0.413615315502108
0.413615315502108
0.413615315502108
0.413615315502108
0.41381061721374
0.41381061721374
0.41381061721374
0.41381061721374
0.41381061721374
0.41381061721374
0.41381061721374
0.41381061721374
0.41381061721374
0.41381061721374
0.41381061721374
0.41401209365831
0.41401209365831
0.41401209365831
0.41401209365831
0.41401209365831
0.413994869708528
0.413994869708528
0.413994869708528
0.413994869708528
0.413994869708528
0.413994869708528
0.413994869708528
0.413994869708528
0.414199019694971
0.414199019694971
0.414199019694971
0.413997708023612
0.413972189275307
0.413972189275307
0.413997708023612
0.413997708023612
0.413858526613049
0.413858526613049
0.413858526613049
0.413858526613049
0.413858526613049
0.413858526613049
0.413858526613049
0.413654376626606
0.413654376626606
0.413654376626606
0.413654376626606
0.413654376626606
0.413654376626606
0.413654376626606
0.413654376626606
0.413985272087195
0.414324076797207
0.414324076797207
0.414324076797207
0.414324076797207
0.414324076797207
0.414324076797207
0.414324076797207
0.414324076797207
0.414324076797207
0.414324076797207
0.414324076797207
0.414324076797207
0.414324076797207
0.414119926810764
0.414119926810764
0.414119926810764
0.414119926810764
0.414352894406327
0.414352894406327
0.414352894406327
0.413883262359315
0.413883262359315
0.413883262359315
0.413883262359315
0.472517871255249
1.0
1.0
1.0
1.0
1.0
1.0
1.0
1.0
1.0
1.0
1.0
1.0
1.0
1.0
1.0
1.0
1.0
1.0
0.378485987384369
0.3805090423877
0.415701120228663
0.415701120228663
0.415701120228663
0.415905101041717
0.417046118714743
0.415905101041717
0.415905101041717
0.415905101041717
0.415905101041717
0.415905101041717
0.415905101041717
0.415905101041717
0.415905101041717
0.415905101041717
0.415905101041717
0.415908277712249
0.415908277712249
0.415908277712249
0.415908277712249
0.415908277712249
0.414963818369863
0.414963818369863
0.414963818369863
0.414963818369863
0.414963818369863
0.414963818369863
0.414963818369863
0.414925698323484
0.414925698323484
0.414925698323484
0.414925698323484
0.414973348381458
0.414973348381458
0.414973348381458
0.414973348381458
0.414973348381458
0.414973348381458
0.414973348381458
0.414947935017205
0.414947935017205
0.414947935017205
0.414947935017205
0.414947935017205
0.414947935017205
0.414947935017205
0.414947935017205
0.414947935017205
0.414947935017205
0.414947935017205
0.414947935017205
0.414947935017205
0.414947935017205
0.414947935017205
0.414947935017205
0.414909814970825
0.414909814970825
0.414909814970825
0.414909814970825
0.414909814970825
0.414909814970825
0.414909814970825
0.414705834157771
0.414705834157771
0.414705834157771
0.414705834157771
0.414705834157771
0.414705834157771
0.414705834157771
0.414705834157771
0.414705834157771
0.414807487614782