0.0104438985731714
0.0104438985731714
0.0104438985731714
0.010391284474566
0.010391284474566
0.010391284474566
0.0104438985731714
0.0104438985731714
0.0104438985731714
0.0104438985731714
0.0104438985731714
0.0104438985731714
0.0102334421787498
0.0102334421787498
0.0102334421787498
0.010128213981539
0.010128213981539
0.010128213981539
0.010128213981539
0.010128213981539
0.010128213981539
0.010128213981539
0.0100755998829336
0.0101841164613073
0.0101841164613073
0.0101841164613073
0.0101841164613073
0.0101841164613073
0.0101841164613073
0.0101784110552176
0.0101841164613073
0.0101841164613073
0.00994858164351195
0.00808560362947041
0.00808560362947041
0.00808560362947041
0.00808560362947041
0.00808560362947041
0.00879579595186017
0.00879579595186017
0.00879579595186017
0.00879579595186017
0.00879579595186017
0.00900607809134952
0.00921636023083886
0.00921636023083886
0.00932150130058353
0.00932150130058353
0.00932150130058353
0.00932150130058353
0.00824298582341922
0.00824298582341922
0.009157155786688
0.009157155786688
0.009157155786688
0.009157155786688
0.00824298582341922
0.00824298582341922
0.00823194547411406
0.00823194547411406
0.00823194547411406
0.00823194547411406
0.00812817907821283
0.00812817907821283
0.00812817907821283
0.00812817907821283
0.00812817907821283
0.00812817907821283
0.00812817907821283
0.00812817907821283
0.00812817907821283
0.00812817907821283
0.00812817907821283
0.00812817907821283
0.00833571187001529
0.00823194547411406
0.00823194547411406
0.00823194547411406
0.00823194547411406
0.00823194547411406
0.00823194547411406
0.00823843087385789
0.00823843087385789
0.00823843087385789
0.00823843087385789
0.00844596366566034
0.00844596366566034
0.00844596366566034
0.00844596366566034
0.00844596366566034
0.00844255127043777
0.00823569461886518
0.00823569461886518
0.00844255127043777
0.00845547981116106
0.00845547981116106
0.00834174953387197
0.00838706753677232
0.00838706753677232
0.00838706753677232
0.00838706753677232
0.00817989952351357
0.00817989952351357
0.00817989952351357
0.00817989952351357
0.00797273151025482
0.00802452351356951
0.00802452351356951
0.00802452351356951
0.00802452351356951
0.00801157551274083
0.00801157551274083
0.00801157551274083
0.00801157551274083
0.00801157551274083
0.00801157551274083
0.00801157551274083
0.00801157551274083
0.00801157551274083
0.00801157551274083
0.00801157551274083
0.00800204519113314
0.00794519317341066
0.00798654662227222
0.00798654662227222
0.00798654662227222
0.00798654662227222
0.00798654662227222
0.00798654662227222
0.00798654662227222
0.00798032276248334
0.00798032276248334
0.00798032276248334
0.00798032276248334
0.00798032276248334
0.00798032276248334
0.00778115924923896
0.00778115924923896
0.00758199573599459
0.00758199573599459
0.00759494373682326
0.00758199573599459
0.00758199573599459
0.00758199573599459
0.00758199573599459
0.00758199573599459
0.00758199573599459
0.00758199573599459
0.00758199573599459
0.00758199573599459
0.00758199573599459
0.00758199573599459
0.00778068698956553
0.00778068698956553
0.00778068698956553
0.00778068698956553
0.00778068698956553
0.00778068698956553
0.00778068698956553
0.00778068698956553
0.00778068698956553
0.00817131198956553
0.00817131198956553
0.00817131198956553
0.00817131198956553
0.00817131198956553
0.00817131198956553
0.00817131198956553
0.00816034826705396
0.00816034826705396
0.00816034826705396
0.00816034826705396
0.00803925911576655
0.00803925911576655
0.00803925911576655
0.00803925911576655
0.00803925911576655
0.00816764252212992
0.00816764252212992
0.00835746788279811
0.00835746788279811
0.00835746788279811
0.00835746788279811
0.0084523805631322
0.0084523805631322
0.0084523805631322
0.00984603148994023
0.00800566246619096
0.00800566246619096
0.00892479888624187
0.00892479888624187
0.00892479888624187
0.00902799357779159
0.00866868655479594
0.00825435052827844
0.00804718251501968
0.00804718251501968
0.00804718251501968
0.00804718251501968
0.00794359850839031
0.00794359850839031
0.00794359850839031
0.00794359850839031
0.00794359850839031
0.00794359850839031
0.00850683654443754
0.00871400455769629
0.00871400455769629
0.00871400455769629
0.00871400455769629
0.00871400455769629
0.00871400455769629
0.00871400455769629
0.00871400455769629
0.00871400455769629
0.00871400455769629
0.00871400455769629
0.00871400455769629
0.00871400455769629
0.00871400455769629
0.00891168460633228
0.00891168460633228
0.0087072274401086
0.0087072274401086
0.0087072274401086
0.0087072274401086
0.0087072274401086
0.0087072274401086
0.0087072274401086
0.0087072274401086
0.0087072274401086
0.0087072274401086
0.0087072274401086
0.0087072274401086
0.00782028938334457
0.00921664033756484
0.00901218317134116
0.00940987402261539
0.00940987402261539
0.00940987402261539
0.00940987402261539
0.00940987402261539
0.00940987402261539
0.00940987402261539
0.00940987402261539
0.00940987402261539
0.00940987402261539
0.00940987402261539
0.00940987402261539
0.00940987402261539
0.00940987402261539
0.00935941993583436
0.00935941993583436
0.00935581429016677
0.00935581429016677
0.00935581429016677
0.00935581429016677
0.00935581429016677
0.00935581429016677
0.00935581429016677
0.00935581429016677
0.00935581429016677
0.00935581429016677
0.00935581429016677
0.00935581429016677
0.00935581429016677
0.00935581429016677
0.00935581429016677
0.00935581429016677
0.00963334188761703
0.00963334188761703
0.00963334188761703
0.00963334188761703
0.00963334188761703
0.00963334188761703
0.00963334188761703
0.00963334188761703
0.00963334188761703
0.00963334188761703
0.00963334188761703
0.00971697691192729
0.00971697691192729
0.00971697691192729
0.00971697691192729
0.00971697691192729
0.00923163426001504
0.00923163426001504
0.00923163426001504
0.00927724259374352
0.00927724259374352
0.00927724259374352
0.00927724259374352
0.00927724259374352
0.00927724259374352
0.00927724259374352
0.00927724259374352
0.00917365858711415
0.00917365858711415
0.00917365858711415
0.00917365858711415
0.00917365858711415
0.00979516262689041
0.00979516262689041
0.00979516262689041
0.00979516262689041
0.00979516262689041
0.0116596747462192
0.0108310026931842
0.0108310026931842
0.0108310026931842
0.0108310026931842
0.0108310026931842
0.0108310026931842
0.0110381707064429
0.0110381707064429
0.0110381707064429
0.0110381707064429
0.0102353946550653
0.0102094986534079
0.0102094986534079
0.0102094986534079
0.0102094986534079
0.0102094986534079
0.0102094986534079
0.0102094986534079
0.0102094986534079
0.0102094986534079
0.0102094986534079
0.0102094986534079
0.0102094986534079
0.0102094986534079
0.0104166666666667
0.0104166666666667
0.0105141110985051
0.0105141110985051
0.0105020713960814
0.0105020713960814
0.0105020713960814
0.0105020713960814
0.0105020713960814
0.0102989432222037
0.0102989432222037
0.0102989432222037
0.0102989432222037
0.0102989432222037
0.0102989432222037
0.0102989432222037
0.0102989432222037
0.0103118912230323
0.0102989432222037
0.0102989432222037
0.0102989432222037
0.0102989432222037
0.0102989432222037
0.0102989432222037
0.0102989432222037
0.0102989432222037
0.0102989432222037
0.0102989432222037
0.0102989432222037
0.0102989432222037
0.0100958150483259
0.0100958150483259
0.0100958150483259
0.0100958150483259
0.00989268687444823
0.0101996061034077
0.0101996061034077
0.0101996061034077
0.0101996061034077
0.0103943480703016
0.0103943480703016
0.0103943480703016
0.0105890900371954
0.0105890900371954
0.0105890900371954
0.0105890900371954
0.0105890900371954
0.0105890900371954
0.0105890900371954
0.0105890900371954
0.0105890900371954
0.0102508911783022
0.0102508911783022
0.0142751709136109
0.0142751709136109
0.0140680029003522
0.0140680029003522
0.0140680029003522
0.0138608348870934
0.00939377460120158
0.00939377460120158
0.00939377460120158
0.00939377460120158
0.00939377460120158
0.00939377460120158
0.00939377460120158
0.00939377460120158
0.00928371659415786
0.00928371659415786
0.00928371659415786
0.00928371659415786
0.00928371659415786
0.00928371659415786
0.00928371659415786
0.00934956181521051
0.00948546291334646
0.00948546291334646
0.00899343888185692
0.00899343888185692
0.00899343888185692
0.00899343888185692
0.00929088176434398
0.00908906541721987
0.00995768491171558
0.00932357654168506
0.0102192152048832
0.00977608848680673
0.00946109609930056
0.00953875193532367
0.0091089611656755
0.010038787357928
0.00981770953853554
0.00960088073470348
0.0090830410450733
0.00975197493209646
0.0095887164360328
0.00959983847255169
0.00959983847255169
0.0093019238747364
0.00955432748932434
0.00955432748932434
0.00955432748932434
0.00955432748932434
0.00955432748932434
0.00955432748932434
0.00955432748932434
0.00954785751002827
0.00954785751002827
0.00935595576372238
0.00935595576372238
0.00926000489056943
0.00836067776841623
0.00836067776841623
0.00836067776841623
0.00836067776841623
0.00820475759954269
0.00820475759954269
0.00820475759954269
0.00820475759954269
0.00820475759954269
0.00820475759954269
0.00820475759954269
0.00820475759954269
0.00820475759954269
0.00839665934584858
0.00839665934584858
0.00839665934584858
0.00839665934584858
0.00839665934584858
0.00839665934584858
0.00839665934584858
0.00841579502353747
0.00840690776353161
0.00840690776353161
0.00840690776353161
0.00840690776353161
0.00840690776353161
0.00845171071551401
0.00845171071551401
0.00835920377749366
0.00835920377749366
0.00835920377749366
0.00835920377749366
0.00835920377749366
0.00854421765353436
0.00854421765353436
0.00854421765353436
0.00834474956842798
0.00851116352826451
0.00859099854982391
0.00859099854982391
0.00859099854982391
0.00859099854982391
0.00853920654650922
0.00853920654650922
0.00853920654650922
0.00853920654650922
0.00853920654650922
0.00853920654650922
0.00853920654650922
0.00833203853325047
0.00833203853325047
0.00833203853325047
0.00833203853325047
0.00833203853325047
0.00833203853325047
0.00833203853325047
0.00833203853325047
0.00833203853325047
0.00843562253987984
0.00843562253987984
0.00843562253987984
0.00843562253987984
0.00843562253987984
0.00843562253987984
0.00843562253987984
0.00843562253987984
0.00843562253987984
0.00843562253987984
0.00843562253987984
0.00843562253987984
0.00843562253987984
0.00843562253987984
0.00843562253987984
0.00821226952558525
0.00833203853325047
0.00833203853325047
0.00833203853325047
0.00833203853325047
0.00833203853325047
0.00853920654650922
0.00853920654650922
0.00853920654650922
0.00853920654650922
0.00853920654650922
0.00853920654650922
0.00859099854982391
0.00859099854982391
0.00859099854982391
0.00859099854982391
0.00864279055313859
0.00864279055313859
0.00864279055313859
0.00864279055313859
0.00864279055313859
0.00864279055313859
0.00843562253987984
0.00864279055313859
0.00864279055313859
0.00864279055313859
0.00864279055313859
0.00864279055313859
0.00859099854982391
0.00859099854982391
0.00859099854982391
0.00859099854982391
0.00853920654650922
0.00853920654650922
0.00853920654650922
0.00853920654650922
0.00853920654650922
0.00853920654650922
0.00853920654650922
0.00833203853325047
0.00833203853325047
0.00833203853325047
0.00833203853325047
0.00853107400540399
0.00832661683918031
0.00852315154810531
0.00852315154810531
0.00852315154810531
0.00852315154810531
0.00852315154810531
0.00852315154810531
0.00852315154810531
0.00857360563488634
0.00837178928776222
0.00837178928776222
0.00837178928776222
0.00857360563488634
0.00857360563488634
0.00857360563488634
0.00857360563488634
0.00857149450029562
0.00825484852831031
0.00825484852831031
0.00825484852831031
0.00825484852831031
0.00825484852831031
0.00825484852831031
0.00825484852831031
0.00820385332504661
0.00820385332504661
0.00820385332504661
0.00820385332504661
0.00810186291851923
0.00810186291851923
0.00810186291851923
0.00810186291851923
0.00810186291851923
0.00810186291851923
0.00810186291851923
0.00810186291851923
0.008305843731574
0.008305843731574
0.008305843731574
0.00850982454462877
0.00850982454462877
0.00850982454462877
0.00850982454462877
0.00850982454462877
0.00850982454462877
0.00850982454462877
0.00850982454462877
0.00850982454462877
0.00850982454462877
0.00850982454462877
0.00850982454462877
0.00850982454462877
0.00850982454462877
0.008305843731574
0.008305843731574
0.008305843731574
0.00810186291851923
0.00810186291851923
0.00810186291851923
0.00810186291851923
0.00799987251199184
0.00799987251199184
0.00799987251199184
0.00799987251199184
0.00799987251199184
0.00779589169893707
0.00779589169893707
0.00779589169893707
0.00779589169893707
0.00779589169893707
0.00779589169893707
0.00779589169893707
0.00779589169893707
0.00779589169893707
0.00779589169893707
0.00779589169893707
0.00779589169893707
0.00779589169893707
0.00799206930097241
0.00799206930097241
0.00799206930097241
0.00799206930097241
0.00799191307751867
0.00799191307751867
0.00799191307751867
0.00799191307751867
0.00799191307751867
0.00799191307751867
0.00808992376680947
0.00808992376680947
0.00808992376680947
0.00808992376680947
0.00808992376680947
0.00808992376680947
0.00789359118143512
0.00789359118143512
0.00789359118143512
0.00789359118143512
0.00790580361674738
0.00790580361674738
0.00790580361674738
0.00790580361674738
0.00790580361674738
0.00790580361674738
0.00790580361674738
0.00790580361674738
0.00790580361674738
0.00809737348190033
0.00809737348190033
0.00809737348190033
0.00809737348190033
0.00809737348190033
0.00809737348190033
0.00811461171933515
0.00821022772545458
0.00821022772545458
0.00821022772545458
0.00821022772545458
0.00821022772545458
0.00821022772545458
0.00821022772545458
0.00821022772545458
0.00821022772545458
0.00821022772545458
0.00821022772545458
0.00821022772545458
0.00821022772545458
0.00821022772545458
0.00821022772545458
0.00821022772545458
0.0080062469123998
0.0080062469123998
0.0080062469123998
0.0080062469123998
0.00841420853850935
0.00841420853850935
0.00851619894503673
0.00851619894503673
0.00851619894503673
0.00851619894503673
0.00851619894503673
0.00851619894503673
0.00851619894503673
0.00851619894503673
0.00851619894503673
0.00851619894503673
0.00851619894503673
0.00851619894503673
0.00851619894503673
0.00851619894503673
0.00851619894503673
0.00851619894503673
0.00851619894503673
0.00856719414830043
0.00856719414830043
0.00856719414830043
0.00856719414830043
0.00856719414830043
0.00856719414830043
0.00856719414830043
0.00856719414830043
0.00856719414830043
0.00856719414830043
0.00856719414830043
0.00856719414830043
0.00856719414830043
0.00856719414830043
0.00836321333524565
0.00826122292871827
0.00821022772545458
0.00821022772545458
0.00821022772545458
0.00821022772545458
0.00821022772545458
0.00821022772545458
0.00821022772545458
0.00821022772545458
0.00821022772545458
0.00821022772545458
0.00821022772545458
0.00806552221107828
0.00806552221107828
0.00806552221107828
0.00806552221107828
0.00806552221107828
0.00806552221107828
0.00806552221107828
0.00806552221107828
0.00806552221107828
0.00806552221107828
0.00826012270028334
0.00825422184942214
0.00825422184942214
0.00825422184942214
0.00825422184942214
0.00825422184942214
0.00800366803382363
0.00830277841880673
0.00830277841880673
0.00830277841880673
0.00830277841880673
0.0082964951048281
0.0082964951048281
0.0082964951048281
0.0083881771805392
0.0083881771805392
0.0083881771805392
0.0083881771805392
0.0083881771805392
0.00843333173973323
0.00843333173973323
0.00853532214626062
0.00852257334544469
0.00861181495115616
0.00861181495115616
0.00861181495115616
0.00861181495115616
0.00840783413810139
0.00840783413810139
0.00840783413810139
0.00840783413810139
0.008305843731574
0.008305843731574
0.008305843731574
0.008305843731574
0.008305843731574
0.00861181495115616
0.00861181495115616
0.00861181495115616
0.00840783413810139
0.00840783413810139
0.00840783413810139
0.00840783413810139
0.00840783413810139
0.00820385332504661
0.00820385332504661
0.00820385332504661
0.00799987251199184
0.00799987251199184
0.00799987251199184
0.00810186291851923
0.00810186291851923
0.00810186291851923
0.00810186291851923
0.00786919730362863
0.00836323858424179
0.00836323858424179
0.00386132771139033
0.00386132771139033
0.00386132771139033
0.00387382283048443
0.00387382283048443
0.00387382283048443
0.00387950551615556
0.00565664539584057
0.0056431744855142
0.00506784614343864
0.00553891412409142
0.00623952094334564
0.00370962157674804
0.00408610032131255
0.00379421829030009
0.00379421829030009
0.00379421829030009
0.00380638004159227
0.00380638004159227
0.00380638004159227
0.00384451583680305
0.00384451583680305
0.00380638004159227
0.00380029916594618
0.00380029916594618
0.00380029916594618
0.00384894617111493
0.00384894617111493
0.00384894617111493
0.00304627058583065
0.00304201729576125
0.00304201729576125
0.00304201729576125
0.00304201729576125
0.00304201729576125
0.00304201729576125
0.00304201729576125
0.00299397790345956
0.00334629059168547
0.00334629059168547
0.00334629059168547
0.00334629059168547
0.00334629059168547
0.00334629059168547
0.00334629059168547
0.00334629059168547
0.00334629059168547
0.00334629059168547
0.00334629059168547
0.00334629059168547
0.00334629059168547
0.00334629059168547
0.00334629059168547
0.00334629059168547
0.00352790620783166
0.00352610375011281
0.00352610375011281
0.00352610375011281
0.00363340823253813
0.00363340823253813
0.00363340823253813
0.00363340823253813
0.00363340823253813
0.00363340823253813
0.00363340823253813
0.00363340823253813
0.00363340823253813
0.00363340823253813
0.00363340823253813
0.00363340823253813
0.00365897621192954
0.00365897621192954
0.00365897621192954
0.00365897621192954
0.00365897621192954
0.00365897621192954
0.00365897621192954
0.00365897621192954
0.00365897621192954
0.00365897621192954
0.00365897621192954
0.00365897621192954
0.00365897621192954
0.00365897621192954
0.00365897621192954
0.00365897621192954
0.00340733662273117
0.00340733662273117
0.00340733662273117
0.00360864829408986
0.00360864829408986
0.00380995996544856
0.00380995996544856
0.00382270876626448
0.00396197990597149
0.00400022630841926
0.00400022630841926
0.00401193892223128
0.00401193892223128
0.00401193892223128
0.00399864087730398
0.00399864087730398
0.00379732920594528
0.00384110761619768
0.00495459042267775
0.00495459042267775
0.00495459042267775
0.00475575855987174
0.00493619768257768
0.00493619768257768
0.004634600317005
0.004634600317005
0.004634600317005
0.004634600317005
0.004634600317005
0.004634600317005
0.004634600317005
0.004634600317005
0.004634600317005
0.004634600317005
0.00419965560156066
0.00419965560156066
0.00419965560156066
0.00419965560156066
0.0040052212839036
0.0040052212839036
0.0038593955456608
0.0038593955456608
0.0038593955456608
0.0038593955456608
0.0038593955456608
0.0038593955456608
0.0038593955456608
0.0038593955456608
0.0038593955456608
0.0038593955456608
0.00390070326954493
0.00426639942086543
0.00426639942086543
0.00426639942086543
0.00426639942086543
0.00426639942086543
0.00426639942086543
0.00426639942086543
0.00426639942086543
0.00426639942086543
0.00426639942086543
0.00426639942086543
0.00426639942086543
0.00426639942086543
0.00428994129597578
0.00428994129597578
0.00428994129597578
0.00422329482600589
0.00430628877653551
0.00424249190577202
0.00424249190577202
0.00424249190577202
0.00424249190577202
0.00424249190577202
0.00424249190577202
0.00424249190577202
0.00424249190577202
0.00424249190577202
0.00424249190577202
0.00424249190577202
0.00424249190577202
0.00424249190577202
0.00424249190577202
0.00424249190577202
0.00424249190577202
0.00424249190577202
0.00424249190577202
0.00424249190577202
0.00424249190577202
0.00421697315746663
0.00421697315746663
0.00443388251806249
0.00443388251806249
0.00443388251806249
0.00443388251806249
0.00443388251806249
0.00440836376975709
0.00440836376975709
0.00440836376975709
0.00440836376975709
0.00440836376975709
0.00430628877653551
0.00430628877653551
0.00430628877653551
0.00430628877653551
0.00433180752484091
0.00412765753839774
0.00412765753839774
0.00412765753839774
0.00412765753839774
0.00412765753839774
0.00412765753839774
0.00412765753839774
0.00411489816424504
0.00411489816424504
0.00431904815068821
0.00370659819135871
0.00370659819135871
0.00370659819135871
0.00370659819135871
0.00370659819135871
0.00370659819135871
0.00390787936212134
0.00390787936212134
0.00390787936212134
0.00409741030083364
0.00409741030083364
0.00409741030083364
0.00409741030083364
0.00415816238399132
0.00415816238399132
0.00415816238399132
0.00415816238399132
0.00415816238399132
0.00415816238399132
0.00415816238399132
0.00415816238399132
0.00415816238399132
0.00403042316863186
0.00403042316863186
0.00403042316863186
0.00403042316863186
0.00403042316863186
0.00403042316863186
0.00403042316863186
0.00403042316863186
0.00403042316863186
0.00422306949706375
0.00422306949706375
0.00422306949706375
0.00422306949706375
0.00422306949706375
0.00422306949706375
0.00424715028811773
0.00448930507501378
0.00463215887843276
0.00463215887843276
0.00463215887843276
0.00463215887843276
0.00444924686197068
0.00444924686197068
0.0044025087163126
0.0052765258457724
0.0052765258457724
0.00542911370197292
0.00542911370197292
0.00522496371552975
0.00522496371552975
0.00522496371552975
0.00519944496722436
0.00518668559307166
0.00498253560662849
0.00498253560662849
0.00498253560662849
0.00498253560662849
0.00498253560662849
0.00498253560662849
0.00488046061340691
0.00488046061340691
0.00488046061340691
0.00488046061340691
0.00488046061340691
0.00488046061340691
0.00488046061340691
0.00488046061340691
0.00488046061340691
0.00488046061340691
0.00466628484494076
0.00466628484494076
0.00466628484494076
0.00466628484494076
0.00466628484494076
0.00466628484494076
0.00507458481782709
0.00507458481782709
0.00507458481782709
0.00507458481782709
0.00507458481782709
0.00507458481782709
0.00507458481782709
0.00507458481782709
0.00507458481782709
0.00507458481782709
0.0052885492615749
0.0052885492615749
0.0052885492615749
0.0052885492615749
0.0052885492615749
0.0052885492615749
0.0052885492615749
0.0052885492615749
0.0052885492615749
0.0052885492615749
0.0052885492615749
0.0052885492615749
0.0052885492615749
0.0052885492615749
0.0052885492615749
0.0052885492615749
0.00488350861544778
0.00488350861544778
0.00488350861544778
0.00488350861544778
0.00488350861544778
0.00488350861544778
0.00488350861544778
0.00488350861544778
0.00488350861544778
0.00488350861544778
0.0050702559899055
0.0050702559899055
0.0050702559899055
0.0050702559899055
0.0050702559899055
0.0050702559899055
0.0050702559899055
0.0050702559899055
0.0050702559899055
0.0050702559899055
0.0050702559899055
0.0050702559899055
0.0050702559899055
0.0050702559899055
0.0050702559899055
0.0050702559899055
0.0050702559899055
0.0050702559899055
0.0050702559899055
0.0050702559899055
0.0050702559899055
0.0050702559899055
0.00505543602090721
0.00505318707913903
0.00515826234103725
0.00515826234103725
0.00515826234103725
0.00515826234103725
0.00515826234103725
0.00515826234103725
0.00515826234103725
0.0052313434026061
0.00512926840938452
0.00512926840938452
0.00512926840938452
0.00512926840938452
0.00512926840938452
0.00512926840938452
0.00512926840938452
0.00509736997400278
0.00509736997400278
0.00509736997400278
0.00509736997400278
0.00509736997400278
0.00509736997400278
0.00509736997400278
0.00509736997400278
0.00509736997400278
0.00489321998755961
0.00489321998755961
0.00489321998755961
0.00489321998755961
0.00489321998755961
0.00489321998755961
0.00489321998755961
0.00514840747061357
0.00514840747061357
0.00514840747061357
0.00536207292252654
0.00536207292252654
0.00536207292252654
0.00536207292252654
0.00536207292252654
0.00536207292252654
0.00531062878463473
0.00531062878463473
0.00531062878463473
0.00531062878463473
0.00531062878463473
0.00531062878463473
0.00531062878463473
0.00531062878463473
0.00531062878463473
0.00531062878463473
0.00504459495601493
0.00508335273800851
0.00546550503166867
0.00546550503166867
0.00546550503166867
0.00546550503166867
0.00546550503166867
0.00546550503166867
0.00546550503166867
0.00546195631623131
0.00546195631623131
0.00546195631623131
0.00546195631623131
0.00543814572944917
0.00543814572944917
0.00543814572944917
0.00543814572944917
0.00543814572944917
0.00543814572944917
0.00543814572944917
0.00543814572944917
0.00543814572944917
0.0050571763409348
0.0050571763409348
0.0050571763409348
0.0050095551673705
0.00483097576650439
0.00483097576650439
0.00483097576650439
0.00490240752685083
0.00499764987397943
0.00499764987397943
0.00515551581743717
0.00524845666929816
0.00542102395887554
0.00542102395887554
0.00542102395887554
0.00542102395887554
0.00542102395887554
0.00542102395887554
0.00542102395887554
0.0053291926415266
0.0053291926415266
0.0053291926415266
0.0053291926415266
0.00528327698285213
0.00615729411231193
0.00615729411231193
0.00597363147761404
0.00597363147761404
0.0056981375255672
0.0056981375255672
0.0056981375255672
0.00575447774286671
0.00575447774286671
0.00575447774286671
0.00575447774286671
0.00575447774286671
0.00575447774286671
0.00575447774286671
0.00575447774286671
0.00575447774286671
0.00575447774286671
0.00575447774286671
0.00575447774286671
0.00575447774286671
0.00585655273608829
0.00585655273608829
0.00585655273608829
0.00595862772930988
0.00595862772930988
0.00595862772930988
0.00595862772930988
0.00595862772930988
0.00626485270897462
0.00626485270897462
0.00626485270897462
0.00626485270897462
0.00626485270897462
0.00626485270897462
0.00626485270897462
0.00625081661414244
0.00625081661414244
0.00625081661414244
0.00625081661414244
0.00625081661414244
0.00625081661414244
0.00625081661414244
0.00625081661414244
0.00625081661414244
0.00604934016957207
0.00517532304011227
0.00537679948468264
0.00537679948468264
0.00537679948468264
0.00537679948468264
0.00537679948468264
0.00499847504152381
0.00489781920584446
0.00489781920584446
0.00402380207638466
0.00402380207638466
0.00402380207638466
0.00402380207638466
0.00402380207638466
0.00402380207638466
0.00489781920584446
0.00489781920584446
0.00469650753448576
0.00469650753448576
0.00469650753448576
0.00469650753448576
0.00469650753448576
0.00506697525844795
0.00506697525844795
0.00506697525844795
0.00545933046251864
0.00545933046251864
0.00545933046251864
0.00545933046251864
0.00545933046251864
0.00545933046251864
0.00545933046251864
0.00545933046251864
0.00545933046251864
0.00545933046251864
0.00545933046251864
0.00545933046251864
0.00544497317982001
0.00543097294631225
0.00543097294631225
0.00543097294631225
0.00543097294631225
0.00504837516717279
0.00504837516717279
0.00504837516717279
0.00504837516717279
0.00504837516717279
0.00504837516717279
0.00504837516717279
0.00504837516717279
0.00504837516717279
0.00504837516717279
0.00504837516717279
0.00504837516717279
0.00484512009700496
0.00520566863920443
0.00520566863920443
0.00520566863920443
0.00528876058629324
0.00528876058629324
0.00528876058629324
0.00528876058629324
0.0178187524104719
0.0
0.0
0.0
0.0
0.0
0.0
0.0
0.0
0.0
0.0
0.0
0.0
0.0
0.0
0.0
0.0
0.0
0.0
0.00314585295566758
0.00314534753139406
0.0032722870906247
0.0032722870906247
0.0032722870906247
0.0032722870906247
0.0032722870906247
0.0032722870906247
0.0032722870906247
0.0032722870906247
0.0032722870906247
0.0032722870906247
0.0032722870906247
0.0032722870906247
0.0032722870906247
0.0032722870906247
0.0032722870906247
0.0032913471138144
0.0032913471138144
0.0032913471138144
0.0032913471138144
0.0032913471138144
0.0032913471138144
0.0032913471138144
0.0032913471138144
0.0032913471138144
0.0032913471138144
0.0032913471138144
0.0032913471138144
0.00332946716019379
0.00332946716019379
0.0035327740742172
0.00332946716019379
0.00331040713700409
0.00331040713700409
0.00351371405102751
0.00351371405102751
0.00351371405102751
0.00351371405102751
0.00351371405102751
0.00352642073315397
0.00352642073315397
0.00352642073315397
0.00352642073315397
0.00352642073315397
0.00352642073315397
0.00352642073315397
0.0035327740742172
0.0035327740742172
0.0035327740742172
0.0035327740742172
0.0035327740742172
0.0035327740742172
0.0035327740742172
0.0035327740742172
0.00332946716019379
0.00327864043168794
0.00327864043168794
0.00327864043168794
0.00327864043168794
0.00327864043168794
0.00327864043168794
0.00327864043168794
0.00327864043168794
0.0032722870906247
0.00347559400464812
0.00347559400464812
0.00347559400464812
0.00347559400464812
0.00347559400464812
0.00347559400464812
0.00347559400464812
0.00347559400464812