0.0287914400205979
0.0287123974087516
0.0287124470197556
0.028373104988548
0.0283164722385725
0.028301246324066
0.028456823164845
0.0283279712650868
0.0282772537248968
0.0282848601675538
0.0282772537248968
0.0282848959705518
0.0282748456661875
0.0282824586234407
0.0282721571912181
0.028258059999437
0.028265666442094
0.028265666442094
0.0282658019224907
0.0282646894743625
0.0282569475513088
0.0282569475513088
0.0282493411086519
0.0282569475513088
0.028258960215901
0.0282592053142851
0.0282592053142851
0.0282593735922712
0.0282593735922712
0.0282574723070024
0.0282574723070024
0.0282669787333466
0.0282593735922712
0.0282593735922712
0.0282631836751884
0.0303226730332884
0.0303137634085514
0.0300867685586588
0.0288143790746858
0.0282550229315825
0.0282550229315825
0.0282550229315825
0.0282550229315825
0.0282431879017415
0.0282431879017415
0.0282404992663153
0.0282431879017415
0.0282431879017415
0.0282431879017415
0.0282431879017415
0.0282831246626095
0.028252704098308
0.0282431879017415
0.0282432217278177
0.0282431879017415
0.0282431879017415
0.0282622007544299
0.0283134283800463
0.0283248360916594
0.0282543971671454
0.0282544365480582
0.0282571231667204
0.0282571231667204
0.0282571231667204
0.0282571231667204
0.0282571231667204
0.0282572917330929
0.0282572917330929
0.0282572917330929
0.0282572917330929
0.0282572917330929
0.0282572917330929
0.0282573256162981
0.0282649033865343
0.0282714367849088
0.0282647757731535
0.0282457433795736
0.0282600193047467
0.0282435811777482
0.0282543523598572
0.0282400512062367
0.028237386580086
0.0282372203364129
0.0282372203364129
0.0282438755669587
0.0282514820096156
0.0282515154734642
0.0282514820096156
0.0282514820096156
0.0282514820096156
0.0282021840266449
0.0282574073052259
0.029117903681752
0.0293592314768757
0.0293136265865364
0.0282628897212287
