4.94650060140712e-05
4.9461094130618e-05
4.94623992833832e-05
4.9461094130618e-05
4.9461094130618e-05
4.9461094130618e-05
4.9461094130618e-05
4.9461094130618e-05
4.9461094130618e-05
4.9461094130618e-05
4.9461094130618e-05
4.9461094130618e-05
4.9461094130618e-05
4.9461094130618e-05
4.9461094130618e-05
4.94428538740009e-05
4.94428538740009e-05
4.94428538740009e-05
4.94428538740009e-05
4.94428538740009e-05
4.94428538740009e-05
4.94428538740009e-05
4.94428538740009e-05
4.94428538740009e-05
4.94428538740009e-05
4.94343932595996e-05
4.94343932595996e-05
4.94343932595996e-05
4.94343932595996e-05
4.94343932595996e-05
4.94343932595996e-05
4.94343932595996e-05
4.94343932595996e-05
4.94343932595996e-05
4.94343932595996e-05
4.94343932595996e-05
4.94343932595996e-05
4.94343932595996e-05
4.94343932595996e-05
4.94343932595996e-05
4.94343932595996e-05
4.94343932595996e-05
4.94343932595996e-05
4.94343932595996e-05
4.94343932595996e-05
4.94343932595996e-05
4.94343932595996e-05
4.94343932595996e-05
4.94343932595996e-05
4.94343932595996e-05
4.94343932595996e-05
4.94343932595996e-05
4.94343932595996e-05
4.94343932595996e-05
4.94343932595996e-05
4.94343932595996e-05
4.94343932595996e-05
4.94343932595996e-05
4.94343932595996e-05
4.94767253118486e-05
4.94767253118486e-05
4.94767253118486e-05
4.94767253118486e-05
4.94767253118486e-05
4.94767253118486e-05
4.94767253118486e-05
4.94767253118486e-05
4.94767253118486e-05
4.94767253118486e-05
4.94767253118486e-05
4.94767253118486e-05
4.94767253118486e-05
4.94767253118486e-05
4.94767253118486e-05
4.94767253118486e-05
4.94767253118486e-05
4.94767253118486e-05
4.94767253118486e-05
4.94343932595996e-05
4.94343932595996e-05
4.94343932595996e-05
4.94343932595996e-05
4.94343932595996e-05
4.94343932595996e-05
4.94343932595996e-05
4.94343932595996e-05
4.94343932595996e-05
4.94343932595996e-05
4.94343932595996e-05
4.94343932595996e-05
4.94343932595996e-05
4.94343932595996e-05
4.18292521842326e-05
4.94343932595996e-05
4.94343932595996e-05
4.94343932595996e-05
