0.000856590145056023
0.000856472212832083
0.000856468951067739
0.000856472212832083
0.000856472212832083
0.000856472212832083
0.000856472212832083
0.000856478737478341
0.000856486893565303
0.000856486893565303
0.000856486893565303
0.000856486893565303
0.000856480368919046
0.000856480368919046
0.000856481184709399
0.000855899366204536
0.000855899366204536
0.000855899366204536
0.000855905879685146
0.000855897736439753
0.000855891222959143
0.000855891222959143
0.000855891222959143
0.000855891222959143
0.000855880636671062
0.000855757228839028
0.00085575397488512
0.00085575641597715
0.00085575641597715
0.00085575641597715
0.00085575641597715
0.00085575641597715
0.00085575641597715
0.00085575641597715
0.00085575641597715
0.00085575641597715
0.00085575641597715
0.00085575641597715
0.00085575641597715
0.000855758857765709
0.000855758857765709
0.000855758857765709
0.000855758857765709
0.000855767001568453
0.000855767001568453
0.000855767815962562
0.000855767001568453
0.000855767001568453
0.000855767001568453
0.000855767001568453
0.000855767001568453
0.000855767001568453
0.000855767001568453
0.000855767001568453
0.000855767001568453
0.000855767001568453
0.000855767001568453
0.000855767001568453
0.000855767001568453
0.000856393394761554
0.000856393394761554
0.000856390949486169
0.000856390949486169
0.000856390949486169
0.000856390949486169
0.000856390949486169
0.000856393394761554
0.000856393394761554
0.000856393394761554
0.000856393394761554
0.000856393394761554
0.000856393394761554
0.000856393394761554
0.000856393394761554
0.000856393394761554
0.000856393394761554
0.000856393394761554
0.000856393394761554
0.00085577269689228
0.00085577269689228
0.000855764556434715
0.000855764556434715
0.000855762115342684
0.000855762115342684
0.000855762115342684
0.000855762115342684
0.000855762115342684
0.000855762115342684
0.000855762115342684
0.000855762115342684
0.000855768626593605
0.000855768626593605
0.000855768626593605
0.000855762115342684
0.000855762115342684
0.000855762115342684
