2.85424088731243e-05
2.85371891561183e-05
2.85371891561183e-05
2.85371891561183e-05
2.85371891561183e-05
2.85371891561183e-05
2.85371891561183e-05
2.85371891561183e-05
2.85371891561183e-05
2.85371891561183e-05
2.85371891561183e-05
2.85371891561183e-05
2.85371891561183e-05
2.85371891561183e-05
2.85371891561183e-05
2.85241599634891e-05
2.85241599634891e-05
2.85241599634891e-05
2.85241599634891e-05
2.85241599634891e-05
2.85241599634891e-05
2.85241599634891e-05
2.85241599634891e-05
2.85241599634891e-05
2.85241599634891e-05
2.85192790326261e-05
2.85192790326261e-05
2.85192790326261e-05
2.85192790326261e-05
2.85192790326261e-05
2.85192790326261e-05
2.85192790326261e-05
2.85192790326261e-05
2.85192790326261e-05
2.85192790326261e-05
2.85192790326261e-05
2.85192790326261e-05
2.85192790326261e-05
2.85192790326261e-05
2.85192790326261e-05
2.85192790326261e-05
2.85192790326261e-05
2.85192790326261e-05
2.85192790326261e-05
3.6124420107993e-05
3.6124420107993e-05
2.85192790326261e-05
2.85192790326261e-05
3.6124420107993e-05
2.85192790326261e-05
3.6124420107993e-05
3.6124420107993e-05
2.85192790326261e-05
2.85192790326261e-05
2.85192790326261e-05
2.85192790326261e-05
2.85192790326261e-05
2.85192790326261e-05
2.85192790326261e-05
2.85437004053205e-05
2.85437004053205e-05
2.85437004053205e-05
2.85437004053205e-05
2.85437004053205e-05
2.85437004053205e-05
2.85437004053205e-05
2.85437004053205e-05
2.85437004053205e-05
2.85437004053205e-05
2.85437004053205e-05
2.85437004053205e-05
2.85437004053205e-05
2.85437004053205e-05
2.85437004053205e-05
2.85437004053205e-05
2.85437004053205e-05
2.85437004053205e-05
2.85437004053205e-05
2.85192790326261e-05
2.85192790326261e-05
2.85192790326261e-05
2.85192790326261e-05
2.85192790326261e-05
2.85192790326261e-05
2.85192790326261e-05
2.85192790326261e-05
2.85192790326261e-05
2.85192790326261e-05
2.85192790326261e-05
2.85192790326261e-05
2.85192790326261e-05
2.85192790326261e-05
2.85192790326261e-05
2.85192790326261e-05
2.85192790326261e-05
2.85192790326261e-05
