0.000513958001821368
0.000513887242487004
0.000513885285428398
0.000513887242487004
0.000513887242487004
0.000513887242487004
0.000513887242487004
0.000513891157274759
0.000513896050926936
0.000513896050926936
0.000513896050926936
0.000513896050926936
0.000513892136139182
0.000513892136139182
0.000513892625613394
0.000513545483863883
0.000513545483863883
0.000513545483863883
0.000513549391952249
0.000513543527811088
0.000513539619722722
0.000513539619722722
0.000513539619722722
0.000513539619722722
0.000513533267949873
0.000513460199436825
0.00051345824706448
0.000513459711719699
0.000513459711719699
0.000513459711719699
0.000513459711719699
0.000513459711719699
0.000513459711719699
0.000513459711719699
0.000513459711719699
0.000513459711719699
0.000513459711719699
0.000513459711719699
0.000513459711719699
0.000513461176792834
0.000513461176792834
0.000513461176792834
0.000513461176792834
0.00051346606307448
0.00051346606307448
0.000513466551710946
0.00051346606307448
0.00051346606307448
0.00051346606307448
0.00051346606307448
0.00051346606307448
0.00051346606307448
0.00051346606307448
0.00051346606307448
0.00051346606307448
0.00051346606307448
0.00051346606307448
0.00051346606307448
0.00051346606307448
0.000513839950303432
0.000513839950303432
0.000513838483138201
0.000513838483138201
0.000513838483138201
0.000513838483138201
0.000513838483138201
0.000513839950303432
0.000513839950303432
0.000513839950303432
0.000513839950303432
0.000513839950303432
0.000513839950303432
0.000513839950303432
0.000513839950303432
0.000513839950303432
0.000513839950303432
0.000513839950303432
0.000513839950303432
0.000513469480268777
0.000513469480268777
0.000513464595994238
0.000513464595994238
0.000513463131339019
0.000513463131339019
0.000513463131339019
0.000513463131339019
0.000513463131339019
0.000513463131339019
0.000513463131339019
0.000513463131339019
0.000513467038089572
0.000513467038089572
0.000513467038089572
0.000513463131339019
0.000513463131339019
0.000513463131339019
