0.000342636058022409
0.000342588885132833
0.000342587580427096
0.000342588885132833
0.000342588885132833
0.000342588885132833
0.000342588885132833
0.000342591494991336
0.000342594757426121
0.000342594757426121
0.000342594757426121
0.000342594757426121
0.000342592147567618
0.000342592147567618
0.00034259247388376
0.000342359746481814
0.000342359746481814
0.000342359746481814
0.000342362351874059
0.000342359094575901
0.000342356489183657
0.000342356489183657
0.000342356489183657
0.000342356489183657
0.000342352254668425
0.000342302891535611
0.000342301589954048
0.00034230256639086
0.00034230256639086
0.00034230256639086
0.00034230256639086
0.00034230256639086
0.00034230256639086
0.00034230256639086
0.00034230256639086
0.00034230256639086
0.00034230256639086
0.00034230256639086
0.00034230256639086
0.000342303543106284
0.000342303543106284
0.000342303543106284
0.000342303543106284
0.000342306800627381
0.000342306800627381
0.000342307126385025
0.000342306800627381
0.000342306800627381
0.000342306800627381
0.000342306800627381
0.000342306800627381
0.000342306800627381
0.000342306800627381
0.000342306800627381
0.000342306800627381
0.000342306800627381
0.000342306800627381
0.000342306800627381
0.000342306800627381
0.000342557357904622
0.000342557357904622
0.000342556379794468
0.000342556379794468
0.000342556379794468
0.000342556379794468
0.000342556379794468
0.000342557357904622
0.000342557357904622
0.000342557357904622
0.000342557357904622
0.000342557357904622
0.000342557357904622
0.000342557357904622
0.000342557357904622
0.000342557357904622
0.000342557357904622
0.000342557357904622
0.000342557357904622
0.000342309078756912
0.000342309078756912
0.000342305822573886
0.000342305822573886
0.000342304846137074
0.000342304846137074
0.000342304846137074
0.000342304846137074
0.000342304846137074
0.000342304846137074
0.000342304846137074
0.000342304846137074
0.000342307450637442
0.000342307450637442
0.000342307450637442
0.000342304846137074
0.000342304846137074
0.000342304846137074
