0.000685272116044818
0.000685177770265667
0.000685175160854191
0.000685177770265667
0.000685177770265667
0.000685177770265667
0.000685177770265667
0.000685182989982673
0.000685189514852243
0.000685189514852243
0.000685189514852243
0.000685189514852243
0.000685184295135237
0.000685184295135237
0.000685184947767519
0.000684719492963629
0.000684719492963629
0.000684719492963629
0.000684724703748117
0.000684718189151803
0.000684712978367314
0.000684712978367314
0.000684712978367314
0.000684712978367314
0.00068470450933685
0.000684605783071223
0.000684603179908096
0.00068460513278172
0.00068460513278172
0.00068460513278172
0.00068460513278172
0.00068460513278172
0.00068460513278172
0.00068460513278172
0.00068460513278172
0.00068460513278172
0.00068460513278172
0.00068460513278172
0.00068460513278172
0.000684607086212567
0.000684607086212567
0.000684607086212567
0.000684607086212567
0.000684613601254762
0.000684613601254762
0.00068461425277005
0.000684613601254762
0.000684613601254762
0.000684613601254762
0.000684613601254762
0.000684613601254762
0.000684613601254762
0.000684613601254762
0.000684613601254762
0.000684613601254762
0.000684613601254762
0.000684613601254762
0.000684613601254762
0.000684613601254762
0.000685114715809243
0.000685114715809243
0.000685112759588935
0.000685112759588935
0.000685112759588935
0.000685112759588935
0.000685112759588935
0.000685114715809243
0.000685114715809243
0.000685114715809243
0.000685114715809243
0.000685114715809243
0.000685114715809243
0.000685114715809243
0.000685114715809243
0.000685114715809243
0.000685114715809243
0.000685114715809243
0.000685114715809243
0.000684618157513824
0.000684618157513824
0.000684611645147772
0.000684611645147772
0.000684609692274148
0.000684609692274148
0.000684609692274148
0.000684609692274148
0.000684609692274148
0.000684609692274148
0.000684609692274148
0.000684609692274148
0.000684614901274884
0.000684614901274884
0.000684614901274884
0.000684609692274148
0.000684609692274148
0.000684609692274148
