0.00715309148370481
0.00715223344129014
0.007152210936569
0.00715223344129014
0.00715222822157313
0.00715222822157313
0.00715222822157313
0.00715228172367245
0.00715235970465702
0.00715235970465702
0.00715235970465702
0.00715237342356281
0.00715144320647746
0.00715144320647746
0.00715146271525505
0.00714706323798521
0.00714706323798521
0.00714706323798521
0.00714711143774172
0.0071466851725711
0.00714663697281459
0.00714663697281459
0.00714663697281459
0.00714663697281459
0.00714653964991077
0.00714553578910533
0.0071455224478943
0.00714554189502407
0.00714554189502407
0.00714554189502407
0.00714554189502407
0.00714744318029291
0.00714554189502407
0.00714554189502407
0.00714554189502407
0.00714554189502407
0.00714512040026261
0.00714512040026261
0.00714512040026261
0.00714494777754806
0.00714494777754806
0.00714494777754806
0.00714494777754806
0.00713318958581994
0.00713318958581994
0.00713320743486937
0.00713318958581994
0.00713318958581994
0.00713318958581994
0.00713318958581994
0.00713318958581994
0.00713318958581994
0.00713318958581994
0.00713320254721363
0.00713318958581994
0.00713318958581994
0.00713318958581994
0.00713318958581994
0.00713318958581994
0.00714954535643455
0.00714959912490235
0.0071495796444458
0.0071495796444458
0.0071495796444458
0.0071495796444458
0.0071495796444458
0.00714959912490235
0.00714959912490235
0.00714959912490235
0.00714959912490235
0.00714959912490235
0.00714959912490235
0.00714961210818658
0.00714959912490235
0.00714918596174588
0.00714918596174588
0.00714918596174588
0.00714918596174588
0.00714342478948435
0.0071426259127051
0.00714255916095307
0.00714218428959347
0.0071421648424637
0.0071421648424637
0.0071421648424637
0.0071421648424637
0.00714217766505989
0.0071421648424637
0.0071421648424637
0.0071421648424637
0.00714221302572051
0.00714221302572051
0.00710228548606114
0.00711744758495506
0.0071421648424637
0.0071421648424637
