7.60644265693042e-06
7.60644265693042e-06
7.60644265693042e-06
7.60644265693042e-06
7.60644265693042e-06
7.60644265693042e-06
7.60644265693042e-06
7.60644265693042e-06
7.60644265693042e-06
7.60644265693042e-06
7.60644265693042e-06
7.60644265693042e-06
7.60644265693042e-06
7.60644265693042e-06
7.60644265693042e-06
7.60644265693042e-06
7.60644265693042e-06
7.60644265693042e-06
7.60644265693042e-06
7.60644265693042e-06
7.60644265693042e-06
7.60644265693042e-06
7.60644265693042e-06
7.60644265693042e-06
7.60644265693042e-06
7.60514107536695e-06
7.60514107536695e-06
7.60514107536695e-06
7.60514107536695e-06
7.60514107536695e-06
7.60514107536695e-06
7.60514107536695e-06
7.60514107536695e-06
7.60514107536695e-06
7.60514107536695e-06
7.60514107536695e-06
7.60514107536695e-06
7.60514107536695e-06
7.60514107536695e-06
7.60514107536695e-06
7.60514107536695e-06
7.60514107536695e-06
7.60514107536695e-06
7.60514107536695e-06
7.60514107536695e-06
7.60514107536695e-06
7.60514107536695e-06
7.60514107536695e-06
7.60514107536695e-06
7.60514107536695e-06
7.60514107536695e-06
7.60514107536695e-06
7.60514107536695e-06
7.60514107536695e-06
7.60514107536695e-06
7.60514107536695e-06
7.60514107536695e-06
7.60514107536695e-06
7.60514107536695e-06
7.60904715706976e-06
7.60904715706976e-06
7.60904715706976e-06
7.60904715706976e-06
7.60904715706976e-06
7.60904715706976e-06
7.60904715706976e-06
7.60904715706976e-06
7.60904715706976e-06
7.60904715706976e-06
7.60904715706976e-06
7.60904715706976e-06
7.60904715706976e-06
7.60904715706976e-06
7.60904715706976e-06
7.60904715706976e-06
1.52207005984886e-05
1.52207005984886e-05
1.52207005984886e-05
1.52102821507339e-05
1.52102821507339e-05
1.52102821507339e-05
1.52102821507339e-05
1.52102821507339e-05
1.52102821507339e-05
1.52102821507339e-05
1.52102821507339e-05
1.52102821507339e-05
1.52102821507339e-05
1.52102821507339e-05
1.52102821507339e-05
1.52102821507339e-05
1.52102821507339e-05
1.52102821507339e-05
1.52102821507339e-05
1.52102821507339e-05
1.52102821507339e-05
