0.000816132870987572
0.000816039846005547
0.000816035931217793
0.000816039846005547
0.000816039846005547
0.000816039846005547
0.000816039846005547
0.000816043760793302
0.00081605616019318
0.00081605616019318
0.00081605616019318
0.00081605616019318
0.000816052245405425
0.000816052245405425
0.000816055347563282
0.000815505093537198
0.000815505093537198
0.000815505093537198
0.000815509001625565
0.000815454521647463
0.000815450613559096
0.000815450613559096
0.000815450613559096
0.000815450613559096
0.000815435138533946
0.000815312736684277
0.000815311760498104
0.000815314852603714
0.000815314852603714
0.000815314852603714
0.000815314852603714
0.000815314852603714
0.000815314852603714
0.000815314852603714
0.000815314852603714
0.000815314852603714
0.00081523260972343
0.00081523260972343
0.00081523260972343
0.00081519936419044
0.00081519936419044
0.00081519936419044
0.00081519936419044
0.000815130390376059
0.000815130390376059
0.000815133488004857
0.000815130390376059
0.000815130390376059
0.000815130390376059
0.000815130390376059
0.000815130390376059
0.000815130390376059
0.000815130390376059
0.000815132919428485
0.000815130390376059
0.000815130390376059
0.000815130390376059
0.000815130390376059
0.000815130390376059
0.000815729865419829
0.000815727332096076
0.000815724234691408
0.000815724234691408
0.000815724234691408
0.000815724234691408
0.000815724234691408
0.000815727332096076
0.000815727332096076
0.000815727332096076
0.000815727332096076
0.000815727332096076
0.000815727332096076
0.000815729865419829
0.000815727332096076
0.000819455150579857
0.000819455150579857
0.000819455150579857
0.000819455150579857
0.000818699535266829
0.000818556147126964
0.000818551262852425
0.000818480341243852
0.000818477249138242
0.000818477249138242
0.000818477249138242
0.000818477249138242
0.000818479751108231
0.000818477249138242
0.000818477249138242
0.000818477249138242
0.000818481155888794
0.000818481155888794
0.000810876014813427
0.000818477249138242
0.000818477249138242
0.000818477249138242
