0.000685283850358139
0.000685189504578987
0.000685186895167512
0.000685189504578987
0.000685189504578987
0.000685189504578987
0.000685189504578987
0.000685194724295993
0.000685201249165563
0.000685201249165563
0.000685201249165563
0.000685201249165563
0.000685196029448557
0.000685196029448557
0.00068519668208084
0.00068472731181851
0.00068472731181851
0.00068472731181851
0.000684732522602998
0.000684724703748117
0.000684719492963629
0.000684719492963629
0.000684719492963629
0.000684719492963629
0.000684711023933164
0.000684612297667537
0.00068460969450441
0.000684611647378035
0.000684611647378035
0.000684611647378035
0.000684611647378035
0.000684611647378035
0.000684611647378035
0.000684611647378035
0.000684611647378035
0.000684611647378035
0.000684611647378035
0.000684611647378035
0.000684611647378035
0.000684613600808882
0.000684613600808882
0.000684613600808882
0.000684613600808882
0.000684620115851077
0.000684620115851077
0.000684620767366365
0.000684620115851077
0.000684620115851077
0.000684620115851077
0.000684620115851077
0.000684620115851077
0.000684620115851077
0.000684620115851077
0.000684620115851077
0.000684620115851077
0.000684620115851077
0.000684620115851077
0.000684620115851077
0.000684620115851077
0.000685119933737909
0.000685119933737909
0.000685117977517601
0.000685117977517601
0.000685117977517601
0.000685117977517601
0.000685117977517601
0.000685119933737909
0.000685119933737909
0.000685119933737909
0.000685119933737909
0.000685119933737909
0.000685119933737909
0.000685119933737909
0.000685119933737909
0.000685119933737909
0.000685119933737909
0.000685119933737909
0.000685119933737909
0.000684624672110139
0.000684624672110139
0.000684618159744087
0.000684618159744087
0.000684616206870462
0.000684616206870462
0.000684616206870462
0.000684616206870462
0.000684616206870462
0.000684616206870462
0.000684616206870462
0.000684616206870462
0.000684621415871199
0.000684621415871199
0.000684621415871199
0.000684616206870462
0.000684616206870462
0.000684616206870462
