0.00338908040307273
0.00338860186607407
0.00338857576748904
0.00338860186607407
0.00338860186607406
0.00338860186607406
0.00338860186607406
0.00338862796465909
0.00338866711924608
0.00338866711924608
0.00338866711924608
0.00338867381139524
0.00338821750075995
0.00338821750075995
0.00338822729639995
0.00338606590395155
0.00338606590395155
0.00338606590395155
0.00338609195787399
0.00338588402364442
0.00338585796972198
0.00338585796972198
0.00338585796972198
0.00338585796972198
0.00338580910327682
0.00338535778929658
0.00338535128138876
0.00338536104575689
0.00338536104575689
0.00338536104575689
0.00338536104575689
0.00338536104575689
0.00338536104575689
0.00338536104575689
0.00338524836006409
0.00338536104575689
0.00338515543855618
0.00338515543855618
0.00338515543855618
0.00338506138125887
0.00338506138125887
0.00338506138125887
0.00338506138125887
0.00338489708996842
0.00338489708996842
0.00338490687107254
0.00338489708996842
0.00338489708996842
0.00338489708996842
0.00338489708996842
0.00338489708996842
0.00338489708996842
0.00338489708996842
0.00338490341259948
0.00338489708996842
0.00338489708996842
0.00338489708996842
0.00338489708996842
0.00338489708996842
0.00338711180403932
0.00338713803256019
0.00338712825145865
0.00338712825145865
0.00338712825145865
0.00338712825145865
0.00338712825145865
0.00338713803256019
0.00338713803256019
0.00338713803256019
0.00338713803256019
0.00338713803256019
0.00338713803256019
0.00338714436586957
0.00338713803256019
0.00338693648955704
0.00338693648955704
0.00338693648955704
0.00338693648955704
0.00338450506235283
0.00338430022215303
0.00338426766032277
0.00338406502715542
0.00338405526278729
0.00338405526278729
0.00338405526278729
0.00338405526278729
0.00338406151771226
0.00338405526278729
0.00338405526278729
0.00338405526278729
0.00338408130779098
0.00338408130779098
0.00338408130779098
0.00338405526278729
0.00338405526278729
0.00338405526278729
