0.000778135818515494
0.000778050012746936
0.000835118853428748
0.000778050012746936
0.000819897505839368
0.000835118200628852
0.000835118200628852
0.000789470428021953
0.000778059801617367
0.000793289632029037
0.000778059801617367
0.000778060136224825
0.000778037320693061
0.000778037320693061
0.000778039443286918
0.00077757281837604
0.00077757281837604
0.00077757281837604
0.000777574121072162
0.000777570534357946
0.000777569231661824
0.000777569231661824
0.000777569231661824
0.000777569231661824
0.00077755864328119
0.000777454382410443
0.000777452430038097
0.000777454545706895
0.000777454545706895
0.000777454545706895
0.000777454545706895
0.000777454545706895
0.000777454545706895
0.000777454545706895
0.000777454545706895
0.000777454545706895
0.000777454545706895
0.000777454545706895
0.000777454545706895
0.000777430705903636
0.000777430705903636
0.000777430705903636
0.000777430705903636
0.000777439177556578
0.000777439177556578
0.000785046438150332
0.000777439177556578
0.000777439177556578
0.000785044318631945
0.000777439177556578
0.000785044318631945
0.000785044318631945
0.000777439177556578
0.000777439177556578
0.000777439177556578
0.000777439177556578
0.000777439177556578
0.000777439177556578
0.000777439177556578
0.000777913084200511
0.000777935877481692
0.000777933758187178
0.000777933758187178
0.000777933758187178
0.000777933758187178
0.000777933758187178
0.000777935877481692
0.000777935877481692
0.000777935877481692
0.000777935877481692
0.000777935877481692
0.000777935877481692
0.000777935877481692
0.000777935877481692
0.000777935877481692
0.000777935877481692
0.000777935877481692
0.000777935877481692
0.000777384959179721
0.000777333749129769
0.000777325608672204
0.000777274950380366
0.000777272834711568
0.000777272834711568
0.000777272834711568
0.000777272834711568
0.000777272834711568
0.000777272834711568
0.000777272834711568
0.000777272834711568
0.000777274136961753
0.000777274136961753
0.000777274136961753
0.000777272834711568
0.000777272834711568
0.000777272834711568
