0.0013705572791473
0.001370368587589
0.00137036336876605
0.001370368587589
0.001370368587589
0.001370368587589
0.001370368587589
0.00137037902702301
0.00137039207676215
0.00137039207676215
0.00137039207676215
0.00137039207676215
0.00137038163732814
0.00137038163732814
0.0013703829425927
0.00136944420206804
0.00136944420206804
0.00136944420206804
0.00136945462363702
0.00136943898592726
0.00136942856435828
0.00136942856435828
0.00136942856435828
0.00136942856435828
0.00136941162629735
0.0013692141737661
0.00136920896743984
0.00136921287318709
0.00136921287318709
0.00136921287318709
0.00136921287318709
0.00136921287318709
0.00136921287318709
0.00136921287318709
0.00136921287318709
0.00136921287318709
0.00136921287318709
0.00136921287318709
0.00136921287318709
0.00136921678004879
0.00136921678004879
0.00136921678004879
0.00136921678004879
0.00136922981013318
0.00136922981013318
0.00136923111316375
0.00136922981013318
0.00136922981013318
0.00136922981013318
0.00136922981013318
0.00136922981013318
0.00136922981013318
0.00136922981013318
0.00136922981013318
0.00136922981013318
0.00136922981013318
0.00136922981013318
0.00136922981013318
0.00136922981013318
0.00137023986747582
0.00137023986747582
0.0013702359550352
0.0013702359550352
0.0013702359550352
0.0013702359550352
0.0013702359550352
0.00137023986747582
0.00137023986747582
0.00137023986747582
0.00137023986747582
0.00137023986747582
0.00137023986747582
0.00137023986747582
0.00137023986747582
0.00137023986747582
0.00137023986747582
0.00137023986747582
0.00137023986747582
0.0013692389226513
0.0013692389226513
0.0013692258979192
0.0013692258979192
0.00136922199217195
0.00136922199217195
0.00136922199217195
0.00136922199217195
0.00136922199217195
0.00136922199217195
0.00136922199217195
0.00136922199217195
0.00136923241017342
0.00136923241017342
0.00136923241017342
0.00136922199217195
0.00136922199217195
0.00136922199217195
