0.396380759002644
0.396380759002644
0.396380759002644
0.396380759002644
0.396273174279675
0.396273174279675
0.396273174279675
0.396273174279675
0.396273174279675
0.396273174279675
0.396273174279675
0.396273174279675
0.396273174279675
0.396273174279675
0.396273174279675
0.396273174279675
0.396273174279675
0.396273174279675
0.396273174279675
0.396273174279675
0.396273174279675
0.396273174279675
0.396273174279675
0.396273174279675
0.396273174279675
0.396273174279675
0.396273174279675
0.396273174279675
0.396273174279675
0.396273174279675
0.396273174279675
0.396273174279675
0.396273174279675
0.396273174279675
0.396273174279675
0.396273174279675
0.396273174279675
0.396273174279675
0.396273174279675
0.396273174279675
0.396273174279675
0.396273174279675
0.396273174279675
0.396273174279675
0.396273174279675
0.396273174279675
0.396273174279675
0.365539299992171
0.396200946038432
0.396273174279675
0.396273174279675
0.396273174279675
0.396273174279675
0.396273174279675
0.396273174279675
0.396273174279675
0.396273174279675
0.396273174279675
0.396273174279675
0.396273174279675
0.396273174279675
0.396273174279675
0.396273174279675
0.396273174279675
0.396273174279675
0.396273174279675
0.396273174279675
0.396273174279675
0.396273174279675
0.396273174279675
0.396273174279675
0.396273174279675
0.396273174279675
0.396273174279675
0.396273174279675
0.396273174279675
0.396273174279675
0.396273174279675
0.396273174279675
0.396273174279675
0.396273174279675
0.396273174279675
0.396273174279675
0.396273174279675
0.396273174279675
0.396273174279675
0.396273174279675
0.396273174279675
0.396273174279675
0.396273174279675
0.396273174279675
0.396273174279675
0.396273174279675
0.396273174279675
0.396273174279675
0.396273174279675