0.01953125
0.01953125
0.01953125
0.01953125
0.01953125
0.01953125
0.01953125
0.01953125
0.01953125
0.01953125
0.01953125
0.01953125
0.01953125
0.03125
0.03125
0.03125
0.03125
0
0
0
0
0.02734375
0.02734375
0.02734375
0.02734375
0.02734375
0.02734375
0.02734375
0.02734375
0.02734375
0.02734375
0.02734375
0.02734375
0.02734375
0.02734375
0.02734375
0.02734375
0.015625
0.03125
0.03125
0.01953125
0.01953125
0.01953125
0.01953125
0.01953125
0.01953125
0.01953125
0.01953125
0.01953125
0.01953125
0.01953125
0.01953125
0.01953125
0.04296875
0.01953125
0.01953125
0.01953125
0.01953125
0.01953125
0.01953125
0.01953125
0.01953125
0.01953125
0.01953125
0.01953125
0.01953125
0.01953125
0.01953125
0.01953125
0.01953125
0.01953125
0.0390625
0.01953125
0.01953125
0.01953125
0.01953125
0.01953125
0.01953125
0.01953125
0.01953125
0.01953125
0.01953125
0.01953125
0.01953125
0.01953125
0.01953125
0.01953125
0.01953125
0.01953125
0.01953125
0.01953125
0.01953125
0.01953125
0.01953125
0.01953125
0.01953125
