0.3857421875
0.3857421875
0.3857421875
0.3740234375
0.3740234375
0.3740234375
0.3740234375
0.3857421875
0.3857421875
0.3740234375
0.3310546875
0.3427734375
0.3427734375
0.0625
0.0625
0.0625
0.0625
0.0
0.0
0.0
0.0
0.3779296875
0.3779296875
0.3779296875
0.3779296875
0.3779296875
0.3779296875
0.3779296875
0.3779296875
0.3779296875
0.3779296875
0.3779296875
0.3779296875
0.3779296875
0.3779296875
0.3779296875
0.3779296875
0.493489583333333
0.3779296875
0.3779296875
0.3896484375
0.3896484375
0.3896484375
0.3896484375
0.3896484375
0.3896484375
0.3896484375
0.3896484375
0.3779296875
0.3779296875
0.3779296875
0.3779296875
0.3779296875
0.1826171875
0.3349609375
0.3349609375
0.3349609375
0.3466796875
0.3779296875
0.3779296875
0.3779296875
0.3779296875
0.3779296875
0.3779296875
0.3779296875
0.3779296875
0.3779296875
0.3583984375
0.3583984375
0.3583984375
0.3583984375
0.1640625
0.3466796875
0.3349609375
0.3349609375
0.3349609375
0.3349609375
0.3779296875
0.3779296875
0.3779296875
0.3779296875
0.3779296875
0.3779296875
0.3779296875
0.3779296875
0.3779296875
0.3779296875
0.3779296875
0.3779296875
0.3779296875
0.3779296875
0.3779296875
0.3779296875
0.3779296875
0.3779296875
0.3779296875