0.0625
0.0625
0.0625
0.0625
0.0625
0.0625
0.0625
0.0625
0.0625
0.0625
0.0625
0.0625
0.0625
0.0625
0.0625
0.0625
0.0625
0.0
0.0
0.0
0.0
0.05859375
0.05859375
0.05859375
0.05859375
0.05859375
0.05859375
0.05859375
0.05859375
0.05859375
0.05859375
0.05859375
0.05859375
0.05859375
0.05859375
0.05859375
0.05859375
0.046875
0.05078125
0.05078125
0.0546875
0.0546875
0.05078125
0.0546875
0.0546875
0.0546875
0.0546875
0.0546875
0.0546875
0.0546875
0.0546875
0.0546875
0.0546875
0.06640625
0.0546875
0.0546875
0.0546875
0.0546875
0.0546875
0.0546875
0.0546875
0.0546875
0.0546875
0.0546875
0.0546875
0.0546875
0.0546875
0.0546875
0.0546875
0.0546875
0.0546875
0.06640625
0.0546875
0.0546875
0.0546875
0.0546875
0.0546875
0.0546875
0.0546875
0.0546875
0.0546875
0.0546875
0.0546875
0.0546875
0.0546875
0.0546875
0.0546875
0.0546875
0.0546875
0.0546875
0.0546875
0.0546875
0.0546875
0.0546875
0.0546875
0.0546875