0.87037037037037
0.87037037037037
0.87037037037037
0.87037037037037
0.87037037037037
0.87037037037037
0.87037037037037
0.87037037037037
0.87037037037037
0.87037037037037
0.87037037037037
0.87037037037037
0.87037037037037
0.87037037037037
0.87037037037037
0.87037037037037
0.87037037037037
0.87037037037037
0.87037037037037
0.87037037037037
0.87037037037037
0.87037037037037
0.87037037037037
0.87037037037037
0.87037037037037
0.87037037037037
0.87037037037037
0.87037037037037
0.87037037037037
0.87037037037037
0.87037037037037
0.888888888888889
0.87037037037037
0.888888888888889
0.888888888888889
0.87037037037037
0.87037037037037
0.888888888888889
0.888888888888889
0.87037037037037
0.87037037037037
0.87037037037037
0.87037037037037
0.87037037037037
0.87037037037037
0.87037037037037
0.87037037037037
0.87037037037037
0.87037037037037
0.87037037037037
0.87037037037037
0.87037037037037
0.87037037037037
0.87037037037037
0.87037037037037
0.87037037037037
0.87037037037037
0.87037037037037
0.87037037037037
0.87037037037037
0.87037037037037
0.87037037037037
0.87037037037037
0.87037037037037
0.87037037037037
0.87037037037037
0.87037037037037
0.87037037037037
0.87037037037037
0.87037037037037
0.87037037037037
0.87037037037037
0.87037037037037
0.87037037037037
0.87037037037037
0.87037037037037
0.87037037037037
0.87037037037037
0.87037037037037
0.87037037037037
0.87037037037037
0.87037037037037
0.87037037037037
0.87037037037037
0.87037037037037
0.87037037037037
0.87037037037037
0.87037037037037
0.87037037037037
0.87037037037037
0.87037037037037
0.87037037037037
0.87037037037037
0.87037037037037
0.87037037037037
0.87037037037037