0.0527305851023041
0.0527305851023041
0.0527305851023041
0.0527305851023041
0.0527305851023041
0.0527305851023041
0.0527305851023041
0.0527305851023041
0.0527305851023041
0.0527305851023041
0.0527305851023041
0.0527305851023041
0.0527305851023041
0.0527305851023041
0.0527305851023041
0.0527305851023041
0.0527305851023041
0.0527305851023041
0.0527305851023041
0.0527305851023041
0.0527305851023041
0.0527305851023041
0.0527426115816771
0.0527261272561802
0.0527164273706389
0.0527164273706389
0.0527164273706389
0.0527164273706389
0.0527298062363305
0.0578065054954682
0.0577968056099268
0.0577968056099268
0.0586790074305587
0.0586790074305587
0.0586842437041759
0.0586842437041759
0.0586539418476248
0.0586539418476248
0.0569231291210658
0.0569521912850346
0.0569521912850346
0.0569521912850346
0.0569521912850346
0.0569482760258986
0.0569482760258986
0.0569482760258986
0.0569482760258986
0.0569482760258986
0.0569482760258986
0.0569482760258986
0.0569482760258986
0.0569482760258986
0.0569482760258986
0.0569482760258986
0.0569482760258986
0.0569482760258986
0.0569482760258986
0.0569482760258986
0.0569482760258986
0.0569482760258986
0.0569482760258986
0.0569482760258986
0.0569482760258986
0.0569482760258986
0.0569482760258986
0.0569482760258986
0.0569482760258986
0.0569482760258986
0.0569475151116161
0.0569475151116161
0.0569475151116161
0.0569475151116161
0.0569475151116161
0.0569475151116161
0.0569475151116161
0.0569479497715707
0.0569479497715707
0.0569479497715707
0.0569479497715707
0.0569479497715707
0.0569479497715707
0.0569479497715707
0.0569640936359214
0.0569640936359214
0.0569640936359214
0.0569640936359214
0.0569640936359214
0.0569640936359214
0.0569640936359214
0.0569640936359214
0.0569640936359214
0.0569640936359214
0.0569640936359214
0.0569640936359214
0.0569640936359214
0.0569640936359214