0.0476551023445741
0.0476551023445741
0.0476551023445741
0.0476551023445741
0.0476551023445741
0.0476551023445741
0.0476551023445741
0.0476551023445741
0.0476551023445741
0.0476551023445741
0.0476551023445741
0.0476551023445741
0.0476551023445741
0.0476551023445741
0.0476551023445741
0.0476551023445741
0.0476551023445741
0.0476551023445741
0.0476551023445741
0.0476551023445741
0.0476551023445741
0.0476551023445741
0.0476583380250701
0.0476471043816526
0.0476471043816526
0.0476471043816526
0.0476471043816526
0.0476471043816526
0.04764941991889
0.04764941991889
0.04764941991889
0.04764941991889
0.04764941991889
0.04764941991889
0.0476655792480724
0.0476655792480724
0.0476543539835809
0.0476543539835809
0.0476543539835809
0.0476543539835809
0.0476543539835809
0.0476543539835809
0.0476543539835809
0.0476548151179865
0.0476548151179865
0.0476548151179865
0.0476548151179865
0.0476548151179865
0.0476548151179865
0.0476548151179865
0.0476548151179865
0.0476548151179865
0.0476548151179865
0.0476548151179865
0.0476548151179865
0.0476548151179865
0.0476548151179865
0.0476548151179865
0.0476548151179865
0.0476548151179865
0.0476548151179865
0.0476548151179865
0.0476548151179865
0.0476548151179865
0.0476548151179865
0.0476548151179865
0.0476548151179865
0.0476548151179865
0.0476548151179865
0.0476548151179865
0.0476548151179865
0.0476548151179865
0.0476548151179865
0.0476548151179865
0.0476548151179865
0.0476560458854107
0.0476560458854107
0.0476560458854107
0.0476560458854107
0.0476560458854107
0.0476560458854107
0.0476560458854107
0.0476560458854107
0.0476560458854107
0.0476560458854107
0.0476560458854107
0.0476560458854107
0.0476560458854107
0.0476560458854107
0.0476560458854107
0.0476560458854107
0.0476560458854107
0.0476560458854107
0.0476560458854107
0.0476560458854107
0.0476560458854107