0.6181640625
0.6181640625
0.6181640625
0.6181640625
0.6181640625
0.6181640625
0.6181640625
0.6181640625
0.6181640625
0.6181640625
0.6181640625
0.6181640625
0.6181640625
0.6181640625
0.6181640625
0.6181640625
0.6181640625
0.6181640625
0.6181640625
0.6181640625
0.6181640625
0.6181640625
0.6181640625
0.6181640625
0.6181640625
0.6416015625
0.6845703125
0.6728515625
0.6728515625
0.6728515625
0.6181640625
0.6181640625
0.6181640625
0.6181640625
0.6181640625
0.6181640625
0.6181640625
0.6181640625
0.6181640625
0.6181640625
0.6181640625
0.6181640625
0.6181640625
0.6181640625
0.6181640625
0.6181640625
0.6181640625
0.6181640625
0.6181640625
0.6181640625
0.6181640625
0.6181640625
0.6181640625
0.6181640625
0.6181640625
0.6181640625
0.6181640625
0.6181640625
0.6181640625
0.6181640625
0.6181640625
0.6181640625
0.6181640625
0.6181640625
0.6181640625
0.6181640625
0.6181640625
0.6181640625
0.6181640625
0.6181640625
0.6357421875
0.6357421875
0.6357421875
0.6181640625
0.6181640625
0.6181640625
0.6181640625
0.6181640625
0.6181640625
0.6181640625
0.6181640625
0.6181640625
0.6181640625
0.6181640625
0.6181640625
0.6181640625
0.6181640625
0.6181640625
0.6181640625
0.6181640625
0.6181640625
0.6181640625
0.6181640625
0.6181640625
0.6181640625
0.6181640625
