0.0078125
0.0078125
0.0078125
0.0078125
0.0078125
0.0078125
0.0078125
0.0078125
0.0078125
0.0078125
0.0078125
0.0078125
0.0078125
0.0078125
0.0078125
0.0078125
0.0078125
0.0078125
0.0078125
0.0078125
0.0078125
0.0078125
0.0078125
0.0078125
0.0078125
0.01171875
0.01953125
0.01953125
0.01171875
0.0078125
0.0078125
0.0078125
0.0078125
0.0078125
0.0078125
0.0078125
0.0078125
0.0078125
0.0078125
0.0078125
0.0078125
0.0078125
0.0078125
0.0078125
0.0078125
0.0078125
0.0078125
0.0078125
0.0078125
0.0078125
0.0078125
0.0078125
0.0078125
0.0078125
0.0078125
0.0078125
0.0078125
0.0078125
0.0078125
0.0078125
0.0078125
0.0078125
0.0078125
0.0078125
0.0078125
0.0078125
0.0078125
0.0078125
0.0078125
0.0078125
0.0078125
0.0078125
0.0078125
0.0078125
0.0078125
0.0078125
0.0078125
0.0078125
0.0078125
0.00390625
0.00390625
0.00390625
0.00390625
0.00390625
0.00390625
0.00390625
0.00390625
0.00390625
0.00390625
0.00390625
0.00390625
0.00390625
0.00390625
0.00390625
0.00390625
0.00390625
