0.01953125
0.01953125
0.01953125
0.01953125
0.01953125
0.01953125
0.01953125
0.01953125
0.01953125
0.01953125
0.01953125
0.01953125
0.01953125
0.01953125
0.01953125
0.01953125
0.01953125
0.01953125
0.01953125
0.01953125
0.01953125
0.01953125
0.01953125
0.01953125
0.01953125
0.02734375
0.02734375
0.02734375
0.0390625
0.0390625
0.02734375
0.02734375
0.02734375
0.02734375
0.02734375
0.02734375
0.02734375
0.02734375
0.02734375
0.02734375
0.02734375
0.02734375
0.02734375
0.02734375
0.02734375
0.02734375
0.02734375
0.02734375
0.02734375
0.02734375
0.02734375
0.02734375
0.02734375
0.02734375
0.02734375
0.02734375
0.02734375
0.02734375
0.02734375
0.02734375
0.02734375
0.02734375
0.02734375
0.02734375
0.02734375
0.02734375
0.02734375
0.02734375
0.02734375
0.02734375
0.02734375
0.02734375
0.02734375
0.02734375
0.02734375
0.02734375
0.02734375
0.02734375
0.02734375
0.04296875
0.04296875
0.04296875
0.04296875
0.04296875
0.04296875
0.04296875
0.04296875
0.04296875
0.04296875
0.04296875
0.04296875
0.04296875
0.04296875
0.04296875
0.04296875
0.04296875