0.528895768833849
0.528895768833849
0.528895768833849
0.528895768833849
0.528895768833849
0.528895768833849
0.528895768833849
0.528895768833849
0.528895768833849
0.528895768833849
0.528895768833849
0.528895768833849
0.528895768833849
0.526831785345717
0.526831785345717
0.526831785345717
0.526831785345717
0.526831785345717
0.526831785345717
0.526831785345717
0.526831785345717
0.526831785345717
0.526831785345717
0.526831785345717
0.526831785345717
0.526831785345717
0.526831785345717
0.526831785345717
0.526831785345717
0.526831785345717
0.526831785345717
0.526831785345717
0.526728586171311
0.526728586171311
0.526728586171311
0.526728586171311
0.526728586171311
0.526728586171311
0.540041279669763
0.539834881320949
0.539834881320949
0.540247678018576
0.540247678018576
0.540247678018576
0.540247678018576
0.540247678018576
0.540247678018576
0.540247678018576
0.540247678018576
0.540247678018576
0.540247678018576
0.540247678018576
0.540247678018576
0.540247678018576
0.540247678018576
0.540247678018576
0.540247678018576
0.540247678018576
0.540247678018576
0.540247678018576
0.540247678018576
0.540247678018576
0.540247678018576
0.540247678018576
0.540247678018576
0.540247678018576
0.540247678018576
0.540247678018576
0.540247678018576
0.540247678018576
0.540247678018576
0.540247678018576
0.540247678018576
0.540247678018576
0.540247678018576
0.539987567818756
0.540292365380375
0.540340711814413
0.540237512640006
0.540237512640006
0.540237512640006
0.540237512640006
0.540340711814413
0.540340711814413
0.540340711814413
0.540340711814413
0.540540613606126
0.542604597094258
0.542604597094258
0.542545519826282
0.542545519826282
0.542442320651875
0.542442320651875
0.542442320651875
0.542442320651875
0.542442320651875