0.00114338375447828
0.00114338375447828
0.0011404923806126
0.0011404923806126
0.0011404923806126
0.00113013041850987
0.0011319887651409
0.00112486699938125
0.0011236361255262
0.00112486699938125
0.00112486699938125
0.00112486699938125
0.00112486699938125
0.00112486699938125
0.00112486699938125
0.00112317576367219
0.00112149341432225
0.00111326140459223
0.00110476312813166
0.0010793055789188
0.00108153055397655
0.0010706688490479
0.0010706688490479
0.00107157949998785
0.00107157949998785
0.00107157949998785
0.00107157949998785
0.00106601239330266
0.00106599342691651
0.00106599342691651
0.00106599342691651
0.00106599342691651
0.00106599342691651
0.00106599342691651
0.00106599342691651
0.00106599342691651
0.0105445691712072
0.0105445691712072
0.0105445691712072
0.0105445691712072
0.0105445679904269
0.0105445668101877
0.0105434501766954
0.0105434489975373
0.0105431544690204
0.0105431544690204
0.0105427664044805
0.0105427664044805
0.0105427664044805
0.0105427664044805
0.010542731964258
0.010542731964258
0.010542731964258
0.010542731964258
0.0106912758122398
0.0106912758122398
0.0106912758122398
0.0107183601984135
0.0108083784073917
0.0108081228629459
0.0108081228629459
0.0108081228629459
0.0107436368366413
0.0107436368366413
0.0107436145040451
0.0107423294552171
0.0107424742499858
0.0107416674142577
0.0107416674142577
0.0107416674142577
0.0107406724461602
0.0107406724461602
0.0108323357689251
0.0108997741110951
0.010900068351069
0.0108716553834374
0.0108716553834374
0.0108716545984707
0.0108705830052603
0.0108690746469405
0.0108690746469405
0.0108690746469405
0.0108690746469405
0.0108690746469405
0.0108690746469405
0.0108690746469405
0.0108902986362786
0.0108902986362786
0.0107938657488396
0.010894322345168
0.010894322345168
0.010894322345168
0.010894322345168
0.010894322345168
0.010894322345168
0.010894322345168
