0.539050639010293
0.539032225740403
0.539078183989745
0.539177063427229
0.539177063427229
0.54055417775383
0.541799678144932
0.541911989769218
0.541969037439331
0.541970268313186
0.541970268313186
0.542012805545188
0.542011869620425
0.542016715823393
0.542012634056079
0.542032630679181
0.542048653046464
0.541442606291645
0.541001231354942
0.541286634807295
0.541442557183454
0.54100259856026
0.540977727409489
0.540888191267424
0.540899806422353
0.540912278694011
0.540874182381551
0.541376042539804
0.541511157413661
0.541542974795864
0.541546968628386
0.541617898725927
0.541182948794878
0.541068289945925
0.541082183222575
0.541081474483221
0.422800083120879
0.423665335921454
0.423663703330764
0.423619230984632
0.422868411439325
0.422767115460539
0.422410710716134
0.42240838558052
0.422375607185456
0.422374721434275
0.421805043341231
0.421733107539788
0.421551957850427
0.421550942273144
0.421739233352105
0.421139737037824
0.421129267328601
0.420886594683567
0.417486375088555
0.417559420104574
0.417463197219117
0.415470649671213
0.413929409200738
0.413894443471187
0.413439310744672
0.413536764494363
0.415388008083142
0.41541628189971
0.415123472383391
0.41462631108897
0.414548815747489
0.414566933155789
0.414566933155789
0.414518563862956
0.414514272662496
0.414461489493556
0.412118556988407
0.411675974770995
0.41166730938354
0.412236421343018
0.412239318858053
0.412310166901522
0.412382741800709
0.412411087196014
0.412411087196014
0.411572905670393
0.411561194568073
0.41079400518157
0.41020551898933
0.409829624303266
0.409122479997436
0.408961629823157
0.410711052430057
0.409450621907291
0.409435216051575
0.409415269774483
0.409378704425688
0.409378704425688
0.409174108893607
0.409198165767661
