0.14562143216024
0.14565730583794
0.145934247213727
0.14591011182709
0.14591011182709
0.144779538148693
0.144703069407968
0.144663671590671
0.144776225806896
0.144775866738906
0.14479692017384
0.144827966911831
0.144827108980798
0.144882523954419
0.144878782334382
0.144948053945959
0.14501066589044
0.148208107692002
0.150938799118459
0.152547127374551
0.152599588997217
0.154922595014419
0.155067650499406
0.155043966877287
0.155108381104698
0.15516415487209
0.155166225438624
0.154841941382127
0.154755848865687
0.154724352159566
0.154729443972059
0.154656489610443
0.154601494806649
0.154607859157709
0.154698279236245
0.154697629558503
0.0237648841344695
0.0237563169237568
0.0237562301826955
0.0237559824502708
0.0232378668474217
0.0232322708073955
0.0232029764355669
0.0232027449832477
0.0231993423989168
0.0231992538237988
0.0231556206290751
0.0231469696532642
0.0231429943081123
0.023142892750384
0.023178594175055
0.0231422221585707
0.0231421751523322
0.0231326297857982
0.0229730948739109
0.0229685402708144
0.022965045550938
0.0229116582668224
0.0226285970168879
0.0226267990687145
0.0225610357027061
0.0225452368368165
0.0224127221416644
0.0224111331540942
0.0224043946056358
0.0223072319573439
0.0223057169814435
0.0222914656797017
0.0222914656797017
0.0222914656797017
0.0222895495310675
0.0222861599188116
0.0221793165941561
0.022119608562875
0.0221195043641139
0.0221460080600007
0.0221457466957086
0.0221258213346637
0.0221177391155288
0.0221051807405752
0.0221051807405752
0.022100975816085
0.022099396068774
0.0220199158696531
0.0219451214391979
0.0219056024539486
0.0212471465906831
0.0212245775219081
0.0210820692932293
0.021290674119405
0.0212927540467843
0.0212911104358857
0.0212904014774497
0.0212898333466477
0.0212539479944764
0.0212489643183502
