0.00101782337902372
0.00101728592617203
0.00101619229438989
0.00101580069952279
0.00101580069952279
0.00100761565404448
0.00100674396407064
0.00100637775047834
0.00100594615643712
0.00100989691180012
0.00100989691180012
0.00100974496919917
0.00100972763725911
0.00100936359237291
0.00100928800408931
0.00100909947391942
0.00100893977829755
0.000998858997779331
0.000990319140216015
0.000974840989848759
0.000974119210835018
0.000966616291953875
0.000965775911867593
0.000965706106930072
0.000965517125791672
0.000965422335675828
0.00096536568724983
0.000961601999098389
0.000960950291604946
0.000960664908937484
0.000960640517114297
0.00096013695417698
0.000957463331011723
0.000956846585962946
0.000956373921836747
0.000956360797033891
0.128083346373903
0.127796023251688
0.127795131057914
0.127794635593065
0.127972389895764
0.127990155312504
0.128152181828593
0.128151716565639
0.128166448456879
0.128166271306643
0.128346236476674
0.128346204955073
0.128394998343405
0.128394795227949
0.128295460299646
0.128294161299058
0.128294067286581
0.128343320425646
0.130600685769617
0.130600693496781
0.13063398944032
0.131663699781998
0.132936677609625
0.132997847923069
0.133338793829373
0.133287203932576
0.132354376230464
0.132350493915504
0.132390830893221
0.132683785713007
0.132683796243535
0.13272974275064
0.13272974275064
0.13272974275064
0.132741751802655
0.132762492711576
0.134326365314437
0.134948627692647
0.134958127135104
0.134550658517963
0.134550648323194
0.13455753623216
0.13457118935044
0.134525933253175
0.134525933253175
0.134823179362062
0.134825493803965
0.134831721965039
0.135243593677951
0.135474185899042
0.136183175783874
0.136332229371424
0.135144601668957
0.135995897191929
0.135995966988646
0.136004907305937
0.136013830273942
0.135378287227461
0.135552523404377
0.135552455215028
