0.15421013738658
0.154127617465066
0.154127499190575
0.154127499190575
0.154127499190575
0.153977328548618
0.154129210679878
0.154111128204432
0.154111094368907
0.154111104712385
0.154111104712385
0.154130651127753
0.154130651127753
0.15413063284677
0.15413063284677
0.154133855771387
0.154133841633997
0.154072693483362
0.154034455912759
0.153742177464092
0.153763606174833
0.153761368124969
0.153702586589009
0.153713868788795
0.153713828665399
0.153713831100638
0.153723746127125
0.153604510965245
0.153578412867332
0.153590999263515
0.153590991039786
0.153595899766813
0.153592351384508
0.153594849145912
0.15361806934048
0.15361806934048
0.126735635517583
0.127589854187742
0.12759388386379
0.12759388386379
0.127377272726784
0.127377272726784
0.127358947264081
0.127358947264081
0.127328027401713
0.127328027401713
0.127361640396952
0.127281503804744
0.127281484729192
0.127281484729192
0.127658461822149
0.128321884050564
0.128321884050564
0.128237718340404
0.127674500496574
0.127664863167865
0.127664857293617
0.126648849630316
0.126236526464642
0.126175374816203
0.125677865597107
0.125720427303458
0.125700515244733
0.125725675355833
0.125725656814937
0.12566744314853
0.125667938083376
0.125644167517898
0.125644167517898
0.125644167517898
0.125667124879575
0.125667115101727
0.125311776030617
0.126018245527404
0.126017489169403
0.126090704531416
0.126090702492462
0.12609068405568
0.126070001759861
0.126082194795882
0.126082194795882
0.125229166539117
0.125228962446899
0.125257285437369
0.124534207604569
0.124193110538572
0.12385328781985
0.123846436519713
0.124113285578289
0.123908342941871
0.123908356901214
0.123908354095685
0.123908354095685
0.124543880350123
0.124245978192132
0.12424595745288
