0.998940074126995
0.998940671914245
0.998941818742288
0.99894227052007
0.99894227052007
0.99895034720456
0.998951014147347
0.998951411782586
0.998951881571484
0.998947930816121
0.998947930816121
0.998948082758722
0.998948100090662
0.998948475899303
0.998948551487587
0.998948740017756
0.998948905553115
0.998958810643524
0.998967015574902
0.998982266556604
0.998982809003497
0.998990400361654
0.998990932855678
0.998990994474153
0.998991183455291
0.998991278245407
0.998991334893833
0.998994977817877
0.99899092742833
0.9990011970186
0.999001221974523
0.999001746737433
0.998993914360621
0.998990663412944
0.998992444561413
0.998992457686216
0.871834573079522
0.872121896201737
0.872127949061729
0.872128444526578
0.871950690223879
0.871932898784662
0.871770872268574
0.871771337531528
0.871756605640287
0.871756782790523
0.871576842471155
0.871431601038495
0.871382807650162
0.871383010765619
0.871482345693921
0.87148364469451
0.871483738706987
0.871434485567922
0.869179648875878
0.869179641148714
0.869146360475124
0.868117396758333
0.866848706620384
0.866787549831683
0.866446612288308
0.866498202185105
0.867433020350343
0.867436902665303
0.867396590659179
0.867103782767687
0.867103772237158
0.867057825730053
0.867057825730053
0.867057825730053
0.867045816678038
0.867025075769117
0.865462776704922
0.864841462555893
0.864831965403579
0.865238994783364
0.865239004978133
0.865232143217586
0.865218508696316
0.865263784557723
0.865263784557723
0.864966538448836
0.864964225318662
0.864957997157588
0.864546125444676
0.864315533223585
0.863612544344691
0.863463494344512
0.864652358647341
0.863799725138906
0.863799655342189
0.863790715024897
0.863781795688625
0.864417338735106
0.86424310255819
0.864243170747539
