0.0129142018515421
0.0129022771093282
0.0128915414426489
0.0128836462217262
0.0128836462217262
0.0127824367614401
0.0127798616965302
0.0127730777883901
0.01276548336767
0.01276548336767
0.01276548336767
0.0127654734287408
0.0127654647627708
0.012763833238993
0.0127637954448512
0.0127629659069771
0.0127622053820637
0.0126304553092081
0.0125213640888545
0.0123246655238964
0.0123192882927413
0.0122229164400911
0.012210791110235
0.012211329913043
0.0122085245668796
0.0122057672713397
0.0122057641405521
0.0121555201795481
0.0121568422242272
0.0121402939616736
0.0121401477506949
0.0121356441909282
0.0121750067747396
0.0121788279389524
0.0121722816192915
0.0121722750568901
0.00146295972891332
0.00146247815106026
0.00145731748484224
0.00145727247946037
0.00180486505054576
0.00176689102362156
0.00173248786430837
0.00170957408471024
0.00167685024891349
0.00166808131222395
0.00166452029136535
0.0016629574513699
0.00165270407423174
0.0016426498591246
0.00164368480135099
0.00164342500123324
0.0016387686897578
0.00163598151674687
0.00162657566817408
0.00162632668078438
0.00162511542562209
0.00162301796725051
0.00160984937757266
0.00160946623264534
0.00160445075437456
0.00160437715613646
0.00159932031488238
0.00159913113122513
0.00159902080369724
0.00159414558138815
0.00159412555191326
0.00159366539600631
0.00159366539600631
0.00159365367863886
0.00159369098228571
0.00159366872133571
0.00158658070600704
0.00158330843233983
0.0015832907881732
0.00158512688287038
0.00158512588543883
0.00158503545781707
0.00158493041432297
0.00158460228240884
0.00158460228240884
0.00158461579868428
0.00158460657460269
0.00158411908057974
0.00156973482262347
0.00155064641976539
0.00150990325257297
0.0015097724312564
0.00150505534314313
0.00151616326547509
0.00151617328149202
0.001516164611877
0.00151615525260186
0.00151615245392796
0.00150009934923656
0.00150007851732544
