0.000624219725343321
0.000624219725343321
0.000624219725343321
0.000624219725343321
0.000624219725343321
0.000624219725343321
0.000624219725343321
0.000624219725343321
0.000624219725343321
0.000624219725343321
0.000624219725343321
0.000624219725343321
0.000624219725343321
0.000624219725343321
0.000624219725343321
0.000624219725343321
0.000624219725343321
0.000624219725343321
0.000624219725343321
0.000624219725343321
0.000624219725343321
0.000624219725343321
0.000624219725343321
0.000624219725343321
0.000624219725343321
0.000624219725343321
0.000624219725343321
0.000624219725343321
0.000624219725343321
0.000624219725343321
0.000624219725343321
0.000624219725343321
0.000624219725343321
0.000624219725343321
0.000624219725343321
0.000624219725343321
0.000624219725343321
0.000624219725343321
0.000624219725343321
0.000624219725343321
0.000624219725343321
0.000624219725343321
0.000624219725343321
0.000624219725343321
0.000624219725343321
0.000624219725343321
0.000624219725343321
0.000624219725343321
0.000624219725343321
0.000624219725343321
0.000624219725343321
0.000624219725343321
0.000624219725343321
0.000624219725343321
0.000624219725343321
0.000624219725343321
0.000624219725343321
0.000624219725343321
0.000624219725343321
0.000624219725343321
0.000624219725343321
0.000624219725343321
0.000624219725343321
0.000624219725343321
0.000624219725343321
0.000624219725343321
0.000624219725343321
0.000624219725343321
0.000624219725343321
0.00117426243180699
0.000628847854513654
0.000624219725343321
0.000624219725343321
0.000624219725343321
0.000624219725343321
0.000624219725343321
0.000624219725343321
0.000624219725343321
0.000624219725343321
0.000624219725343321
0.000624219725343321
0.000624219725343321
0.000624219725343321
0.000624219725343321
0.000624219725343321
0.000624219725343321
0.000624219725343321
0.000624219725343321
0.000624219725343321
0.000624219725343321
0.000624219725343321
0.000624219725343321
0.000624219725343321
0.000624219725343321
0.000624219725343321
0.000624219725343321
