0.8155476371861
0.8155476371861
0.8155476371861
0.815545563366415
0.8155476371861
0.8155476371861
0.8155476371861
0.8155476371861
0.8155476371861
0.8155476371861
0.8155476371861
0.8155476371861
0.8155476371861
0.8155476371861
0.8155476371861
0.8155476371861
0.8155476371861
0.8155476371861
0.8155476371861
0.8155476371861
0.8155476371861
0.8155476371861
0.8155476371861
0.8155476371861
0.8155476371861
0.8155476371861
0.8155476371861
0.8155476371861
0.8155476371861
0.8155476371861
0.8155476371861
0.8155476371861
0.8155476371861
0.8155476371861
0.8155476371861
0.8155476371861
0.8155476371861
0.8155476371861
0.8155476371861
0.8155476371861
0.8155476371861
0.8155476371861
0.8155476371861
0.8155476371861
0.8155476371861
0.8155476371861
0.8155476371861
0.8155476371861
0.8155476371861
0.8155476371861
0.8155476371861
0.8155476371861
0.8155476371861
0.8155476371861
0.8155476371861
0.8155476371861
0.8155476371861
0.8155476371861
0.8155476371861
0.8155476371861
0.8155476371861
0.815549711005786
0.815549711005786
0.815549711005786
0.815549711005786
0.815549711005786
0.815549711005786
0.815549711005786
0.815549711005786
0.812075947063197
0.812045617562246
0.816080608845281
0.816080608845281
0.816080608845281
0.816080608845281
0.816080608845281
0.816080608845281
0.816080608845281
0.816080608845281
0.816080608845281
0.816080608845281
0.815541415727044
0.815541415727044
0.815541415727044
0.815541415727044
0.815541415727044
0.815541415727044
0.815541415727044
0.815541415727044
0.815541415727044
0.815541415727044
0.815541415727044
0.815541415727044
0.815541415727044
0.815541415727044
0.815541415727044
