0.160171290736816
0.160171290736816
0.160171290736816
0.160171290736816
0.160171290736816
0.160171290736816
0.160171290736816
0.160171290736816
0.160171290736816
0.160171290736816
0.160171290736816
0.160171290736816
0.160171290736816
0.160171290736816
0.160171290736816
0.160171290736816
0.160171290736816
0.160171290736816
0.160171290736816
0.160171290736816
0.160171290736816
0.160171290736816
0.160171290736816
0.160171290736816
0.160171290736816
0.160171290736816
0.160171290736816
0.160171290736816
0.160171290736816
0.160171290736816
0.160171290736816
0.160171290736816
0.160171290736816
0.160171290736816
0.160171290736816
0.160171290736816
0.160171290736816
0.160171290736816
0.160171290736816
0.160171290736816
0.160171290736816
0.160171290736816
0.160171290736816
0.160171290736816
0.160171290736816
0.160171290736816
0.160171290736816
0.160171290736816
0.160171290736816
0.160171290736816
0.160171290736816
0.160171290736816
0.160171290736816
0.160171290736816
0.160171290736816
0.160171290736816
0.160171290736816
0.160171290736816
0.160171290736816
0.160171290736816
0.160171290736816
0.160171290736816
0.160171290736816
0.160171290736816
0.160171290736816
0.160171290736816
0.160171290736816
0.160171290736816
0.160171290736816
0.161541703365505
0.161541703365505
0.159640392897321
0.159640392897321
0.159640392897321
0.159640392897321
0.159640392897321
0.159640392897321
0.159640392897321
0.159640392897321
0.159640392897321
0.159640392897321
0.159640392897321
0.159640392897321
0.159640392897321
0.159640392897321
0.159640392897321
0.159640392897321
0.159640392897321
0.159640392897321
0.159640392897321
0.159686016930403
0.159683943110717
0.159683943110717
0.16342304000372
0.163420966184035
0.163420966184035
