0.07842525765541
0.07842525765541
0.07842525765541
0.07842525765541
0.07842525765541
0.07842525765541
0.07842525765541
0.07842525765541
0.07842525765541
0.07842525765541
0.07842525765541
0.07842525765541
0.07842525765541
0.07842525765541
0.07842525765541
0.07842525765541
0.07842525765541
0.07842525765541
0.07842525765541
0.07842525765541
0.07842525765541
0.07842525765541
0.07842525765541
0.07842525765541
0.07842525765541
0.07842525765541
0.07842525765541
0.07842525765541
0.07842525765541
0.07842525765541
0.07842525765541
0.07842525765541
0.07842525765541
0.07842525765541
0.07842525765541
0.07842525765541
0.07842525765541
0.07842525765541
0.07842525765541
0.07842525765541
0.07842525765541
0.07842525765541
0.07842525765541
0.07842525765541
0.07842525765541
0.07842525765541
0.07842525765541
0.07842525765541
0.07842525765541
0.07842525765541
0.07842525765541
0.07842525765541
0.07842525765541
0.07842525765541
0.07842525765541
0.07842525765541
0.07842525765541
0.07842525765541
0.07842525765541
0.07842525765541
0.07842525765541
0.07842525765541
0.07842525765541
0.07842525765541
0.07842525765541
0.07842525765541
0.07842525765541
0.07842525765541
0.07842525765541
0.07842525765541
0.07842525765541
0.07842525765541
0.07842525765541
0.07842525765541
0.07842525765541
0.07842525765541
0.07842525765541
0.07842525765541
0.07842525765541
0.07842525765541
0.07842525765541
0.07842525765541
0.07842525765541
0.07842525765541
0.07842525765541
0.07842525765541
0.07842525765541
0.07842525765541
0.07842525765541
0.07842525765541
0.07842525765541
0.07842525765541
0.07842525765541
0.07842525765541
0.07842525765541
0.07842525765541
