0.00174577195853792
0.00174577195853792
0.00174577195853792
0.00174577195853792
0.00174577195853792
0.00174577195853792
0.0
0.0
0.0
0.00174577195853792
0.00174577195853792
0.00174577195853792
0.00174577195853792
0.00174577195853792
0.00174577195853792
0.00174577195853792
0.00174577195853792
0.00174577195853792
0.00174577195853792
0.00174577195853792
0.00174577195853792
0.00174577195853792
0.00174577195853792
0.00174577195853792
0.00174577195853792
0.00174577195853792
0.00174577195853792
0.00174577195853792
0.00174577195853792
0.00174577195853792
0.00174577195853792
0.00174577195853792
0.00174577195853792
0.00174577195853792
0.00174577195853792
0.00174577195853792
0.00174577195853792
0.00174577195853792
0.00174577195853792
0.00174577195853792
0.00174577195853792
0.00174577195853792
0.00174577195853792
0.00174577195853792
0.00174577195853792
0.00174577195853792
0.00174577195853792
0.00174577195853792
0.00174577195853792
0.00174577195853792
0.00174577195853792
0.00174577195853792
0.00174577195853792
0.00174577195853792
0.00174577195853792
0.00174577195853792
0.00174577195853792
0.00174577195853792
0.00174577195853792
0.00174577195853792
0.00174577195853792
0.00174577195853792
0.00174577195853792
0.00174577195853792
0.00174577195853792
0.00174577195853792
0.00174577195853792
0.00174577195853792
0.00174577195853792
0.00174577195853792
0.00174577195853792
0.00174577195853792
0.00174577195853792
0.00174577195853792
0.00174577195853792
0.00174577195853792
0.00174577195853792
0.00174577195853792
0.00174577195853792
0.00174577195853792
0.00174577195853792
0.00174577195853792
0.00174577195853792
0.00174577195853792
0.00174577195853792
0.00174577195853792
0.00174577195853792
0.00174577195853792
0.00174577195853792
0.00174577195853792
0.00174577195853792
0.00174577195853792
0.00174577195853792
0.00174577195853792
0.00174577195853792
0.00174577195853792