0.00709531603148624
0.00709531603148624
0.00709531603148624
0.00709531603148624
0.00709531603148624
0.00709531603148624
0.00709531603148624
0.00709531603148624
0.00709531603148624
0.00709531603148624
0.00709531603148624
0.00709531603148624
0.00709531603148624
0.00709531603148624
0.00709531603148624
0.00709531603148624
0.00709531603148624
0.00709531603148624
0.00709479522527823
0.00709453666900475
0.00709453666900475
0.00709453666900475
0.00709453666900475
0.00709453666900475
0.00709453666900475
0.00709453666900475
0.00709453666900475
0.00709453666900475
0.00709453666900475
0.00709453666900475
0.00709453666900475
0.00709453666900475
0.00709453666900475
0.00709453666900475
0.00709453666900475
0.00709453666900475
0.00709453666900475
0.00709453666900475
0.00709453666900475
0.00709453666900475
0.00709453666900475
0.00709453666900475
0.00709453666900475
0.00709453666900475
0.00709453666900475
0.00709453666900475
0.00709453666900475
0.00709453666900475
0.00709453666900475
0.00709453666900475
0.00709453666900475
0.00709453666900475
0.00709453666900475
0.00709453666900475
0.00709453666900475
0.00709453666900475
0.00709453666900475
0.00709453666900475
0.00709453666900475
0.00709453666900475
0.00709453666900475
0.00709453666900475
0.00709453666900475
0.00709453666900475
0.00709453666900475
0.00709453666900475
0.00709453666900475
0.00709453666900475
0.00709453666900475
0.00709453666900475
0.00709453666900475
0.00709453666900475
0.00709453666900475
0.00709453666900475
0.00709453666900475
0.00709453666900475
0.00709453666900475
0.00709453666900475
0.00709453666900475
0.00709453666900475
0.00709453666900475
0.00709453666900475
0.00709453666900475
0.00709453666900475
0.00709453666900475
0.00709453666900475
0.00709453666900475
0.00709453666900475
0.00709453666900475
0.00709453666900475
0.00709453666900475
0.00709453666900475
0.00709453666900475
0.00709453666900475
0.00709453666900475
0.00709453666900475