0.380872106616787
0.380872106616787
0.380872106616787
0.380872106616787
0.380872106616787
0.380872106616787
0.396147611253994
0.396147611253994
0.396147611253994
0.380872106616787
0.380872106616787
0.380872106616787
0.380872106616787
0.380872106616787
0.380872106616787
0.380872106616787
0.380872106616787
0.380872106616787
0.380847455122942
0.3808715870418
0.3808715870418
0.3808715870418
0.3808715870418
0.3808715870418
0.3808715870418
0.3808715870418
0.3808715870418
0.3808715870418
0.3808715870418
0.3808715870418
0.3808715870418
0.3808715870418
0.3808715870418
0.3808715870418
0.3808715870418
0.3808715870418
0.3808715870418
0.3808715870418
0.3808715870418
0.3808715870418
0.3808715870418
0.3808715870418
0.3808715870418
0.3808715870418
0.3808715870418
0.3808715870418
0.3808715870418
0.3808715870418
0.3808715870418
0.3808715870418
0.3808715870418
0.3808715870418
0.3808715870418
0.3808715870418
0.3808715870418
0.3808715870418
0.3808715870418
0.3808715870418
0.3808715870418
0.3808715870418
0.3808715870418
0.3808715870418
0.3808715870418
0.3808715870418
0.3808715870418
0.3808715870418
0.3808715870418
0.3808715870418
0.3808715870418
0.3808715870418
0.3808715870418
0.3808715870418
0.3808715870418
0.3808715870418
0.3808715870418
0.3808715870418
0.3808715870418
0.3808715870418
0.3808715870418
0.3808715870418
0.3808715870418
0.3808715870418
0.3808715870418
0.3808715870418
0.3808715870418
0.3808715870418
0.3808715870418
0.3808715870418
0.3808715870418
0.3808715870418
0.3808715870418
0.3808715870418
0.3808715870418
0.3808715870418
0.3808715870418
0.3808715870418