0.992903904606032
0.992903904606032
0.992903904606032
0.992903904606032
0.992903904606032
0.992903904606032
0.992903904606032
0.992903904606032
0.992903904606032
0.992903904606032
0.992903904606032
0.992903904606032
0.992903904606032
0.992903904606032
0.992903904606032
0.992903904606032
0.992903904606032
0.992903904606032
0.99290442541224
0.992904683968514
0.992904683968514
0.992904683968514
0.992904683968514
0.992904683968514
0.992904683968514
0.992904683968514
0.992904683968514
0.992904683968514
0.992904683968514
0.992904683968514
0.992904683968514
0.992904683968514
0.992904683968514
0.992904683968514
0.992904683968514
0.992904683968514
0.992904683968514
0.992904683968514
0.992904683968514
0.992904683968514
0.992904683968514
0.992904683968514
0.992904683968514
0.992904683968514
0.992904683968514
0.992904683968514
0.992904683968514
0.992904683968514
0.992904683968514
0.992904683968514
0.992904683968514
0.992904683968514
0.992904683968514
0.992904683968514
0.992904683968514
0.992904683968514
0.992904683968514
0.992904683968514
0.992904683968514
0.992904683968514
0.992904683968514
0.992904683968514
0.992904683968514
0.992904683968514
0.992904683968514
0.992904683968514
0.992904683968514
0.992904683968514
0.992904683968514
0.992904683968514
0.992904683968514
0.992904683968514
0.992904683968514
0.992904683968514
0.992904683968514
0.992904683968514
0.992904683968514
0.992904683968514
0.992904683968514
0.992904683968514
0.992904683968514
0.992904683968514
0.992904683968514
0.992904683968514
0.992904683968514
0.992904683968514
0.992904683968514
0.992904683968514
0.992904683968514
0.992904683968514
0.992904683968514
0.992904683968514
0.992904683968514
0.992904683968514
0.992904683968514
0.992904683968514