0.0494791666666667
0.0494791666666667
0.0494791666666667
0.0494791666666667
0.0494791666666667
0.0494791666666667
0.0494791666666667
0.0494791666666667
0.0494791666666667
0.0494791666666667
0.0494791666666667
0.0494791666666667
0.0494791666666667
0.0494791666666667
0.0494791666666667
0.0494791666666667
0.0494791666666667
0.0494791666666667
0.0494791666666667
0.0494791666666667
0.0494791666666667
0.0494791666666667
0.0494791666666667
0.0494791666666667
0.0494791666666667
0.0494791666666667
0.0494791666666667
0.0494791666666667
0.0494791666666667
0.0494791666666667
0.0494791666666667
0.0494791666666667
0.0494791666666667
0.0494791666666667
0.0494791666666667
0.0494791666666667
0.0494791666666667
0.0494791666666667
0.0494791666666667
0.0494791666666667
0.0494791666666667
0.0494791666666667
0.0494791666666667
0.0494791666666667
0.0494791666666667
0.0494791666666667
0.0494791666666667
0.0494791666666667
0.0442708333333333
0.0442708333333333
0.0442708333333333
0.0442708333333333
0.0442708333333333
0.0442708333333333
0.0442708333333333
0.0442708333333333
0.0436580882352941
0.0436580882352941
0.0442708333333333
0.0442708333333333
0.0442708333333333
0.0442708333333333
0.0442708333333333
0.0442708333333333
0.0442708333333333
0.0442708333333333
0.0442708333333333
0.0546875
0.0546875
0.0546875
0.0546875
0.0546875
0.0546875
0.0546875
0.0546875
0.0546875
0.0546875
0.0546875
0.0546875
0.0546875
0.0546875
0.0546875
0.0546875
0.0546875
0.0546875
0.0546875
0.0546875
0.0546875
0.0546875
0.0546875
0.0546875
0.0546875
0.0546875
0.0546875
0.0546875
0.0546875