0.875
0.875
0.875
0.875
0.875
0.875
0.875
0.875
0.875
0.875
0.875
0.875
0.875
0.875
0.875
0.875
0.875
0.875
0.875
0.875
0.875
0.875
0.875
0.875
0.875
0.875
0.875
0.875
0.875
0.875
0.875
0.875
0.875
0.875
0.875
0.875
0.9375
0.9375
0.875
0.875
0.875
0.875
0.875
0.9375
0.9375
0.9375
0.9375
0.9375
0.9375
0.9375
0.9375
0.9375
0.9375
0.9375
0.9375
0.9375
0.9375
0.9375
0.9375
0.9375
0.9375
0.875
0.875
0.875
0.875
0.875
0.875
0.875
0.875
0.875
0.875
0.875
0.875
0.875
0.875
0.875
0.875
0.875
0.875
0.875
0.875
0.875
0.875
0.875
0.875
0.875
0.875
0.875
0.875
0.875
0.875
0.875
0.875
0.875
0.875
0.875