0.272131413946236
0.272152135081184
0.272152135081184
0.272152135081184
0.272152135081184
0.272152135081184
0.272152135081184
0.272152135081184
0.272152135081184
0.272152135081184
0.272152135081184
0.272005482438394
0.272188146045955
0.272033999971012
0.272033999971012
0.272033999971012
0.272033999971012
0.272054194755156
0.272053144272578
0.272075574307421
0.272070055698543
0.272061638609358
0.272133614414518
0.272179532968994
0.272015561895964
0.272008883901135
0.272002914489496
0.271342591879361
0.271332300010594
0.271332300010594
0.271337017290932
0.271215207942494
0.271240705693709
0.271240705693709
0.271232516506649
0.271232516506649
0.271228432222628
0.271228432222628
0.27124088874935
0.271220284187225
0.271216220401465
0.271216220401465
0.271213683988796
0.271213683988796
0.271217743523512
0.271217743523512
0.271217743523512
0.271217743523512
0.271217743523512
0.271219919676388
0.271211834063167
0.271214758493773
0.271214863138352
0.271214863138352
0.271213854333939
0.271213854333939
0.271213854333939
0.271213854333939
0.271213854333939
0.271103325613411
0.271101400251282
0.271101400251282
0.271058200710864
0.271058200710864
0.271050369845863
0.271050369845863
0.271050369845863
0.271031278924728
0.271038991375074
0.271038991375074
0.271038991375074
0.271035132004529
0.271035132004529
0.27101784246359
0.27101784246359
0.27101784246359
0.271006386186226
0.271006386186226
0.270996881770574
0.270996881770574
0.270987887036958
0.271002043233999
0.271002400772105
0.271001497193969
0.271005231217739
0.271005231217739
0.271005231217739
0.271532962653509
0.271532962653509
0.271518062276474
0.271518062276474
0.271518062276474
0.271518062276474
0.271518062276474
0.271895630487112
0.271897224026228
