6.97438994773636e-05
6.97542782076157e-05
6.97542782076157e-05
6.97542782076157e-05
6.97542782076157e-05
6.97542782076157e-05
6.97542782076157e-05
6.97542782076157e-05
6.97542782076157e-05
6.97542782076157e-05
6.97542782076157e-05
6.94750017651619e-05
6.95370258567667e-05
6.91575814126584e-05
6.91575814126584e-05
6.91575814126584e-05
6.91575814126584e-05
6.86178248427435e-05
6.83239535657495e-05
6.75271271584374e-05
6.74835064347769e-05
6.76073366460178e-05
6.59441670003742e-05
6.52030736999646e-05
6.51027932492492e-05
6.50636604047311e-05
6.5002013109289e-05
6.49887353585555e-05
6.49887353585555e-05
6.49887353585555e-05
6.49494246890706e-05
6.36932965702601e-05
6.35423512821054e-05
6.35385214771589e-05
6.35206327821814e-05
6.35206327821814e-05
6.3904766803606e-05
6.35117270385976e-05
6.3904766803606e-05
6.34939921792942e-05
6.34851628337424e-05
6.34851628337424e-05
6.34625810086203e-05
6.34625810086203e-05
6.34713945675257e-05
6.34318696349996e-05
6.34109141607198e-05
6.34109141607198e-05
6.34109141607198e-05
6.3360793557381e-05
6.3318431420206e-05
6.32940611651542e-05
6.32940611651542e-05
6.32940611651542e-05
6.32918806474405e-05
6.32918806474405e-05
6.32334305934772e-05
6.31955907455069e-05
6.31955907455069e-05
6.29607926567352e-05
6.29567625788107e-05
6.29006835160158e-05
7.15800713247454e-05
7.15800713247454e-05
7.1085025817616e-05
6.28756939377512e-05
6.31062016599547e-05
6.28884648263531e-05
6.2892080602418e-05
6.2892080602418e-05
6.28909314873917e-05
6.28828339288093e-05
6.28828339288093e-05
6.27826230293174e-05
6.27826230293174e-05
6.27826230293174e-05
6.27313200192659e-05
6.26846592305085e-05
6.26651203695974e-05
6.26651203695974e-05
6.23096265043661e-05
6.20094352723185e-05
6.20311693556821e-05
6.20386991734809e-05
6.20462692653706e-05
6.20462692653706e-05
6.20462692653706e-05
6.20462692653706e-05
6.20462692653706e-05
6.20161075549306e-05
6.20045924043088e-05
6.20045924043088e-05
6.20045924043088e-05
6.20045924043088e-05
6.20026847162831e-05
6.19747954639112e-05
