2.68716074595582e-06
2.68716074595582e-06
2.68716074595582e-06
2.68716074595582e-06
2.68716074595582e-06
2.68716074595582e-06
2.68716074595582e-06
2.68716074595582e-06
2.68716074595582e-06
2.68716074595582e-06
2.68716074595582e-06
2.68716074595582e-06
2.68716074595582e-06
2.68716074595582e-06
2.68716074595582e-06
2.68716074595582e-06
2.68716074595582e-06
2.66868775285816e-06
2.64273406695631e-06
2.61728033166176e-06
2.61728033166176e-06
2.6248648194618e-06
2.5641814619937e-06
2.5336981858721e-06
2.5336981858721e-06
2.5336981858721e-06
2.5336981858721e-06
2.5336981858721e-06
2.5336981858721e-06
2.5336981858721e-06
2.5336981858721e-06
2.51319426991706e-06
2.49301954527324e-06
2.49301954527324e-06
2.49301954527324e-06
2.49301954527324e-06
2.49301954527324e-06
2.49301954527324e-06
2.49301954527324e-06
2.49301954527324e-06
2.49301954527324e-06
2.49301954527324e-06
2.49301954527324e-06
2.49301954527324e-06
2.49301954527324e-06
2.49301954527324e-06
2.49301954527324e-06
2.49301954527324e-06
2.49301954527324e-06
2.49301954527324e-06
2.49301954527324e-06
2.49301954527324e-06
2.49301954527324e-06
2.49301954527324e-06
2.49301954527324e-06
2.49301954527324e-06
2.49301954527324e-06
2.49301954527324e-06
2.49301954527324e-06
2.49301954527324e-06
2.49301954527324e-06
2.49301954527324e-06
2.49301954527324e-06
2.49301954527324e-06
2.49301954527324e-06
2.49301954527324e-06
2.49301954527324e-06
2.49301954527324e-06
2.49301954527324e-06
2.49301954527324e-06
2.49301954527324e-06
2.49301954527324e-06
2.49301954527324e-06
2.4935914699223e-06
2.49301954527324e-06
2.49301954527324e-06
2.49301954527324e-06
2.49301954527324e-06
2.49301954527324e-06
2.49301954527324e-06
2.49301954527324e-06
2.47204121387112e-06
2.47316614730178e-06
2.47316614730178e-06
2.47316614730178e-06
2.47316614730178e-06
2.47316614730178e-06
2.47316614730178e-06
2.47316614730178e-06
2.47316614730178e-06
2.47316614730178e-06
2.47316614730178e-06
2.47316614730178e-06
2.47316614730178e-06
2.47316614730178e-06
2.47204121387112e-06
