0.380872106616787
0.380872106616787
0.380872106616787
0.380872106616787
0.380872106616787
0.380872106616787
0.380872106616787
0.380872106616787
0.380872106616787
0.380872106616787
0.380872106616787
0.380872106616787
0.380872106616787
0.380872106616787
0.380872106616787
0.380872106616787
0.380872106616787
0.380872106616787
0.380872106616787
0.380872106616787
0.380872106616787
0.380872106616787
0.380872106616787
0.380872106616787
0.380872106616787
0.380872106616787
0.380872106616787
0.380872106616787
0.380872106616787
0.380872106616787
0.380872106616787
0.380872106616787
0.380872106616787
0.380872106616787
0.380872106616787
0.380872106616787
0.380872106616787
0.380872106616787
0.380872106616787
0.380872106616787
0.380872106616787
0.380872106616787
0.380872106616787
0.380872106616787
0.380872106616787
0.380872106616787
0.380872106616787
0.380872106616787
0.380872106616787
0.380872106616787
0.380872106616787
0.380872106616787
0.394401839295456
0.396147611253994
0.396147611253994
0.396147611253994
0.396147611253994
0.396147611253994
0.396147611253994
0.396147611253994
0.396147611253994
0.396147611253994
0.396147611253994
0.396147611253994
0.396147611253994
0.396147611253994
0.396147611253994
0.396147611253994
0.396147611253994
0.396147611253994
0.396147611253994
0.396147611253994
0.396147611253994
0.396147611253994
0.396147611253994
0.396147611253994
0.396147611253994
0.396147611253994
0.396147611253994
0.396147611253994
0.396147611253994
0.396147611253994
0.396147611253994
0.396147611253994
0.396147611253994
0.396147611253994
0.396147611253994
0.396147611253994
0.396147611253994
0.396147611253994
0.396147611253994
0.396147611253994
0.396257501363884
0.396147611253994
0.396147611253994
0.396147611253994