0.165037182859761
0.165037182859761
0.165037182859761
0.165037182859761
0.165037182859761
0.165037182859761
0.165037182859761
0.168865771826014
0.168868600484282
0.168868600484282
0.168868600484282
0.168868600484282
0.168868600484282
0.168868600484282
0.168868600484282
0.168868600484282
0.168868600484282
0.168868600484282
0.168868600484282
0.168868600484282
0.168868600484282
0.168868600484282
0.168868600484282
0.168868600484282
0.168868600484282
0.168868600484282
0.168868600484282
0.168868600484282
0.168868600484282
0.168868600484282
0.168868600484282
0.157374347610719
0.157379870072153
0.157379870072153
0.157379870072153
0.157379870072153
0.157379870072153
0.157379870072153
0.157379870072153
0.157379870072153
0.157379870072153
0.157379870072153
0.157379870072153
0.157379870072153
0.157379870072153
0.157379870072153
0.157379870072153
0.157379870072153
0.157379870072153
0.157379870072153
0.157379870072153
0.157379870072153
0.157379870072153
0.157379870072153
0.157379870072153
0.157379870072153
0.157379870072153
0.157379870072153
0.157379870072153
0.157379870072153
0.157379870072153
0.157379870072153
0.157379870072153
0.157379870072153
0.157379870072153
0.157379870072153
0.157379870072153
0.157379870072153
0.157379870072153
0.157379870072153
0.157379870072153
0.157379870072153
0.157379870072153
0.157379870072153
0.157379870072153
0.157379870072153
0.157379870072153
0.157379870072153
0.157379870072153
0.157379870072153
0.157379870072153
0.16885716351691
0.168865643231313
0.168865643231313
0.168865643231313
0.168865643231313
0.168865643231313
0.168865643231313
0.168865643231313
0.168865643231313
0.168865643231313
0.168865643231313
0.168865643231313
0.168865643231313
0.168865643231313
0.168865643231313
