0.829301155393216
0.829301155393216
0.815449923017525
0.809229703485356
0.807407340395953
0.807407340395953
0.807407340395953
0.80740804756052
0.80740804756052
0.80740804756052
0.80740804756052
0.80740804756052
0.80740804756052
0.80740804756052
0.80740804756052
0.80740804756052
0.80740804756052
0.80740804756052
0.80740804756052
0.80740804756052
0.80740804756052
0.80740804756052
0.80740804756052
0.80740804756052
0.80740804756052
0.80740804756052
0.80740804756052
0.80740804756052
0.80740804756052
0.80740804756052
0.80740804756052
0.80740804756052
0.807419359455563
0.807419359455563
0.807419359455563
0.807419359455563
0.807419359455563
0.807419359455563
0.807419359455563
0.807419359455563
0.807419359455563
0.807419359455563
0.807419359455563
0.807419359455563
0.807419359455563
0.807419359455563
0.807419359455563
0.807419359455563
0.807419359455563
0.807419359455563
0.807419359455563
0.807419359455563
0.807419359455563
0.807419359455563
0.807419359455563
0.807419359455563
0.807419359455563
0.807419359455563
0.807419359455563
0.807419359455563
0.807419359455563
0.807419359455563
0.807419359455563
0.807419359455563
0.807419359455563
0.807419359455563
0.807419359455563
0.807419359455563
0.807419359455563
0.807419359455563
0.807419359455563
0.807419359455563
0.807419359455563
0.807419359455563
0.807419359455563
0.807419359455563
0.807419359455563
0.807419359455563
0.807419359455563
0.807419359455563
0.807419359455563
0.807419359455563
0.807419359455563
0.807419359455563
0.807419359455563
0.807419359455563
0.807419359455563
0.807419359455563
0.807419359455563
0.807419359455563
0.807419359455563
0.807419359455563
0.807419359455563
0.807419359455563
0.807419359455563
0.807419359455563
