0.0569855356787033
0.0569855356787033
0.0569855356787033
0.0569855356787033
0.0569855356787033
0.0569855356787033
0.0569855356787033
0.0569855356787033
0.0569855356787033
0.0569855356787033
0.0569855356787033
0.0569855356787033
0.0569855356787033
0.0569855356787033
0.0569855356787033
0.0569855356787033
0.0569855356787033
0.0569855356787033
0.0569855356787033
0.0569855356787033
0.0569855356787033
0.0569855356787033
0.0569855356787033
0.0569855356787033
0.0569855356787033
0.0569855356787033
0.0569855356787033
0.0569855356787033
0.0569855356787033
0.0569855356787033
0.0569855356787033
0.0569855356787033
0.0569855356787033
0.0569855356787033
0.0569855356787033
0.0569855356787033
0.0569855356787033
0.0569855356787033
0.0569855356787033
0.0569855356787033
0.0569855356787033
0.0569855356787033
0.0569855356787033
0.0569682094107963
0.0569682094107963
0.0569682094107963
0.0569682094107963
0.0569682094107963
0.0569682094107963
0.0569682094107963
0.0569682094107963
0.0569682094107963
0.0569682094107963
0.0569682094107963
0.0569682094107963
0.0569682094107963
0.0569682094107963
0.0569682094107963
0.0569682094107963
0.0569682094107963
0.0569682094107963
0.0569682094107963
0.0569682094107963
0.0569682094107963
0.0569682094107963
0.0569682094107963
0.0569682094107963
0.0569682094107963
0.0569682094107963
0.0569682094107963
0.0569682094107963
0.0569682094107963
0.0569682094107963
0.0569682094107963
0.0569682094107963
0.0569809669874465
0.0569809669874465
0.0569809669874465
0.0569809669874465
0.0569809669874465
0.0569809669874465
0.0569809669874465
0.0569809669874465
0.0569809669874465
0.0569809669874465
0.0569809669874465
0.0569809669874465
0.0569809669874465
0.0569809669874465
0.0569809669874465
0.0569809669874465
0.0569809669874465
0.0569809669874465
0.0569809669874465
0.0569809669874465
0.0569809669874465