3.06229232482032e-06
3.06228948948241e-06
3.06228948948241e-06
3.06228665415801e-06
3.06228665415801e-06
3.06228665415801e-06
3.06228665415801e-06
3.06228665415801e-06
3.06228665415801e-06
3.06228665415801e-06
3.06228665415801e-06
3.06228665415801e-06
3.06228381884711e-06
3.06228381884711e-06
3.06226113684603e-06
3.06226113684603e-06
3.06226113684603e-06
3.06226113684603e-06
3.06226113684603e-06
3.06226113684603e-06
3.06226113684603e-06
3.06226113684603e-06
3.06226113684603e-06
3.06226113684603e-06
3.06226113684603e-06
3.06226113684603e-06
3.06226113684603e-06
3.06226113684603e-06
3.06226113684603e-06
3.06226113684603e-06
3.06226113684603e-06
3.06226113684603e-06
3.06226113684603e-06
3.06225546483276e-06
3.06225546483276e-06
3.06225262965689e-06
3.06225262965689e-06
3.06224695934565e-06
3.06224695934565e-06
3.06224695934565e-06
3.06224695934565e-06
3.06224695934565e-06
3.06224695934565e-06
3.06224695934565e-06
3.06224695934565e-06
3.06224695934565e-06
3.06224695934565e-06
3.06224695934565e-06
3.06229233588422e-06
3.06229233588422e-06
3.06229233588422e-06
3.06229233588422e-06
3.06229233588422e-06
3.06229233588422e-06
3.06228950064084e-06
3.06228950064084e-06
3.06228950064084e-06
3.06228950064084e-06
3.06228950064084e-06
3.06228950064084e-06
3.06228950064084e-06
3.06228950064084e-06
3.06228950064084e-06
3.06228950064084e-06
3.0622880821799e-06
3.06222002520658e-06
3.06222002520658e-06
3.06222002520658e-06
3.06222002520658e-06
3.06222002520658e-06
3.06222002520658e-06
4.25326059206696e-06
3.06212927936878e-06
3.06212927936878e-06
3.06212927936878e-06
3.06212927936878e-06
3.06212927936878e-06
3.06212927936878e-06
3.06212927936878e-06
3.06212927936878e-06
3.06212927936878e-06
3.06212927936878e-06
3.06212927936878e-06
3.06212927936878e-06
3.06212927936878e-06
3.06212927936878e-06
3.06212927936878e-06
3.06212927936878e-06
3.06212927936878e-06
3.06212927936878e-06
3.06212927936878e-06
3.06212927936878e-06
4.25326059206696e-06
4.25326059206696e-06
3.06212927936878e-06
3.06211084881525e-06