7.83167724082243e-05
7.83167724082243e-05
7.83167724082243e-05
7.83167724082243e-05
7.83167724082243e-05
7.83167724082243e-05
7.83167724082243e-05
7.83167724082243e-05
7.83167724082243e-05
7.83167724082243e-05
7.83167724082243e-05
7.83167724082243e-05
7.83167724082243e-05
7.83167724082243e-05
7.83167724082243e-05
7.83167724082243e-05
7.83167724082243e-05
7.83167724082243e-05
7.83167724082243e-05
7.83167724082243e-05
7.83167724082243e-05
7.83167724082243e-05
7.83167724082243e-05
7.83167724082243e-05
7.83167724082243e-05
7.83167724082243e-05
7.83167724082243e-05
7.83167724082243e-05
7.83167724082243e-05
7.83167724082243e-05
7.83167724082243e-05
7.83167724082243e-05
7.83167724082243e-05
7.83167724082243e-05
7.83167724082243e-05
7.83167724082243e-05
7.83167724082243e-05
7.83167724082243e-05
7.83167724082243e-05
7.83167724082243e-05
7.83167724082243e-05
7.83167724082243e-05
7.83167724082243e-05
7.83167724082243e-05
7.83167724082243e-05
7.83167724082243e-05
7.83167724082243e-05
7.83167724082243e-05
7.83182650035789e-05
7.83182650035789e-05
7.83182650035789e-05
7.83182650035789e-05
7.83182650035789e-05
7.83182650035789e-05
7.83182650035789e-05
7.83182650035789e-05
7.83182650035789e-05
7.83182650035789e-05
7.83182650035789e-05
7.83182650035789e-05
7.83182650035789e-05
0.000128582103378208
7.83182650035789e-05
7.83182650035789e-05
7.83182650035789e-05
7.83182650035789e-05
7.83182650035789e-05
7.83182650035789e-05
7.83182650035789e-05
7.83182650035789e-05
7.83182650035789e-05
8.57564824633472e-05
7.83152798697607e-05
7.83152798697607e-05
7.83152798697607e-05
7.83152798697607e-05
7.83152798697607e-05
7.83152798697607e-05
7.83152798697607e-05
7.83152798697607e-05
7.83152798697607e-05
7.83152798697607e-05
7.83152798697607e-05
7.83152798697607e-05
7.83152798697607e-05
7.83152798697607e-05
7.83152798697607e-05
7.83152798697607e-05
7.83152798697607e-05
7.83152798697607e-05
7.83152798697607e-05
7.83152798697607e-05
8.57564824633472e-05
8.57564824633472e-05
7.83152798697607e-05
7.83148589936143e-05