0.131033717732829
0.131033686272021
0.131033686272021
0.131033654811363
0.131033654811363
0.131033654811363
0.131033654811363
0.131033654811363
0.131033654811363
0.131033654811363
0.131033654811363
0.131033654811363
0.131033623350854
0.131033623350854
0.131033371672181
0.131033371672181
0.131033371672181
0.131033371672181
0.131033371672181
0.131033371672181
0.131033371672181
0.131033371672181
0.131033371672181
0.131033371672181
0.131033371672181
0.131033371672181
0.131033371672181
0.131033371672181
0.131033371672181
0.131033371672181
0.131033371672181
0.131033371672181
0.131033371672181
0.131033308726808
0.131033308726808
0.131033277267798
0.131033277267798
0.131033214350227
0.131033214350227
0.131033214350227
0.131033214350227
0.131033214350227
0.131033214350227
0.131033214350227
0.131033214350227
0.131033214350227
0.131033214350227
0.131033214350227
0.131034186927262
0.131034186927262
0.131034186927262
0.131034186927262
0.131034186927262
0.131034186927262
0.131034155467503
0.131034155467503
0.131034155467503
0.131034155467503
0.131034155467503
0.131034155467503
0.131034155467503
0.131034155467503
0.131034155467503
0.131034155467503
0.131034139723853
0.131034354324047
0.131034354324047
0.131034354324047
0.131034354324047
0.131034354324047
0.131034354324047
0.131035132174112
0.131035132174112
0.131035132174112
0.131035132174112
0.131035132174112
0.131035132174112
0.131035132174112
0.131035132174112
0.131035132174112
0.131035132174112
0.131035132174112
0.131035132174112
0.131035132174112
0.131035132174112
0.131035132174112
0.131035132174112
0.131035132174112
0.131035132174112
0.131035132174112
0.131035132174112
0.131035132174112
0.131035132174112
0.131035132174112
0.131035132174112
0.131034821520754