0.0462962962962963
0.0462962962962963
0.0462962962962963
0.0462962962962963
0.0462962962962963
0.0462962962962963
0.0462962962962963
0.0462962962962963
0.0462962962962963
0.0462962962962963
0.0462962962962963
0.0462962962962963
0.0462962962962963
0.0462962962962963
0.0462962962962963
0.0462962962962963
0.0462962962962963
0.0462962962962963
0.0462962962962963
0.0462962962962963
0.0462962962962963
0.0462962962962963
0.0462962962962963
0.0462962962962963
0.0462962962962963
0.0462962962962963
0.0462962962962963
0.0462962962962963
0.0462962962962963
0.0277777777777778
0.0277777777777778
0.0277777777777778
0.0277777777777778
0.0277777777777778
0.0277777777777778
0.0277777777777778
0.0277777777777778
0.0277777777777778
0.0277777777777778
0.0277777777777778
0.0277777777777778
0.0277777777777778
0.0277777777777778
0.0277777777777778
0.0277777777777778
0.0277777777777778
0.0277777777777778
0.0277777777777778
0.0277777777777778
0.0277777777777778
0.0277777777777778
0.0277777777777778
0.0277777777777778
0.0277777777777778
0.0277777777777778
0.0277777777777778
0.0277777777777778
0.0277777777777778
0.0277777777777778
0.0277777777777778
0.0277777777777778
0.0277777777777778
0.0277777777777778
0.0277777777777778
0.0277777777777778
0.0277777777777778
0.0277777777777778
0.0277777777777778
0.0277777777777778
0.0277777777777778
0.0277777777777778
0.0277777777777778
0.0277777777777778
0.0277777777777778
0.0277777777777778
0.0277777777777778
0.0277777777777778
0.0277777777777778
0.0277777777777778
0.0277777777777778
0.0277777777777778
0.0277777777777778
0.0277777777777778
0.0277777777777778
0.0277777777777778
0.0277777777777778
0.0277777777777778
0.0277777777777778
0.0277777777777778
0.0277777777777778
0.0277777777777778
0.0277777777777778
0.0277777777777778
0.0277777777777778
0.0277777777777778
0.0277777777777778