0.0243578824458807
0.0243578824458807
0.0243578132603289
0.0243578132603289
0.0243578132603289
0.0243578132603289
0.0243578132603289
0.0243578132603289
0.0243578132603289
0.0243578132603289
0.0243578132603289
0.0243578132603289
0.0243578132603289
0.0243578132603289
0.0243578132603289
0.0243578132603289
0.0243578132603289
0.0243578132603289
0.0243578132603289
0.0243578132603289
0.0243578132603289
0.0243578132603289
0.0243578132603289
0.0243578132603289
0.0243589243381733
0.0243589243381733
0.0243589243381733
0.0243589243381733
0.0241875397550541
0.0242104609358303
0.0242104609358303
0.024823522804757
0.0245690003912414
0.0246067606142766
0.0244714704592143
0.0242812385768046
0.0313962097981594
0.0241881736785268
0.0244128484220446
0.0244066199531984
0.0242370572384585
0.0242357396165028
0.0242246280708545
0.0249527496561754
0.0247160063561957
0.0247492983827553
0.0241347199203494
0.0241519786390372
0.0241546945716157
0.0241559830772908
0.024055853858046
0.0242605379903014
0.0242781131393275
0.0242871292690672
0.0242871292690672
0.0309065668994968
0.030890548671236
0.0241743045071574
0.0247454940191528
0.0245751221936081
0.0245751221936081
0.0245751221936081
0.0256263901111366
0.0253304609861621
0.0253386827219427
0.0259860010540375
0.0258528329477989
0.0253055913219835
0.0257346885531967
0.0258530602031865
0.0258678566594352
0.0252316090407399
0.0258678566594352
0.0253795736032272
0.0265036456661997
0.0253499806907297
0.0258826531156839
0.0258530602031865
0.0258382637469378
0.025823467290689
0.0252759984094861
0.0252464054969886
0.026523608580956
0.0258826531156839
0.0252464054969886
0.0265184421224484
0.0253795736032272
0.0258826531156839
0.0253203877782323
0.0253252341379567
0.025310437681708
0.0259466853004033
0.025310437681708
0.02563595971918
0.025310437681708
0.0257395349129211