0.00120171439270273
0.00120171439270273
0.00120169943366451
0.00120169943366451
0.00120169943366451
0.00120169943366451
0.00120169943366451
0.00120169943366451
0.00120169943366451
0.00120169943366451
0.00120169943366451
0.00120169943366451
0.00120169943366451
0.00120169943366451
0.00120169943366451
0.00120169943366451
0.00120169943366451
0.00120169943366451
0.00120169943366451
0.00120169943366451
0.00120169943366451
0.001201637116181
0.001201637116181
0.001201637116181
0.00120187398002124
0.00120187398002124
0.0012018439435893
0.0012018439435893
0.00117329706575591
0.00116966676358527
0.00116966676358527
0.00120161430600447
0.00117324184424198
0.00117143753050944
0.00117833299340879
0.00117134210002331
0.00152991409504281
0.00116890545706679
0.00117130832538753
0.00117071562187318
0.00116995165481894
0.00116966676358527
0.00116966676358527
0.00116844975506796
0.00116844975506796
0.00110847143289459
0.00110835780520082
0.00116784443570835
0.00116872749963814
0.00116872749963814
0.00116941599223609
0.00116987402336895
0.00117437821834495
0.00117391663223726
0.00117336152971111
0.0015273231869491
0.00152679077072127
0.00116817158739531
0.00116762185474621
0.00116876140391606
0.00116864755754964
0.00116864755754964
0.00110786989513436
0.00110786989513436
0.00116781968718352
0.00116781968718352
0.00116716990938181
0.00116716990938181
0.00116716990938181
0.00116716990938181
0.00116716990938181
0.00116716990938181
0.00116716990938181
0.00116716990938181
0.00116716990938181
0.00116716990938181
0.00116716990938181
0.00116716990938181
0.00116716990938181
0.00116716990938181
0.00116716990938181
0.00116716990938181
0.00116716990938181
0.00116716990938181
0.00116716990938181
0.00116716990938181
0.00116716990938181
0.00116716990938181
0.00116716990938181
0.00116716990938181
0.00116716990938181
0.00116716990938181
0.00116716990938181
0.00116716990938181
0.00116716990938181
0.00116716990938181