0.00397300168870677
0.00397300168870677
0.00397297131037903
0.00397297131037903
0.00397297131037903
0.00397297131037903
0.00397297131037903
0.00397297131037903
0.00397297131037903
0.00397297131037903
0.00397297131037903
0.00397297131037903
0.00397297131037903
0.00397297131037903
0.00397297131037903
0.00397297131037903
0.00397297131037903
0.00397297131037903
0.00397297131037903
0.00397297131037903
0.00397297131037903
0.00397290899289553
0.00397290899289553
0.00397290899289553
0.00397304772596483
0.00397304772596483
0.00397301768953289
0.00397301768953289
0.00387862880165524
0.00386715060969604
0.00386715060969604
0.00397295028796289
0.00388548772350953
0.00387892255355382
0.00389537818553867
0.00387520421434945
0.00508510002895831
0.00386298460675638
0.00386921318247398
0.00386785188241659
0.00386735820250538
0.00386707331127171
0.00386690292432038
0.00386511200615328
0.00386511200615328
0.00386499800910904
0.00386485519456422
0.00386459462121985
0.00386772495960421
0.00386784034073822
0.00387070638145454
0.00386982834929337
0.00388405139881936
0.00388357536388875
0.0038830202613626
0.00508055068803645
0.00508000558300975
0.00386470547605513
0.00386415574340603
0.00386502055171419
0.00386490670534777
0.00386490670534777
0.00386386665469132
0.00386386665469132
0.00386455703983629
0.00386385205060068
0.00386320227279898
0.00386320227279898
0.00386320227279898
0.00386320227279898
0.00386320227279898
0.00386320227279898
0.00386320227279898
0.00386320227279898
0.00386320227279898
0.00386320227279898
0.00386320227279898
0.00386320227279898
0.00386320227279898
0.00386320227279898
0.00386320227279898
0.00386320227279898
0.00386343062455622
0.00386320227279898
0.00386320227279898
0.00386320227279898
0.00386320227279898
0.00386320227279898
0.00386320227279898
0.00386410733787831
0.00386410733787831
0.00386410733787831
0.00386410733787831
0.00386410733787831
0.00386410733787831
0.00386410733787831