0.351006892694084
0.351006892694084
0.350955416820118
0.350955416820118
0.350961561150218
0.350961561150218
0.350961561150218
0.351619605241561
0.351619605241561
0.351619605241561
0.351619605241561
0.351619605241561
0.351619605241561
0.351619605241561
0.351619605241561
0.351619605241561
0.351492328175297
0.351492328175297
0.351492328175297
0.351492328175297
0.351823962012619
0.35181642939639
0.351695081678296
0.351948950381758
0.351433469496054
0.351433469496054
0.351433469496054
0.351433469496054
0.367035134509647
0.368674810466208
0.368674810466208
0.378541952974197
0.371456663648145
0.369741764125637
0.371073838898253
0.369435704696491
0.483912197821839
0.368493641702192
0.369005982162471
0.368703112314926
0.368715916735668
0.368690987892153
0.367329817973786
0.366417823068742
0.366446311613946
0.366959667742555
0.367779665855317
0.368218010889125
0.367689552020837
0.367698986230356
0.36708845550781
0.36971163553176
0.367608641828473
0.367719926191262
0.367860413818287
0.481311422165329
0.481250335691437
0.367040293815168
0.383111146928451
0.382971292824334
0.382958833762609
0.382958833762609
0.37961680213301
0.37961680213301
0.379428955354893
0.380320745483081
0.379373846266161
0.379373846266161
0.379373846266161
0.379373846266161
0.379373846266161
0.379373846266161
0.379373846266161
0.379373846266161
0.379373846266161
0.379373846266161
0.379547474545937
0.379547474545937
0.379547474545937
0.380385887261072
0.379547474545937
0.379547474545937
0.379507042012921
0.379547474545937
0.379547474545937
0.379547474545937
0.379547474545937
0.379547474545937
0.379547474545937
0.379933459098624
0.379933459098624
0.379933459098624
0.379933459098624
0.379933459098624
0.379933459098624
0.378988303941806