0.00573917134098378
0.00573917134098378
0.00573850488271571
0.00573850488271571
0.00573850488271571
0.00573850488271571
0.00573850488271571
0.00573850488271571
0.00573850488271571
0.00573850488271571
0.00573850488271571
0.00573850488271571
0.00573850488271571
0.00571558837519146
0.00573850488271571
0.00573850488271571
0.00573850488271571
0.00449078791434439
0.00449078791434439
0.00573850488271571
0.00573850488271571
0.00256216443074759
0.00256216443074759
0.00256216443074759
0.00573103332027083
0.00573103332027083
0.00573850488271571
0.00573850488271571
0.00557965637625928
0.00558604851026482
0.00558604851026482
0.00573565631703318
0.00560154808656066
0.00559982474764725
0.00561553952236355
0.00557676011824729
0.00733753685126262
0.00560530654247123
0.00560834761813222
0.0055927942227221
0.00558604851026482
0.00558604851026482
0.0055945391450431
0.00560379983779222
0.00560372339553709
0.00559720579797953
0.0055809398632696
0.0055790394002642
0.00558346905720488
0.00558346905720488
0.00558261018052058
0.00557889200840954
0.00559755584535779
0.00556313352952476
0.00555901710679902
0.00726434309966502
0.00727477418969247
0.0055590714138649
0.00554281255145219
0.00554492786621609
0.00554492786621609
0.00248352804678373
0.00211144194106106
0.00138025767579903
0.00160768997260578
0.00228884143357082
0.00230086253184304
0.00553987932700713
0.00553987932700713
0.00552512190217776
0.00553987932700713
0.00553987932700713
0.00553987932700713
0.00553987932700713
0.00553987932700713
0.00553987932700713
0.00553987932700713
0.00553987932700713
0.00553987932700713
0.00553987932700713
0.00553987932700713
0.00553987932700713
0.00553987932700713
0.00553987932700713
0.00553987932700713
0.00553987932700713
0.00553987932700713
0.00553987932700713
0.00553987932700713
0.00553987932700713
0.00553987932700713
0.00551774318976308
0.00553987932700713
0.00553987932700713
0.00553987932700713
0.00553987932700713