0.0418633678056176
0.0418633678056176
0.0418693008162339
0.0418693008162339
0.0418693008162339
0.0418693008162339
0.0418693008162339
0.0418693008162339
0.0418693008162339
0.0418693008162339
0.0418693008162339
0.0418693008162339
0.0418693008162339
0.0418693008162339
0.0418693008162339
0.0418693008162339
0.0418693008162339
0.0418693008162339
0.0418693008162339
0.0418693008162339
0.0418682071196506
0.0418675546633508
0.0418675546633508
0.0418675546633508
0.0418690200313953
0.0418690200313953
0.0418687027715829
0.0418687027715829
0.0408741133445078
0.0407531598575189
0.0407531598575189
0.0418704736205986
0.0409346189765476
0.0408664903984575
0.0410399237479642
0.040829413808813
0.0536031770504994
0.0407106342492672
0.0407651938933431
0.0407579564556856
0.0407555071158354
0.0407523446092282
0.0407516808605531
0.0407331154519593
0.0407331154519593
0.0407319113581796
0.0426446564796536
0.0426435038671686
0.0426799468099072
0.0426878934736048
0.0427209583115625
0.0427160592258577
0.0428742229837036
0.0428689568472838
0.0428620085032585
0.0624187835592547
0.0624169521565512
0.0474705717177419
0.047463668584324
0.0474725146792747
0.0474725146792747
0.0474725146792747
0.0474633246922579
0.0474633246922579
0.0474696814213255
0.0474631457921476
0.0474550153267624
0.0474550153267624
0.0474550153267624
0.0474550153267624
0.0474550153267624
0.0474550153267624
0.0474550153267624
0.0474550153267624
0.0474550153267624
0.0474550153267624
0.0474550153267624
0.0474550153267624
0.0474550153267624
0.0474550153267624
0.0474550153267624
0.0474550153267624
0.0474578269077734
0.0474550153267624
0.0474550153267624
0.0474550153267624
0.0474550153267624
0.0474550153267624
0.0474550153267624
0.0474627916663929
0.0474627916663929
0.0474627916663929
0.0474627916663929
0.0474627916663929
0.0474627916663929
0.0474627916663929