0.00512781772698944
0.00512781772698944
0.00512715126872137
0.00512715126872137
0.00512715126872137
0.00512715126872137
0.00512715126872137
0.00512715126872137
0.00512715126872137
0.00512715126872137
0.00512715126872137
0.00512715126872137
0.00512715126872137
0.00510423476119712
0.00512715126872137
0.00512715126872137
0.00512715126872137
0.00387943430035005
0.00387943430035005
0.00512715126872137
0.00512715126872137
0.00195081081675325
0.00195081081675325
0.00195081081675325
0.00511967970627649
0.00511967970627649
0.00512715126872137
0.00512715126872137
0.00498282967791259
0.0049909533107231
0.0049909533107231
0.00512415965379051
0.00500645288701895
0.00500472954810554
0.00502044432282184
0.00498166491870558
0.00655446785665028
0.00501165868726705
0.00501325241859051
0.00499769902318039
0.0049909533107231
0.0049909533107231
0.00500001208397026
0.00501096679136516
0.00501089034911002
0.00500437275155247
0.00498810681684254
0.00498620635383713
0.00499006430544857
0.00499006430544857
0.00499662298816122
0.00499290481605018
0.00500929948510365
0.004989769735353
0.00498565331262726
0.00651441106260748
0.00652484215263493
0.00498846960667885
0.00497221074426614
0.00497544105248138
0.00497544105248138
0.00191404123304901
0.00154141428670373
0.00138025767579903
0.00160768997260578
0.00228884143357082
0.00230086253184304
0.00496985167264981
0.00496985167264981
0.00495509424782044
0.00496985167264981
0.00496985167264981
0.00496985167264981
0.00496985167264981
0.00496985167264981
0.00496985167264981
0.00496985167264981
0.00496985167264981
0.00496985167264981
0.00496985167264981
0.00496985167264981
0.00496985167264981
0.00496985167264981
0.00496985167264981
0.00496985167264981
0.00496985167264981
0.00496985167264981
0.00496985167264981
0.00496985167264981
0.00496985167264981
0.00496985167264981
0.00494771553540576
0.00496985167264981
0.00496985167264981
0.00496985167264981
0.00496985167264981