0.407449301714918
0.407449301714918
0.407474319813195
0.407474319813195
0.40748047534876
0.40748047534876
0.40748047534876
0.40748047534876
0.40748047534876
0.40748047534876
0.40748047534876
0.40748047534876
0.40748047534876
0.40748047534876
0.40748047534876
0.40748047534876
0.40748047534876
0.40748047534876
0.40748047534876
0.40748047534876
0.407401677208712
0.407410820929771
0.407410820929771
0.407410820929771
0.407439935623367
0.407439935623367
0.407444442965435
0.407444442965435
0.397766752317991
0.396589779574711
0.396589779574711
0.407418513799363
0.398449262178847
0.397813592765864
0.399431223141709
0.397433664706245
0.52154035343751
0.396160295952167
0.396751711517602
0.396610649992709
0.396595026941217
0.396564194439661
0.396590934541835
0.396662891901584
0.396662891901584
0.39665265124407
0.397938927638672
0.398021264490209
0.398343734174734
0.398379690909481
0.39872103887715
0.398610337672657
0.40005042472023
0.400004884707329
0.399976503870985
0.529740990446736
0.529756248891197
0.402933281237034
0.402904994469617
0.402961786082492
0.402979396692297
0.402979396692297
0.402840581587355
0.402840581587355
0.40291259738779
0.402858480213654
0.40289337491274
0.40289337491274
0.40289337491274
0.40289337491274
0.40289337491274
0.40289337491274
0.40289337491274
0.40289337491274
0.40289337491274
0.40289337491274
0.40289337491274
0.40289337491274
0.40289337491274
0.40289337491274
0.40289337491274
0.40289337491274
0.402917194855417
0.40289337491274
0.40289337491274
0.40289337491274
0.40289337491274
0.40289337491274
0.40289337491274
0.402962117852487
0.402962117852487
0.402962117852487
0.402962117852487
0.402962117852487
0.402962117852487
0.402962117852487