0.108766622632425
0.0987163380997548
0.108738802881965
0.0987074845398861
0.0987085079723768
0.0987085079723768
0.0987085079723768
0.0987085079723768
0.0987085079723768
0.0987085079723768
0.0987085079723768
0.0987085079723768
0.0987085079723768
0.0987085079723768
0.0987085079723768
0.0987085079723768
0.0987085079723768
0.0987085079723768
0.0987085079723768
0.0987085079723768
0.0986738539563371
0.0986733588645262
0.0986411222689538
0.0986411222689538
0.0986554996413065
0.0986554996413065
0.0986544708935126
0.0986544708935126
0.0963456329252591
0.0961617322072281
0.0961617322072281
0.0986778822739534
0.0979638363299369
0.0969268818176369
0.097331833992445
0.0967470882240207
0.124463830399459
0.0983875443305778
0.09662874544826
0.0964687478775233
0.0964673203628328
0.0964593088071746
0.0965292299938137
0.0957580611920924
0.0957316111070258
0.095645829647566
0.0956235732346495
0.0955460730781909
0.0956163828732083
0.0956189209765733
0.0929318143878746
0.0952435820786037
0.0955556409212631
0.0955901672384228
0.0956816015381846
0.12554259153066
0.125603274068368
0.0974289585265766
0.0973020467654453
0.095909583849145
0.095909583849145
0.0975660621364665
0.0980489588981906
0.0980489588981906
0.0976562622635832
0.0975688688573348
0.0975286278266103
0.0975286278266103
0.0975286278266103
0.0975286278266103
0.0975286278266103
0.0975286278266103
0.0975286278266103
0.0975286278266103
0.0975286278266103
0.0975286278266103
0.0971055749891111
0.0971055749891111
0.0971055749891111
0.0971055749891111
0.0971055749891111
0.0971055749891111
0.0971119973822835
0.0971055749891111
0.0971055749891111
0.0971055749891111
0.0971055749891111
0.0971055749891111
0.0971055749891111
0.097170955957118
0.097170955957118
0.097170955957118
0.097170955957118
0.097170955957118
0.097170955957118
0.097170955957118