0.0946644353029479
0.0946644353029479
0.0946542609057509
0.0946542609057509
0.094654559718157
0.094654559718157
0.094654559718157
0.094654559718157
0.094654559718157
0.094654559718157
0.094654559718157
0.094654559718157
0.094654559718157
0.094677659741257
0.094654559718157
0.094654559718157
0.094654559718157
0.0954207104843077
0.0954207104843077
0.0946863789847229
0.0946736385376494
0.0973354037216127
0.0973354037216127
0.0973354037216127
0.0949021225002937
0.0949021225002937
0.0949000593728749
0.0949000593728749
0.092696562979296
0.0924133727751962
0.0924133727751962
0.0949009854627087
0.0997265513429128
0.100617255563266
0.100807785309738
0.100443375836379
0.13121237953803
0.0998311128945133
0.101145503419738
0.100908305945213
0.100903939234939
0.100884301398896
0.101004841613495
0.100881671019845
0.100903093078879
0.100590865084226
0.100469155505501
0.100579059058476
0.100700006831327
0.100681046678013
0.100761595666281
0.100725131924711
0.101168421393797
0.100689780629672
0.100784325092141
0.13229118256064
0.13218161990149
0.100489114865518
0.100312553891208
0.0995342171834594
0.0995205562340952
0.102098395467587
0.100778240911046
0.106197341159981
0.10760944595142
0.10759639300628
0.107590055181954
0.0998625109635181
0.0998774984115304
0.0999222252585173
0.0998999759343041
0.0999074678336879
0.0998849921355365
0.0998849921355365
0.0998849921355365
0.0998849921355365
0.0998702347107072
0.0998702347107072
0.0998702347107072
0.0998927104088586
0.0998702347107072
0.0998702347107072
0.0998827655133857
0.0998702347107072
0.0998702347107072
0.0998702347107072
0.0998477535386887
0.0998477535386887
0.0998702347107072
0.0990722795288134
0.0990722795288134
0.0991393725362272
0.0990722795288134
0.0990722795288134
0.0990722795288134
0.0990722795288134