0.0566757073061647
0.0560802967751456
0.0566113904646169
0.0560708992232637
0.0560708992232637
0.0560708992232637
0.0560708992232637
0.0560708992232637
0.0560708992232637
0.0560708992232637
0.0560708992232637
0.0560708992232637
0.0560708992232637
0.0560708992232637
0.0560708992232637
0.0560708992232637
0.0560708992232637
0.0570796002319647
0.0570796002319647
0.0560708992232637
0.0560678415159661
0.0578041932523178
0.0578041932523178
0.0578041932523178
0.0552277343533102
0.0552277343533102
0.055975441423566
0.0560678415159661
0.0565757561363346
0.0568667226149772
0.0568667226149772
0.0557020266779467
0.0569707680877136
0.0488013227742796
0.0508384870447507
0.0507060029253916
0.0417096183905391
0.0329996882014716
0.0573141247511897
0.0571531077773384
0.0605860928350888
0.0607696890732394
0.0607696890732394
0.0588092871896967
0.058835131276016
0.0609473778936057
0.0610069316733856
0.0611374244980586
0.0610644089572588
0.0610644089572588
0.0620114435752212
0.0611684398406168
0.0608460661110147
0.060604945107604
0.0610507334032153
0.0442541324035565
0.0442344453587428
0.0562058344584164
0.0532618396065571
0.0518923195844803
0.0518921061225433
0.0541211355128298
0.0524699838409452
0.0524774775649514
0.0541833074589654
0.0538268255883105
0.0542994031667196
0.0512339970821844
0.0512489845301967
0.0518915043751901
0.0512564782542028
0.0518915043751901
0.0518915043751901
0.0512564782542028
0.0523648448393765
0.0512564782542028
0.0518914503111107
0.0518914503111107
0.0518914503111107
0.0518914503111107
0.0518914503111107
0.0512564241901235
0.0519246106024463
0.0512564241901235
0.0512564241901235
0.0525272393178752
0.0518689691390923
0.0518689691390923
0.0512564241901235
0.0519144227055493
0.0519144227055493
0.051279396584562
0.051279396584562
0.0519144227055493
0.051279396584562
0.0519144227055493