0.0884830520629153
0.0884830520629153
0.0884830520629153
0.0884830520629153
0.0884830520629153
0.0884830520629153
0.0884830520629153
0.0884830520629153
0.0884830520629153
0.0884830520629153
0.0884830520629153
0.0886870328759701
0.0886870328759701
0.0886870328759701
0.0886870328759701
0.0886870328759701
0.0886870328759701
0.0886870328759701
0.0886870328759701
0.0886870328759701
0.0886870328759701
0.0886870328759701
0.0886870328759701
0.0886870328759701
0.0886870328759701
0.0886870328759701
0.0886870328759701
0.0886870328759701
0.0886870328759701
0.0886870328759701
0.0886870328759701
0.0886870328759701
0.0886870328759701
0.0886870328759701
0.0886870328759701
0.0886870328759701
0.0886870328759701
0.0886870328759701
0.0886870328759701
0.0886870328759701
0.0886870328759701
0.0886870328759701
0.0886870328759701
0.0886870328759701
0.0886870328759701
0.0886870328759701
0.0886870328759701
0.0886870328759701
0.0886870328759701
0.0886870328759701
0.0886870328759701
0.0886870328759701
0.0886870328759701
0.0886870328759701
0.0886870328759701
0.0886870328759701
0.0886870328759701
0.0886870328759701
0.0886870328759701
0.0886870328759701
0.0886870328759701
0.0886341173512446
0.0886341173512446
0.0886341173512446
0.0886341173512446
0.0886330579609489
0.0886330579609489
0.0886330579609489
0.0886330579609489
0.0886330579609489
0.0886330579609489
0.0886330579609489
0.0886330579609489
0.0886330579609489
0.0886330579609489
0.0886330579609489
0.0886330579609489
0.0886288372188223
0.0886288372188223
0.0886288372188223
0.0886288372188223
0.0886288372188223
0.0886288372188223
0.0886288372188223
0.0886288372188223
0.08861662478351
0.08861662478351
0.08861662478351
0.08861662478351
0.08861662478351
0.0886870328759701
0.0886870328759701
0.0886870328759701
0.0886870328759701
0.0886870328759701
0.0886870328759701