0.422664180650508
0.422664180650508
0.422664180650508
0.422664180650508
0.422664180650508
0.422664180650508
0.422664180650508
0.422664180650508
0.422664180650508
0.422664180650508
0.422664180650508
0.422664180650508
0.422664180650508
0.422664180650508
0.422664180650508
0.422715175853771
0.422715175853771
0.422715175853771
0.422715175853771
0.422715175853771
0.422715175853771
0.422715175853771
0.422613185447244
0.422613185447244
0.422613185447244
0.422613185447244
0.422613185447244
0.422613185447244
0.422613185447244
0.422613185447244
0.422613185447244
0.422613185447244
0.422613185447244
0.422613185447244
0.422613185447244
0.422613185447244
0.422613185447244
0.422613185447244
0.422613185447244
0.422613185447244
0.422613185447244
0.422613185447244
0.422613185447244
0.422613185447244
0.422613185447244
0.422613185447244
0.422613185447244
0.422613185447244
0.422613185447244
0.422613185447244
0.422613185447244
0.422613185447244
0.422613185447244
0.422613185447244
0.422613185447244
0.422613185447244
0.422517569441124
0.422517569441124
0.422517569441124
0.422517569441124
0.422517569441124
0.422757148594294
0.422757148594294
0.422757148594294
0.422757148594294
0.422752884182205
0.422752884182205
0.422752884182205
0.422752884182205
0.422752884182205
0.422752884182205
0.422752884182205
0.422752884182205
0.42280188952685
0.42280188952685
0.42280188952685
0.42280188952685
0.422517569441124
0.422517569441124
0.422517569441124
0.422517569441124
0.422517569441124
0.422517569441124
0.422517569441124
0.422517569441124
0.422517569441124
0.422517569441124
0.422517569441124
0.422680938277458
0.422680938277458
0.42261473314117
0.42261473314117
0.42261473314117
0.422668999862103
0.422668999862103
0.422668999862103