0.0303405572755418
0.0303405572755418
0.0303405572755418
0.0303405572755418
0.0303405572755418
0.0303405572755418
0.0303405572755418
0.0303405572755418
0.0173374613003096
0.00887512899896801
0.00887512899896801
0.0173374613003096
0.0173374613003096
0.0173374613003096
0.0173374613003096
0.0173374613003096
0.0173374613003096
0.0173374613003096
0.0173374613003096
0.0173374613003096
0.0173374613003096
0.0173374613003096
0.0173374613003096
0.0173374613003096
0.0173374613003096
0.0173374613003096
0.0173374613003096
0.0173374613003096
0.0173374613003096
0.0173374613003096
0.0173374613003096
0.0173374613003096
0.0173374613003096
0.0173374613003096
0.0173374613003096
0.0173374613003096
0.0173374613003096
0.0173374613003096
0.0173374613003096
0.0173374613003096
0.0173374613003096
0.0173374613003096
0.0173374613003096
0.0173374613003096
0.0173374613003096
0.0257997936016512
0.0257997936016512
0.0257997936016512
0.0257997936016512
0.0257997936016512
0.0257997936016512
0.0257997936016512
0.0257997936016512
0.0257997936016512
0.0257997936016512
0.0257997936016512
0.0257997936016512
0.0257997936016512
0.0257997936016512
0.0257997936016512
0.0257997936016512
0.0257997936016512
0.0257997936016512
0.0257997936016512
0.0257997936016512
0.0257997936016512
0.0257997936016512
0.0257997936016512
0.0257997936016512
0.0257997936016512
0.0257997936016512
0.0257997936016512
0.0257997936016512
0.0257997936016512
0.0257997936016512
0.0257997936016512
0.0257997936016512
0.0257997936016512
0.0257997936016512
0.0257997936016512
0.0257997936016512
0.0257997936016512
0.0257997936016512
0.0257997936016512
0.0257997936016512
0.0257997936016512
0.0257997936016512
0.0257997936016512
0.0257997936016512
0.0257997936016512
0.0257997936016512
0.0257997936016512
0.0257997936016512
0.0257997936016512
0.0257997936016512
0.0257997936016512