0.0799558864074993
0.0799558864074993
0.0799558864074993
0.0799558864074993
0.0799558864074993
0.0799558864074993
0.0799558864074993
0.0799558864074993
0.0799558864074993
0.0799558864074993
0.0799558864074993
0.0799558864074993
0.0799558864074993
0.0799558864074993
0.0799558864074993
0.0799558864074993
0.0799558864074993
0.0799558864074993
0.0799558864074993
0.0799558864074993
0.0799558864074993
0.0799558864074993
0.0799558864074993
0.0799558864074993
0.0799558864074993
0.0799558864074993
0.0799558864074993
0.0799558864074993
0.0799558864074993
0.0799558864074993
0.0799558864074993
0.0799558864074993
0.0799558864074993
0.0799558864074993
0.0627929418251999
0.0638268541494348
0.0702371105596912
0.0702371105596912
0.0799558864074993
0.0799558864074993
0.0799558864074993
0.0799558864074993
0.0799558864074993
0.0799558864074993
0.0799558864074993
0.0799558864074993
0.0799558864074993
0.0799558864074993
0.0799558864074993
0.0799558864074993
0.0799558864074993
0.0799558864074993
0.0799558864074993
0.0799558864074993
0.0799558864074993
0.0799558864074993
0.0799558864074993
0.0799558864074993
0.0799558864074993
0.0799558864074993
0.0799558864074993
0.0799558864074993
0.0799558864074993
0.0799558864074993
0.0799558864074993
0.0799558864074993
0.0799558864074993
0.0799558864074993
0.0799558864074993
0.0799558864074993
0.0799558864074993
0.0799558864074993
0.0799558864074993
0.0799558864074993
0.0799558864074993
0.0799558864074993
0.0799558864074993
0.0799558864074993
0.0799558864074993
0.0799558864074993
0.0799558864074993
0.0799558864074993
0.0799558864074993
0.0799558864074993
0.0799558864074993
0.0799558864074993
0.0799558864074993
0.0799558864074993
0.0799558864074993
0.0799558864074993
0.0799558864074993
0.0799558864074993
0.0799558864074993
0.0799558864074993
0.0799558864074993
0.0799558864074993