0.0427631578947368
0.0427631578947368
0.0427631578947368
0.0427631578947368
0.0427631578947368
0.0427631578947368
0.0427631578947368
0.0427631578947368
0.0427631578947368
0.0427631578947368
0.0427631578947368
0.0427631578947368
0.0427631578947368
0.0427631578947368
0.0427631578947368
0.0427631578947368
0.0427631578947368
0.0427631578947368
0.0427631578947368
0.0427631578947368
0.0449561403508772
0.0449561403508772
0.0449561403508772
0.043859649122807
0.043859649122807
0.043859649122807
0.043859649122807
0.043859649122807
0.043859649122807
0.043859649122807
0.043859649122807
0.043859649122807
0.043859649122807
0.043859649122807
0.0427631578947368
0.0405701754385965
0.0405701754385965
0.0405701754385965
0.0427631578947368
0.0427631578947368
0.0427631578947368
0.0427631578947368
0.0427631578947368
0.0427631578947368
0.0427631578947368
0.0427631578947368
0.0427631578947368
0.0427631578947368
0.0427631578947368
0.0427631578947368
0.0427631578947368
0.0427631578947368
0.0427631578947368
0.0427631578947368
0.0427631578947368
0.0427631578947368
0.0427631578947368
0.0427631578947368
0.0427631578947368
0.0427631578947368
0.0427631578947368
0.0427631578947368
0.0427631578947368
0.0427631578947368
0.0427631578947368
0.0427631578947368
0.0427631578947368
0.0427631578947368
0.0427631578947368
0.0427631578947368
0.0427631578947368
0.0427631578947368
0.0427631578947368
0.0427631578947368
0.0427631578947368
0.0427631578947368
0.0427631578947368
0.0427631578947368
0.0427631578947368
0.0427631578947368
0.0427631578947368
0.0427631578947368
0.0427631578947368
0.0427631578947368
0.0427631578947368
0.0427631578947368
0.0427631578947368
0.0427631578947368
0.0427631578947368
0.0427631578947368
0.0427631578947368
0.0427631578947368
0.0427631578947368
0.0427631578947368
0.0427631578947368
0.0427631578947368