0.0592105263157895
0.0592105263157895
0.0592105263157895
0.0592105263157895
0.0592105263157895
0.0592105263157895
0.0592105263157895
0.0592105263157895
0.0592105263157895
0.0592105263157895
0.0592105263157895
0.0592105263157895
0.0592105263157895
0.0592105263157895
0.0592105263157895
0.0592105263157895
0.0592105263157895
0.0592105263157895
0.0592105263157895
0.0592105263157895
0.0614035087719298
0.0614035087719298
0.0614035087719298
0.0603070175438596
0.0603070175438596
0.0603070175438596
0.0603070175438596
0.0603070175438596
0.0603070175438596
0.0603070175438596
0.0603070175438596
0.0603070175438596
0.0603070175438596
0.0603070175438596
0.0592105263157895
0.0570175438596491
0.0570175438596491
0.0570175438596491
0.0592105263157895
0.0592105263157895
0.0592105263157895
0.0592105263157895
0.0592105263157895
0.0592105263157895
0.0592105263157895
0.0592105263157895
0.0592105263157895
0.0592105263157895
0.0592105263157895
0.0592105263157895
0.0592105263157895
0.0592105263157895
0.0592105263157895
0.0592105263157895
0.0592105263157895
0.0592105263157895
0.0592105263157895
0.0592105263157895
0.0592105263157895
0.0592105263157895
0.0592105263157895
0.0592105263157895
0.0592105263157895
0.0592105263157895
0.0592105263157895
0.0592105263157895
0.0592105263157895
0.0592105263157895
0.0592105263157895
0.0592105263157895
0.0592105263157895
0.0592105263157895
0.0592105263157895
0.0592105263157895
0.0592105263157895
0.0592105263157895
0.0592105263157895
0.0592105263157895
0.0592105263157895
0.0592105263157895
0.0592105263157895
0.0592105263157895
0.0592105263157895
0.0592105263157895
0.0592105263157895
0.0592105263157895
0.0592105263157895
0.0592105263157895
0.0592105263157895
0.0592105263157895
0.0592105263157895
0.0592105263157895
0.0592105263157895
0.0592105263157895
0.0592105263157895
0.0592105263157895