0.0405701754385965
0.0405701754385965
0.0405701754385965
0.0405701754385965
0.0405701754385965
0.0405701754385965
0.0405701754385965
0.0405701754385965
0.0405701754385965
0.0405701754385965
0.0405701754385965
0.0405701754385965
0.0405701754385965
0.0405701754385965
0.0405701754385965
0.0405701754385965
0.0405701754385965
0.0405701754385965
0.0405701754385965
0.0405701754385965
0.0361842105263158
0.0361842105263158
0.0361842105263158
0.0361842105263158
0.0361842105263158
0.0361842105263158
0.0361842105263158
0.0361842105263158
0.0361842105263158
0.0361842105263158
0.0361842105263158
0.0361842105263158
0.0361842105263158
0.0361842105263158
0.037280701754386
0.037280701754386
0.037280701754386
0.037280701754386
0.037280701754386
0.037280701754386
0.037280701754386
0.037280701754386
0.037280701754386
0.037280701754386
0.037280701754386
0.037280701754386
0.037280701754386
0.037280701754386
0.037280701754386
0.037280701754386
0.037280701754386
0.037280701754386
0.037280701754386
0.037280701754386
0.037280701754386
0.037280701754386
0.037280701754386
0.037280701754386
0.037280701754386
0.037280701754386
0.037280701754386
0.037280701754386
0.037280701754386
0.037280701754386
0.037280701754386
0.037280701754386
0.037280701754386
0.037280701754386
0.037280701754386
0.037280701754386
0.037280701754386
0.037280701754386
0.037280701754386
0.037280701754386
0.037280701754386
0.037280701754386
0.037280701754386
0.037280701754386
0.037280701754386
0.037280701754386
0.037280701754386
0.037280701754386
0.037280701754386
0.037280701754386
0.037280701754386
0.037280701754386
0.037280701754386
0.037280701754386
0.037280701754386
0.037280701754386
0.037280701754386
0.037280701754386
0.037280701754386
0.037280701754386
0.037280701754386
0.037280701754386