0.150219298245614
0.150219298245614
0.150219298245614
0.150219298245614
0.150219298245614
0.150219298245614
0.150219298245614
0.150219298245614
0.150219298245614
0.150219298245614
0.150219298245614
0.150219298245614
0.150219298245614
0.150219298245614
0.150219298245614
0.150219298245614
0.150219298245614
0.150219298245614
0.150219298245614
0.150219298245614
0.150219298245614
0.150219298245614
0.150219298245614
0.150219298245614
0.150219298245614
0.150219298245614
0.150219298245614
0.150219298245614
0.150219298245614
0.150219298245614
0.150219298245614
0.150219298245614
0.150219298245614
0.150219298245614
0.150219298245614
0.148026315789474
0.148026315789474
0.148026315789474
0.150219298245614
0.150219298245614
0.150219298245614
0.150219298245614
0.150219298245614
0.150219298245614
0.150219298245614
0.150219298245614
0.150219298245614
0.150219298245614
0.150219298245614
0.150219298245614
0.150219298245614
0.150219298245614
0.150219298245614
0.150219298245614
0.150219298245614
0.150219298245614
0.150219298245614
0.150219298245614
0.150219298245614
0.150219298245614
0.150219298245614
0.150219298245614
0.150219298245614
0.150219298245614
0.150219298245614
0.150219298245614
0.150219298245614
0.150219298245614
0.150219298245614
0.150219298245614
0.150219298245614
0.150219298245614
0.150219298245614
0.150219298245614
0.150219298245614
0.150219298245614
0.150219298245614
0.150219298245614
0.150219298245614
0.150219298245614
0.150219298245614
0.150219298245614
0.150219298245614
0.150219298245614
0.150219298245614
0.150219298245614
0.150219298245614
0.150219298245614
0.150219298245614
0.150219298245614
0.150219298245614
0.150219298245614
0.150219298245614
0.150219298245614
0.150219298245614
0.150219298245614