0.0313519696361192
0.0313519696361192
0.0313519696361192
0.031351969635822
0.031351969635822
0.0313519696356239
0.0313519696356239
0.0313520006506534
0.0313520006505543
0.0313520006505543
0.0313520006503562
0.0313520006503562
0.0313520316652378
0.0313520316652378
0.0313520316652378
0.0313520316652378
0.0313520316652378
0.0313520316652378
0.0313520316652378
0.0313520316652378
0.0313520316652378
0.0313520316652378
0.0313520316652378
0.0313520316652378
0.0313520316652378
0.0313520316652378
0.0313520316652378
0.0313520316652378
0.0313520316652378
0.0313520316652378
0.0313520316652378
0.0313520316650397
0.0313520316650397
0.0313520316650397
0.0313520316650397
0.0313520316650397
0.0313520316650397
0.0313520316646434
0.0313520316646434
0.0313520316644453
0.0313520734824356
0.0358951744185426
0.0358933586235048
0.0358936806644731
0.0358936806644731
0.0358931204247821
0.0309802477018405
0.0309802058840496
0.0309802476863962
0.0309806228713158
0.0309806228713158
0.0313515733598342
0.0313515733598342
0.0313515733598342
0.0313515733598342
0.0313515733598342
0.0313515733598342
0.0313515733598342
0.0313515733598342
0.0313515733598342
0.0313515733596361
0.0313515733595371
0.0313515733595371
0.031351573359438
0.031351573359438
0.0313515733583486
0.0313515733583486
0.0313515733583486
0.0313515733583486
0.0313515733583486
0.0313515733583486
0.0313515733581505
0.0313515733581505
0.0313515733579524
0.0313515733579524
0.0313515733575563
0.0313515733575563
0.0313515733573582
0.0313515733573582
0.0313515733573582
0.0313515733573582
0.0313515733573582
0.0313515733572591
0.0313515733572591
0.0313515733571601
0.0313515733571601
0.031351573356962
0.031351573356962
0.0313515733566649
0.0313515733566649
0.0313515733564669
0.0313515733564669
0.0313515733564669
0.0313515733564669
0.0313515733562688
0.0313515733562688