0.0
0.0
0.0
0.0
0.0
0.0
0.0
0.0
0.0
0.0
0.0
0.0
0.0
0.0
0.0
0.0
0.0
0.0
0.0
0.0
0.0
0.0
0.0
0.0
0.0
0.0
0.0
0.0
0.0
0.0
0.0
0.0
0.0
0.0
0.0
0.0
0.0
0.0
0.0
0.0
8.07087212631475e-06
8.36359805835726e-06
0.00154176010702631
0.00154141112215524
0.00154141112215524
0.00154141112215524
0.00154141112215524
0.000756194718446371
0.000756194718446371
8.36351831637693e-06
8.36351831637693e-06
8.36351831637693e-06
8.36351831637693e-06
8.36351831637693e-06
8.36351831637693e-06
8.36351831637693e-06
1.71452125485727e-06
1.71452125485727e-06
1.04543978954712e-06
1.04543978954712e-06
0.0
0.0
0.0
0.0
0.0
0.0
0.0
0.0
0.0
0.0
0.0
0.0
0.0
0.0
0.0
0.0
0.0
0.0
0.0
0.0
0.0
0.0
0.0
0.0
0.0
0.0
0.0
0.0
0.0
0.0
0.0
0.0
0.0
0.0
0.0
0.0