0.3505859375
0.3505859375
0.3544921875
0.3818359375
0.3818359375
0.3818359375
0.3818359375
0.3818359375
0.3818359375
0.3818359375
0.3818359375
0.3818359375
0.3818359375
0.046875
0
0
0
0
0
0
0
0.3779296875
0.3779296875
0.3779296875
0.3779296875
0.3779296875
0.3779296875
0.3779296875
0.3779296875
0.3779296875
0.3779296875
0.3779296875
0
0
0.5546875
0.3388671875
0.3505859375
0.3505859375
0.3544921875
0.3974609375
0.3974609375
0.3974609375
0.3974609375
0.223307291666667
0.138346354166667
0.261067708333333
0.360026041666667
0.363932291666667
0.373046875
0.380859375
0.388671875
0.388671875
0.388671875
0.388671875
0.388671875
0.388671875
0.388671875
0.388671875
0.388671875
0.142252604166667
0.142252604166667
0.365234375
0.365234375
0.373046875
0.373046875
0.388671875
0.388671875
0.388671875
0.388671875
0.388671875
0.388671875
0.388671875
0.388671875
0.388671875
0.388671875
0.388671875
0.388671875
0.388671875
0.388671875
0.388671875
0.388671875
0.3740234375
0.3740234375
0.3740234375
0.3818359375
0.3818359375
0.3818359375
0.3818359375
0.3818359375
0.3818359375
0.3818359375
0.3818359375
0.3818359375
0.3876953125
0.3779296875
0.3779296875
