0.0537634408602151
0.0537634408602151
0.0537634408602151
0.0537634408602151
0.0537634408602151
0.0537634408602151
0.0537634408602151
0.0537634408602151
0.0537634408602151
0.0537634408602151
0.0537634408602151
0.0537634408602151
0.0537634408602151
0.0537634408602151
0.0537634408602151
0.0537634408602151
0.0537634408602151
0.0537634408602151
0.0537634408602151
0.0537634408602151
0.0537634408602151
0.0537634408602151
0.0537634408602151
0.0537634408602151
0.0537634408602151
0.0537634408602151
0.0537634408602151
0.0537634408602151
0.0537634408602151
0.0537634408602151
0.0537634408602151
0.0537634408602151
0.0537634408602151
0.0537634408602151
0.0537634408602151
0.0537634408602151
0.0537634408602151
0.0537634408602151
0.0537634408602151
0.0537634408602151
0.0537634408602151
0.0537634408602151
0.0537634408602151
0.0537634408602151
0.0537634408602151
0.0537634408602151
0.0537634408602151
0.0537634408602151
0.0537634408602151
0.0537634408602151
0.0537634408602151
0.0537634408602151
0.0537634408602151
0.0537634408602151
0.0537634408602151
0.0537634408602151
0.0537634408602151
0.0537634408602151
0.0537634408602151
0.0537634408602151
0.0537634408602151
0.0537634408602151
0.0537634408602151
0.0537634408602151
0.0537634408602151
0.0537634408602151
0.0
0.0
0.0537634408602151
0.0537634408602151
0.0537634408602151
0.0537634408602151
0.0537634408602151
0.0537634408602151
0.0537634408602151
0.0537634408602151
0.0537634408602151
0.0537634408602151
0.0537634408602151
0.0537634408602151
0.0537634408602151
0.0537634408602151
0.0537634408602151
0.0537634408602151
0.0537634408602151
0.0537634408602151
0.0537634408602151
0.0537634408602151
0.0537634408602151
0.0537634408602151
0.0537634408602151
0.0537634408602151
0.0537634408602151
0.0537634408602151
0.0537634408602151
0.0537634408602151