0.0142751709136109
0.0142751709136109
0.0140680029003522
0.0140680029003522
0.0140680029003522
0.0138608348870934
0.00939377460120158
0.00939377460120158
0.00939377460120158
0.00939377460120158
0.00939377460120158
0.00939377460120158
0.00939377460120158
0.00939377460120158
0.00928371659415786
0.00928371659415786
0.00928371659415786
0.00928371659415786
0.00928371659415786
0.00928371659415786
0.00928371659415786
0.00934956181521051
0.00948546291334646
0.00948546291334646
0.00899343888185692
0.00899343888185692
0.00899343888185692
0.00899343888185692
0.00929088176434398
0.00908906541721987
0.00995768491171558
0.00932357654168506
0.0102192152048832
0.00977608848680673
0.00946109609930056
0.00953875193532367
0.0091089611656755
0.010038787357928
0.00981770953853554
0.00960088073470348
0.0090830410450733
0.00975197493209646
0.0095887164360328
0.00959983847255169
0.00959983847255169
0.0093019238747364
0.00955432748932434
0.00955432748932434
0.00955432748932434
0.00955432748932434
0.00955432748932434
0.00955432748932434
0.00955432748932434
0.00954785751002827
0.00954785751002827
0.00935595576372238
0.00935595576372238
0.00926000489056943
0.00836067776841623
0.00836067776841623
0.00836067776841623
0.00836067776841623
0.00820475759954269
0.00820475759954269
0.00820475759954269
0.00820475759954269
0.00820475759954269
0.00820475759954269
0.00820475759954269
0.00820475759954269
0.00820475759954269
0.00839665934584858
0.00839665934584858
0.00839665934584858
0.00839665934584858
0.00839665934584858
0.00839665934584858
0.00839665934584858
0.00841579502353747
0.00840690776353161
0.00840690776353161
0.00840690776353161
0.00840690776353161
0.00840690776353161
0.00845171071551401
0.00845171071551401
0.00835920377749366
0.00835920377749366
0.00835920377749366
0.00835920377749366
0.00835920377749366
0.00854421765353436
0.00854421765353436
0.00854421765353436
0.00834474956842798
0.00851116352826451