0.0626683240107727
0.0626683240107727
0.0626683240107727
0.0626683240107727
0.0626683240107727
0.0633998860575927
0.0702720374974104
0.0702720374974104
0.0702720374974104
0.0702720374974104
0.0702720374974104
0.0702720374974104
0.0702720374974104
0.0702720374974104
0.0698188574684069
0.0698188574684069
0.0698188574684069
0.0698188574684069
0.0698188574684069
0.0698188574684069
0.0698188574684069
0.0776899067031616
0.0697994354671639
0.0697994354671639
0.0705827895172985
0.0705827895172985
0.0705827895172985
0.0705827895172985
0.0705827895172985
0.0705827895172985
0.0737049656084184
0.0657547873038881
0.0654667695556903
0.069088687815385
0.0752048669637261
0.0757996477141791
0.0716737672072993
0.0749045797975171
0.0744240331640421
0.0744517354925702
0.076781089277935
0.0740024581876334
0.0697374068293895
0.0697191812177523
0.0697171122211432
0.0697171122211432
0.0707658842037925
0.0778225446554188
0.0778225446554188
0.0778225446554188
0.0778225446554188
0.0778225446554188
0.0778225446554188
0.0778031186330575
0.0778031186330575
0.0778031186330575
0.0778031186330575
0.0778031186330575
0.0773121857986183
0.0773121857986183
0.0773121857986183
0.0770071463831846
0.0770071463831846
0.0770071463831846
0.0770071463831846
0.0770071463831846
0.0770071463831846
0.0770071463831846
0.0770071463831846
0.0770071463831846
0.0770071463831846
0.0770071463831846
0.0770071463831846
0.0770071463831846
0.0772143143964434
0.0772143143964434
0.0772143143964434
0.0772143143964434
0.0772143143964434
0.0769877243819416
0.0769877243819416
0.0769877243819416
0.0769877243819416
0.0769877243819416
0.0769877243819416
0.0769877243819416
0.0769877243819416
0.0769877243819416
0.0769877243819416
0.0688952238640216
0.0688952238640216
0.0688952238640216
0.0688952238640216
0.0688952238640216
0.0688952238640216
0.0688952238640216