0.0886679096747462
0.0886679096747462
0.0886679096747462
0.0886679096747462
0.0886679096747462
0.0886679096747462
0.0886679096747462
0.0886679096747462
0.0886679096747462
0.0886679096747462
0.0886679096747462
0.0886679096747462
0.0886679096747462
0.0886679096747462
0.0886679096747462
0.0886679096747462
0.0886679096747462
0.0886679096747462
0.0886679096747462
0.0886679096747462
0.0886679096747462
0.089757107860211
0.0886495267432896
0.0886495267432896
0.0886495267432896
0.0886495267432896
0.0886495267432896
0.0886495267432896
0.0886316186887707
0.0886316186887707
0.112319949299791
0.0970760859005752
0.0886450139971686
0.08859985811765
0.116731309168983
0.114460106672465
0.0901476020283521
0.115053445351651
0.115836599161847
0.115730040134987
0.0892336308902242
0.115584494654455
0.0884404441539997
0.0884399479078311
0.0884399479078311
0.0884399479078311
0.0884481797282213
0.088447888746844
0.088447888746844
0.088447888746844
0.088447888746844
0.088447888746844
0.088447888746844
0.088447888746844
0.088447888746844
0.088447888746844
0.088447888746844
0.0885438396199969
0.088336423535057
0.088336423535057
0.088336423535057
0.0885438396199969
0.0885438396199969
0.0885438396199969
0.0885438396199969
0.0885438396199969
0.0885438396199969
0.0885438396199969
0.0885438396199969
0.0885438396199969
0.0885438396199969
0.0885438396199969
0.0885438396199969
0.0885438396199969
0.0885438396199969
0.0885438396199969
0.0885438396199969
0.0885438396199969
0.0885236791505457
0.088500856246152
0.088500856246152
0.088500856246152
0.088500856246152
0.088500856246152
0.0884971312497611
0.0884971312497611
0.0884971312497611
0.0884971312497611
0.0884971312497611
0.0884971312497611
0.0884971312497611
0.0884971312497611
0.0884971312497611
0.0884971312497611
0.0884971312497611
0.088482449219737