0.0294502278848146
0.0294502278848146
0.0294502278848146
0.0294502278848146
0.0294502278848146
0.027974155790346
0.0279871037911746
0.0279871037911746
0.0279871037911746
0.0279871037911746
0.0279871037911746
0.0279871037911746
0.0279871037911746
0.0279871037911746
0.0279871037911746
0.0279871037911746
0.0279871037911746
0.0279871037911746
0.0279871037911746
0.0279871037911746
0.0279871037911746
0.0279978181550493
0.0282104568054692
0.0282104568054692
0.0261193546716387
0.0261193546716387
0.0261193546716387
0.0261193546716387
0.0261193546716387
0.0261193546716387
0.0206040659523227
0.0275094670414272
0.0277094926273799
0.021610772370397
0.020725405457103
0.0209918349174729
0.0215575952796695
0.0202814810109811
0.0205025588303735
0.0204521371818362
0.0218890462107092
0.0204118016455519
0.0219926543562717
0.0219873078420917
0.0219861802948497
0.0219861802948497
0.0219667542724885
0.0219667542724885
0.0219926502741458
0.0219926502741458
0.0219926502741458
0.0219926502741458
0.0219926502741458
0.0219797022733171
0.0219667542724885
0.0219926502741458
0.0219926502741458
0.0219926502741458
0.0255770215597922
0.0255770215597922
0.0255770215597922
0.0255770215597922
0.0255770215597922
0.0255770215597922
0.0255770215597922
0.0255770215597922
0.0255770215597922
0.0255770215597922
0.0255770215597922
0.0255770215597922
0.0255770215597922
0.0255770215597922
0.0255770215597922
0.0255770215597922
0.0255770215597922
0.0255770215597922
0.0255770215597922
0.0255770215597922
0.0255770215597922
0.0255770215597922
0.0255770215597922
0.0255770215597922
0.0255770215597922
0.0255770215597922
0.0255770215597922
0.0255770215597922
0.0255770215597922
0.0255770215597922
0.0255770215597922
0.0255770215597922
0.0255770215597922
0.0255770215597922
0.0255770215597922
0.0255770215597922
0.0255770215597922
0.0255770215597922