2.78545645947353e-05
2.78545645947353e-05
2.78545645947353e-05
2.78545645947353e-05
2.78545645947353e-05
2.78545645947353e-05
2.78545645947353e-05
2.78545645947353e-05
2.78545645947353e-05
2.78545645947353e-05
2.78545645947353e-05
2.78545645947353e-05
2.78545645947353e-05
2.78545645947353e-05
2.78545645947353e-05
2.78545645947353e-05
2.78545645947353e-05
2.78545645947353e-05
2.78545645947353e-05
2.78545645947353e-05
2.78545645947353e-05
2.78545645947353e-05
2.78545645947353e-05
2.78545645947353e-05
2.78545645947353e-05
2.78545645947353e-05
2.78545645947353e-05
2.78545645947353e-05
2.78545645947353e-05
2.78545645947353e-05
2.78545645947353e-05
2.78545645947353e-05
2.78545645947353e-05
2.78545645947353e-05
2.78545645947353e-05
2.78545645947353e-05
2.78545645947353e-05
2.78545645947353e-05
2.78545645947353e-05
2.78545645947353e-05
2.78545645947353e-05
2.78545645947353e-05
2.78545645947353e-05
2.78545645947353e-05
2.78545645947353e-05
2.78545645947353e-05
2.78545645947353e-05
2.78545645947353e-05
2.78545645947353e-05
2.78545645947353e-05
2.78545645947353e-05
2.78545645947353e-05
2.78545645947353e-05
2.78545645947353e-05
2.78545645947353e-05
2.78545645947353e-05
2.78545645947353e-05
2.78545645947353e-05
2.78545645947353e-05
2.78545645947353e-05
2.78545645947353e-05
2.78545645947353e-05
2.78545645947353e-05
2.78545645947353e-05
2.78545645947353e-05
2.78545645947353e-05
2.78545645947353e-05
2.78545645947353e-05
2.78545645947353e-05
2.78545645947353e-05
2.78545645947353e-05
2.78545645947353e-05
2.78545645947353e-05
2.78545645947353e-05
2.78545645947353e-05
2.78545645947353e-05
2.78545645947353e-05
2.78545645947353e-05
2.78579046712275e-05
2.78545645947353e-05
2.78545645947353e-05
2.78545645947353e-05
2.78545645947353e-05
2.78545645947353e-05
2.78545645947353e-05
2.78545645947353e-05
2.78545645947353e-05
2.78545645947353e-05
2.78545645947353e-05
2.78545645947353e-05
2.78545645947353e-05
2.78545645947353e-05
2.78545645947353e-05
2.78545645947353e-05
2.78545645947353e-05
2.78545645947353e-05
