0.00584424054419448
0.00584424054419448
0.00584424054419448
0.00584424054419448
0.00584424054419448
0.00584424054419448
0.0058442861008903
0.0058442861008903
0.00584426331910187
0.00584424054419448
0.00585193568561968
0.00577700538827615
0.00580963339774674
0.00580961693482307
0.00580961693482307
0.00580962805842903
0.00580962805842903
0.00580962805842903
0.00580962805842903
0.00580962805842903
0.00580962805842903
0.00580962805842903
0.00580962805842903
0.00580965081958422
0.00580965081958422
0.00580963969597826
0.00580893571157574
0.00580893571157574
0.00580893571157574
0.00580893571157574
0.00580893571157574
0.00580893571157574
0.00580906848930025
0.00580524924842027
0.0058047702350961
0.0058047702350961
0.0058047702350961
0.0058047702350961
0.00599583697133413
0.00608178965146423
0.00588817940631902
0.00588033368889469
0.00587614919888868
0.00587612643085904
0.00587612643085904
0.00587610366970384
0.00587606112051582
0.00587610366970384
0.00587610366970384
0.00599136691698922
0.00597638072641067
0.00598549852978346
0.00599117656130384
0.00596597921088391
0.00598149646455326
0.00591991828655825
0.00588726121082649
0.00588726121082649
0.00588655328246304
0.00593269858788492
0.00593269858788492
0.00593269858788492
0.00593272136967335
0.00593272136967335
0.00593272136967335
0.0059323933120472
0.0059323933120472
0.00593174753270959
0.0059336685371644
0.00593174753270959
0.00593174753270959
0.0059336685371644
0.0059336685371644
0.0059336685371644
0.0059336685371644
0.00593174753270959
0.00593174753270959
0.0059317575186807
0.00593319628280999
0.0059394087687404
0.0059394087687404
0.00593934046464816
0.00593934046464816
0.00593934046464816
0.00593931771036413
0.00593931771036413
0.00593931771036413
0.00593931771036413
0.00593931771036413
0.00593934046464816
0.00592021164388613
0.00592021164388613
0.00592021164388613
0.00585809916651396
0.00585809916651396
0.00585809916651396
