0.00156522795349662
0.00156522795349662
0.00156522795349662
0.00156522795349662
0.00156522795349662
0.00156522795349662
0.00156523650455933
0.00156523650455933
0.00156523222843705
0.00156522795349662
0.00156523065012837
0.00156522795349662
0.00156522374665795
0.00156521940715922
0.00156521940715922
0.00156522210379096
0.00156522210379096
0.00156522210379096
0.00156522210379096
0.00156522210379096
0.00156522210379096
0.00156522210379096
0.00156522210379096
0.00156522637636927
0.00156522637636927
0.00156522367973752
0.00156505301685206
0.00156505301685206
0.00156505301685206
0.00156505301685206
0.00156505301685206
0.00156505301685206
0.00157274755171879
0.00156506780765865
0.00156502833405206
0.00156502833405206
0.00156502833405206
0.00156502833405206
0.00156502833405206
0.00156506514911808
0.00156505988519452
0.00156503885109955
0.00156502833405206
0.00156502406029296
0.00156502406029296
0.00156501978771466
0.00156501978771466
0.00156501978771466
0.00156501978771466
0.00156503096196513
0.00156509676785312
0.00156510735148798
0.00156507043826422
0.00158041214346306
0.00156505988519452
0.00156503260899249
0.00156503260899249
0.00156503260899249
0.00156503260899249
0.00156503260899249
0.00156503260899249
0.00156503260899249
0.00156503688511477
0.00156503688511477
0.00156503688511477
0.00156503688511477
0.00156503688511477
0.00156503688511477
0.00156503951302784
0.00156503688511477
0.00156503688511477
0.00156503951302784
0.00156503951302784
0.00156503951302784
0.00156503688511477
0.00156503688511477
0.00156503688511477
0.00156503688511477
0.00156546930401796
0.00156503260899249
0.00156503260899249
0.00156501978771466
0.00156501978771466
0.00156501978771466
0.00156501551631661
0.00156501551631661
0.00156501551631661
0.00156501551631661
0.00156501551631661
0.00156501978771466
0.00156503688511477
0.00156503688511477
0.00156503688511477
0.00156503688511477
0.00156503688511477
0.00156503688511477
