0.0263864420076669
0.0263864420076669
0.0263864420076669
0.0263864420076669
0.0263864420076669
0.0263864420076669
0.0264242392493097
0.0264319232671289
0.0263866120417544
0.0263864420076669
0.0263864763897217
0.0258850598449616
0.0260432724221689
0.0260412809747851
0.0260412809747851
0.0260413153568398
0.0260413153568398
0.0258969120502257
0.0258969120502257
0.0258969120502257
0.0258969120502257
0.0258969120502257
0.0258969120502257
0.0258970815692866
0.0258970815692866
0.0258970471872318
0.0258948712354422
0.0258948712354422
0.0258948712354422
0.025896792239897
0.026086530156669
0.0260749942668332
0.0258948712354422
0.0258873567886294
0.0258862866058668
0.0258862866058668
0.0260664096372578
0.0260664096372578
0.0258901286147764
0.0258672979120917
0.0258576923970418
0.0260529626060741
0.0260442200103206
0.0258639274079231
0.0259359650749785
0.0258666402168797
0.0259117018693361
0.0260832623329121
0.0262112181663484
0.0274849604446972
0.0274671886863219
0.0273029669853578
0.0274180875748257
0.0261491887714383
0.0264732854577481
0.0261965124799652
0.0259119659085606
0.0259119659085606
0.0259280670090006
0.0264203526607604
0.0263723275493902
0.0263780905627546
0.0264176387747647
0.0264291657870452
0.0264291657870452
0.0263801266793759
0.0262000918920271
0.0263666036218701
0.0263666036218701
0.0264146287332403
0.0264146287332403
0.0264146287332403
0.0265113245903772
0.0264242337555144
0.0264709834968262
0.0263742876396893
0.0263685246263249
0.0263685554920538
0.026356011202914
0.0263712385123207
0.0264154216147813
0.0265688275535901
0.026503923508103
0.026418753677695
0.0264195447126557
0.0266936146393197
0.0266551945502235
0.0263686376839989
0.0263686376839989
0.026409148655421
0.026369487594076
0.0263752506074404
0.0264175127054462
0.0264175127054462
0.026369487594076
0.0264175127054462
