0.00119678577534621
0.00119678577534621
0.00119678577534621
0.00119678577534621
0.00119678577534621
0.00119678577534621
0.00119678577534621
0.00119678577534621
0.00119678577534621
0.00119678577534621
0.00119678577534621
0.00119678577534621
0.00119678577534621
0.00119678577534621
0.00119678577534621
0.00119678577534621
0.00119678577534621
0.00119678577534621
0.00119678577534621
0.00119678577534621
0.00119678577534621
0.00119678577534621
0.00119678577534621
0.00119678577534621
0.00119678577534621
0.00119678577534621
0.00119678577534621
0.00119678577534621
0.00119678577534621
0.00119678577534621
0.00119678577534621
0.00119678577534621
0.00119678584719131
0.00119678584719131
0.00119678577534621
0.00119678577534621
0.00119678577534621
0.00119678577534621
0.00119678577534621
0.00119678814661525
0.00119678814661525
0.00119678577534621
0.00119678577534621
0.00119678577534621
0.00119678577534621
0.00119678577534621
0.00119678577534621
0.00119678577534621
0.00119678577534621
0.00119678577534621
0.00119679274546312
0.00119678814661525
0.00119678584719131
0.00119678584719131
0.00119678814661525
0.00119678577534621
0.00119678577534621
0.00119678577534621
0.00119678577534621
0.00119678577534621
0.00119678577534621
0.00119678577534621
0.00119678577534621
0.00119678577534621
0.00119678577534621
0.00119678577534621
0.00119678577534621
0.00119678577534621
0.00119678577534621
0.00119678577534621
0.00119678577534621
0.00119678577534621
0.00119678577534621
0.00119678577534621
0.00119678577534621
0.00119678577534621
0.00119678577534621
0.00119678577534621
0.00119712307994665
0.00119678577534621
0.00119678577534621
0.00119678577534621
0.00119678577534621
0.00119678577534621
0.00119678577534621
0.00119678577534621
0.00119678577534621
0.00119678577534621
0.00119678577534621
0.00119678577534621
0.00119678577534621
0.00119678577534621
0.00119678577534621
0.00119678577534621
0.00119678577534621
0.00119678577534621
