0.000512908220224847
0.000512908220224847
0.000512908220224847
0.000512908220224847
0.000512908220224847
0.000512908220224847
0.000512908220224847
0.000512908220224847
0.000512908220224847
0.000512908220224847
0.000512908220224847
0.000512908220224847
0.000512908220224847
0.000512908220224847
0.000512908220224847
0.000512908220224847
0.000512908220224847
0.000512908220224847
0.000512908220224847
0.000512908220224847
0.000512908220224847
0.000512908220224847
0.000512908220224847
0.000512908220224847
0.000512908220224847
0.000512908220224847
0.000512908220224847
0.000512908220224847
0.000512908220224847
0.000512908220224847
0.000512908220224847
0.000512908220224847
0.000512909205692248
0.000512909205692248
0.000512908189434091
0.000512908189434091
0.000512908189434091
0.000512908189434091
0.000512908189434091
0.000512910684019747
0.000512910684019747
0.000512908220224847
0.000512908189434091
0.000512908189434091
0.000512908189434091
0.000512908189434091
0.000512908189434091
0.000512908189434091
0.000512908189434091
0.000512908220224847
0.00051291265495455
0.00051291019115965
0.000512909205692248
0.000512909205692248
0.000512910684019747
0.000512908189434091
0.000512908189434091
0.000512908189434091
0.000512908189434091
0.000512908189434091
0.000512908189434091
0.000512908189434091
0.000512908189434091
0.000512908189434091
0.000512908189434091
0.000512908189434091
0.000512908189434091
0.000512908189434091
0.000512908220224847
0.000512908189434091
0.000512908189434091
0.000512908220224847
0.000512908220224847
0.000512908220224847
0.000512908189434091
0.000512908189434091
0.000512908189434091
0.000512908189434091
0.000513054719820452
0.000512908189434091
0.000512908189434091
0.000512908189434091
0.000512908189434091
0.000512908189434091
0.000512908189434091
0.000512908189434091
0.000512908189434091
0.000512908189434091
0.000512908189434091
0.000512908189434091
0.000512908189434091
0.000512908189434091
0.000512908189434091
0.000512908189434091
0.000512908189434091
0.000512908189434091
