0.000167127069455167
0.000167127069455167
0.000167127069455167
0.000167127069455167
0.000167127069455167
0.000167127069455167
0.000167127069455167
0.000167127069455167
0.000167127069455167
0.000167127069455167
0.000167127069455167
0.000165206065000358
0.000165206065000358
0.000165206065000358
0.000165206065000358
0.000165206065000358
0.000165206065000358
0.000165206065000358
0.000165206065000358
0.000165206065000358
0.000165206065000358
0.000165206065000358
0.000165206065000358
0.000165206065000358
0.000165206065000358
0.000165206065000358
0.000165206065000358
0.000165206065000358
0.000165206065000358
0.000165206065000358
0.000165206065000358
0.000165206065000358
0.000165206393489492
0.000165206393489492
0.000165199182318791
0.000165199182318791
0.000165199182318791
0.000165199182318791
0.000165199182318791
0.000165200013847343
0.000165200013847343
0.000165199192582376
0.000165188804103749
0.000165188804103749
0.000165188804103749
0.000165188804103749
0.000165187514734415
0.000165188804103749
0.000165188804103749
0.000165187524998
0.000165178750822494
0.000165177892228703
0.000165177601068394
0.000165177601068394
0.000165178093844227
0.000165178537820922
0.000165178537820922
0.000165178537820922
0.000165157085446272
0.000167079338340671
0.000167079338340671
0.000167079338340671
0.000167079338340671
0.000167079338340671
0.000167079338340671
0.000167069397200484
0.000167069397200484
0.000167049828129648
0.000167049838393233
0.000167049828129648
0.000167049828129648
0.000167049838393233
0.000167049838393233
0.000167049838393233
0.000167049828129648
0.000167049828129648
0.000167049828129648
0.000167050130734833
0.000167091391813931
0.000167049828129648
0.000167049828129648
0.000167049828129648
0.000167049828129648
0.000167049828129648
0.000167049828129648
0.000167049828129648
0.000167049828129648
0.000167049828129648
0.000167049828129648
0.000167049828129648
0.000167049828129648
0.000167049828129648
0.000167049828129648
0.000167049828129648
0.000167049828129648
0.000167049828129648
