4.22630835574708e-05
4.22630835574708e-05
4.22630835574708e-05
4.22630835574708e-05
4.22630835574708e-05
4.22630835574708e-05
4.22630835574708e-05
4.22630835574708e-05
4.22630835574708e-05
4.22630835574708e-05
4.22630835574708e-05
4.22630835574708e-05
4.22630835574708e-05
4.22630835574708e-05
4.22630835574708e-05
4.22630835574708e-05
4.22630835574708e-05
4.22630835574708e-05
4.22630835574708e-05
4.22630835574708e-05
4.22630835574708e-05
4.22630835574708e-05
4.22630835574708e-05
4.22630835574708e-05
4.22630835574708e-05
4.22630835574708e-05
4.22630835574708e-05
4.22630835574708e-05
4.22630835574708e-05
4.22630835574708e-05
4.22630835574708e-05
4.22630835574708e-05
4.22630835574708e-05
4.22630835574708e-05
4.22630835574708e-05
4.22630835574708e-05
4.22630835574708e-05
4.22630835574708e-05
4.22630835574708e-05
4.22630835574708e-05
4.22630835574708e-05
4.22630835574708e-05
4.22630835574708e-05
4.22630835574708e-05
4.22630835574708e-05
4.22630835574708e-05
4.22630835574708e-05
4.22630835574708e-05
4.22630835574708e-05
4.22630835574708e-05
4.22630835574708e-05
4.22578322211857e-05
4.22630835574708e-05
4.22630835574708e-05
4.22630835574708e-05
4.22630835574708e-05
4.22630835574708e-05
4.22630835574708e-05
4.22630835574708e-05
4.22630835574708e-05
4.22630835574708e-05
4.22630835574708e-05
4.22630835574708e-05
4.22630835574708e-05
4.22630835574708e-05
4.22630835574708e-05
4.22630835574708e-05
4.22630835574708e-05
4.22630835574708e-05
4.22630835574708e-05
4.22630835574708e-05
4.22630835574708e-05
4.22630835574708e-05
4.22630835574708e-05
4.22630835574708e-05
4.22630835574708e-05
4.22630835574708e-05
4.22630835574708e-05
4.2272283051264e-05
4.22630835574708e-05
4.22630835574708e-05
4.22630835574708e-05
4.22630835574708e-05
4.22630835574708e-05
4.22630835574708e-05
4.22630835574708e-05
4.22630835574708e-05
4.22630835574708e-05
4.22630835574708e-05
4.22630835574708e-05
4.22630835574708e-05
4.22630835574708e-05
4.22630835574708e-05
4.22630835574708e-05
4.22630835574708e-05
4.22630835574708e-05
