0.00017096939647803
0.00017096939647803
0.00017096939647803
0.00017096939647803
0.00017096939647803
0.00017096939647803
0.00017096939647803
0.00017096939647803
0.00017096939647803
0.00017096939647803
0.00017096939647803
0.00017096939647803
0.00017096939647803
0.00017096939647803
0.00017096939647803
0.00017096939647803
0.00017096939647803
0.00017096939647803
0.00017096939647803
0.00017096939647803
0.00017096939647803
0.00017096939647803
0.00017096939647803
0.00017096939647803
0.00017096939647803
0.00017096939647803
0.00017096939647803
0.00017096939647803
0.00017096939647803
0.00017096939647803
0.00017096939647803
0.00017096939647803
0.00017096939647803
0.00017096939647803
0.00017096939647803
0.00017096939647803
0.00017096939647803
0.00017096939647803
0.00017096939647803
0.000170969406741616
0.000170969406741616
0.00017096939647803
0.00017096939647803
0.00017096939647803
0.00017096939647803
0.00017096939647803
0.00017096939647803
0.00017096939647803
0.00017096939647803
0.00017096939647803
0.000170970063719883
0.000170969406741616
0.00017096939647803
0.00017096939647803
0.000170969406741616
0.00017096939647803
0.00017096939647803
0.00017096939647803
0.00017096939647803
0.00017096939647803
0.00017096939647803
0.00017096939647803
0.00017096939647803
0.00017096939647803
0.00017096939647803
0.00017096939647803
0.00017096939647803
0.00017096939647803
0.00017096939647803
0.00017096939647803
0.00017096939647803
0.00017096939647803
0.00017096939647803
0.00017096939647803
0.00017096939647803
0.00017096939647803
0.00017096939647803
0.00017096939647803
0.000171017582849522
0.00017096939647803
0.00017096939647803
0.00017096939647803
0.00017096939647803
0.00017096939647803
0.00017096939647803
0.00017096939647803
0.00017096939647803
0.00017096939647803
0.00017096939647803
0.00017096939647803
0.00017096939647803
0.00017096939647803
0.00017096939647803
0.00017096939647803
0.00017096939647803
0.00017096939647803
