7.68401781923732e-06
7.68401781923732e-06
7.68401781923732e-06
7.68401781923732e-06
7.68401781923732e-06
7.68401781923732e-06
7.68401781923732e-06
7.68401781923732e-06
7.68401781923732e-06
7.68401781923732e-06
7.68401781923732e-06
7.68401781923732e-06
7.68401781923732e-06
7.68401781923732e-06
7.68401781923732e-06
7.68401781923732e-06
7.68401781923732e-06
7.68401781923732e-06
7.68401781923732e-06
7.68401781923732e-06
7.68401781923732e-06
7.68401781923732e-06
7.68401781923732e-06
7.68401781923732e-06
7.68401781923732e-06
7.68401781923732e-06
7.68401781923732e-06
7.68401781923732e-06
7.68401781923732e-06
7.68401781923732e-06
7.68401781923732e-06
7.68401781923732e-06
9.60502227404665e-06
9.60502227404665e-06
9.59814985606522e-06
9.59814985606522e-06
7.67714540125589e-06
7.67714540125589e-06
7.67714540125589e-06
7.67714540125589e-06
7.67714540125589e-06
7.67714540125589e-06
7.66676718621379e-06
7.66676718621379e-06
7.66676718621379e-06
7.66676718621379e-06
7.6654778168797e-06
7.66676718621379e-06
7.66676718621379e-06
7.6654778168797e-06
7.65522539813964e-06
7.6565009033865e-06
7.65522539813964e-06
7.65522539813964e-06
7.65522539813964e-06
7.6565009033865e-06
7.6565009033865e-06
7.6565009033865e-06
7.63504852873652e-06
7.63629696832592e-06
7.63629696832592e-06
7.63629696832592e-06
7.63629696832592e-06
7.63629696832592e-06
7.63629696832592e-06
7.6263558281394e-06
7.6263558281394e-06
7.60678675730291e-06
7.60678675730291e-06
7.60678675730291e-06
7.60678675730291e-06
7.60678675730291e-06
7.60678675730291e-06
7.60678675730291e-06
7.60678675730291e-06
7.60678675730291e-06
7.60678675730291e-06
7.60708936248802e-06
7.60804904528596e-06
7.60678675730291e-06
7.60678675730291e-06
7.60678675730291e-06
7.60678675730291e-06
7.60678675730291e-06
7.60678675730291e-06
7.60678675730291e-06
7.60678675730291e-06
7.60678675730291e-06
7.60678675730291e-06
7.60678675730291e-06
7.60678675730291e-06
7.60678675730291e-06
7.60678675730291e-06
7.60678675730291e-06
7.60678675730291e-06
7.60678675730291e-06
