0.000341938792956061
0.000341938792956061
0.000341938792956061
0.000341938792956061
0.000341938792956061
0.000341938792956061
0.000341938792956061
0.000341938792956061
0.000341938792956061
0.000341938792956061
0.000341938792956061
0.000341938792956061
0.000341938792956061
0.000341938792956061
0.000341938792956061
0.000341938792956061
0.000341938792956061
0.000341938792956061
0.000341938792956061
0.000341938792956061
0.000341938792956061
0.000341938792956061
0.000341938792956061
0.000341938792956061
0.000341938792956061
0.000341938792956061
0.000341938792956061
0.000341938792956061
0.000341938792956061
0.000341938792956061
0.000341938792956061
0.000341938792956061
0.000341938792956061
0.000341938792956061
0.000341938792956061
0.000341938792956061
0.000341938792956061
0.000341938792956061
0.000341938792956061
0.000341938813483231
0.000341938813483231
0.000341938792956061
0.000341938792956061
0.000341938792956061
0.000341938792956061
0.000341938792956061
0.000341938792956061
0.000341938792956061
0.000341938792956061
0.000341938792956061
0.000341940127439767
0.000341938813483231
0.000341938792956061
0.000341938792956061
0.000341938813483231
0.000341938792956061
0.000341938792956061
0.000341938792956061
0.000341938792956061
0.000341938792956061
0.000341938792956061
0.000341938792956061
0.000341938792956061
0.000341938792956061
0.000341938792956061
0.000341938792956061
0.000341938792956061
0.000341938792956061
0.000341938792956061
0.000341938792956061
0.000341938792956061
0.000341938792956061
0.000341938792956061
0.000341938792956061
0.000341938792956061
0.000341938792956061
0.000341938792956061
0.000341938792956061
0.000342035165699043
0.000341938792956061
0.000341938792956061
0.000341938792956061
0.000341938792956061
0.000341938792956061
0.000341938792956061
0.000341938792956061
0.000341938792956061
0.000341938792956061
0.000341938792956061
0.000341938792956061
0.000341938792956061
0.000341938792956061
0.000341938792956061
0.000341938792956061
0.000341938792956061
0.000341938792956061
