0.000153682656117671
0.000153682656117671
0.000153682656117671
0.000153682656117671
0.000153682656117671
0.000153682656117671
0.0001536833135455
0.0001536833135455
0.000153682984803473
0.000153682656117671
0.000153682656117671
0.000153682656117671
0.000153682327488078
0.00015368199891468
0.00015368199891468
0.00015368199891468
0.00015368199891468
0.00015368199891468
0.00015368199891468
0.00015368199891468
0.00015368199891468
0.00015368199891468
0.00015368199891468
0.000153682327488078
0.000153682327488078
0.000153682327488078
0.000153682327488078
0.000153682327488078
0.000153682327488078
0.000153682327488078
0.000153682327488078
0.000153682327488078
0.000153682327488078
0.000153682656117671
0.000153655166445745
0.000153655166445745
0.000153655166445745
0.000153655166445745
0.000153655166445745
0.000153655166445745
0.000153655166445745
0.000153655166445745
0.000153613653585577
0.000153613324955983
0.000153613324955983
0.000153612996382586
0.000153607838905249
0.000153612996382586
0.000153612996382586
0.00015360849610824
0.00015356748643328
0.000153572588454267
0.00015356748643328
0.00015356748643328
0.00015356748643328
0.00015357291714007
0.00015357291714007
0.00015357291714007
0.00015348710764147
0.000153492101399828
0.000153492101399828
0.000153492101399828
0.000153492430141854
0.000153492430141854
0.000153492430141854
0.000153452665581108
0.000153452665581108
0.000153374389297762
0.000153374389297762
0.000153374389297762
0.000153374389297762
0.000153374389297762
0.000153374389297762
0.000153374389297762
0.000153374389297762
0.000153374389297762
0.000153374389297762
0.000153375599718503
0.000153415908019363
0.000153374060555736
0.000153374060555736
0.000153373074666942
0.000153373074666942
0.000153373074666942
0.000153372746149725
0.000153372746149725
0.000153372746149725
0.000153372746149725
0.000153372746149725
0.000153373074666942
0.000153374389297762
0.000153374389297762
0.000153374389297762
0.000153374389297762
0.000153374389297762
0.000153374389297762
