0.0082949392457436
0.0082949392457436
0.0082949392457436
0.0082949392457436
0.0082949392457436
0.0082949392457436
0.00823927796752343
0.00823831721890811
0.00829784722175824
0.00829782239560206
0.00829592060464846
0.00884915067413234
0.00883376355512155
0.00883181200138331
0.00883181200138331
0.00883183121488452
0.00883279196349984
0.00883183121488452
0.00883183121488452
0.00883183121488452
0.00883183121488452
0.00883183121488452
0.00883183121488452
0.00883185602793725
0.00883185602793725
0.00883183681443604
0.00883158158999246
0.00883062084137714
0.00883062084137714
0.00883062084137714
0.00860438631143318
0.00860438631143318
0.00883066685345989
0.00883069167306291
0.00883004761767163
0.00883004761767163
0.00860381308772767
0.00872675737283547
0.00895299190277943
0.00898956660232382
0.00898378055929381
0.00874985543837593
0.00875690188585502
0.00898311159619596
0.00898311159619596
0.00898308678314323
0.00897917128018157
0.00877414129329255
0.00869282936793474
0.00687825684443152
0.00691806038498528
0.00678640829803307
0.00679256740741171
0.00902167986563707
0.0088065117758349
0.00870534608087599
0.00891015477398946
0.00891015477398946
0.00896176084308125
0.00813921260307822
0.00820356748425391
0.00819300171336455
0.00814019818440574
0.00813923743579042
0.00813923743579042
0.00820302567197548
0.00842917195787722
0.0082019102349378
0.00820192304601402
0.00813755535376211
0.00813755535376211
0.00813756816483833
0.00814525218265756
0.00813756816483833
0.00820959425275704
0.0082019102349378
0.0082019102349378
0.00820192748343335
0.00820039760346485
0.00819804339331599
0.00814137252995953
0.00805564790002762
0.00814833174292676
0.00813361405332837
0.00813358924682307
0.00817681225763259
0.00824116713880828
0.00819794412799876
0.00819794412799876
0.00815474411677961
0.00819806822602818
0.008185581450684
0.00813371334485249
0.00801076905974469
0.00807512394092039
0.00801076905974469
