0.0072212202177959
0.0072212202177959
0.0072212202177959
0.0072212202177959
0.0072212202177959
0.0072212202177959
0.00722125951992549
0.00722125951992549
0.00722123986613819
0.0072212202177959
0.00721355002021438
0.00722314122225071
0.00719815017926132
0.00719812888397881
0.00719812888397881
0.00719814270421652
0.00719814270421652
0.00719814270421652
0.00719814270421652
0.00719814270421652
0.00719814270421652
0.00719814270421652
0.00719814270421652
0.00719816234167617
0.00719816234167617
0.00719814852143846
0.00719727387415048
0.00719727387415048
0.00719727387415048
0.00719727387415048
0.00719727387415048
0.00719727387415048
0.00719727387415048
0.00719729351705021
0.00719686334554759
0.00719686334554759
0.00719686334554759
0.00719686334554759
0.00707368710338884
0.00698734274112946
0.00717582037546742
0.00718341236912116
0.00718682887121405
0.00718680922831432
0.00718680922831432
0.00718678959085467
0.00718673672671197
0.00718678959085467
0.00718678959085467
0.00718677600707135
0.00718664157375971
0.00718213064009669
0.00718643242435955
0.00718630801140989
0.0071863757232221
0.00718630700176939
0.00718630700176939
0.00718630700176939
0.00718542745440874
0.00719700466716076
0.00719700466716076
0.00719700466716076
0.00719702432094807
0.00719702432094807
0.00719702432094807
0.00719661673420042
0.00719661673420042
0.00719581440229612
0.00719581440229612
0.00719581440229612
0.00719581440229612
0.00719581440229612
0.00719581440229612
0.00719581440229612
0.00719581440229612
0.00719581440229612
0.00719581440229612
0.00719582680910871
0.00719761279283856
0.00719579474850882
0.00719579474850882
0.00719573581980715
0.00719573581980715
0.00719573581980715
0.00719571618778513
0.00719571618778513
0.00719571618778513
0.00719571618778513
0.00719571618778513
0.00719573581980715
0.00720349842011536
0.00720349842011536
0.00720349842011536
0.00720349842011536
0.00720349842011536
0.00720349842011536
