0.00242660098568109
0.00242660098568109
0.00242660098568109
0.00242660098568109
0.00242660098568109
0.00242660098568109
0.00242660098568109
0.00242660098568109
0.00242660098568109
0.00242660098568109
0.00242660469354974
0.00242660098568109
0.00242660469354974
0.00242660098568109
0.00242660098568109
0.00242660469354974
0.00242660469354974
0.00242660469354974
0.00242660469354974
0.00242660469354974
0.00242660469354974
0.00242660469354974
0.00242660469354974
0.00242660469354974
0.00242660469354974
0.00242660098568109
0.00242636632421358
0.00242636632421358
0.00242636632421358
0.00242636632421358
0.00242636632421358
0.00242636632421358
0.00242636632421358
0.00242636632421358
0.00242632650894482
0.00242632650894482
0.00242632650894482
0.00242632650894482
0.00242632650894482
0.00242634096988511
0.00242634096988511
0.00242632650894482
0.00242632650894482
0.00242632650894482
0.00242632650894482
0.00242632650894482
0.00242632650894482
0.00242632650894482
0.00242632650894482
0.00242632650894482
0.0024264061506634
0.00242638645815233
0.00242635545063152
0.00242634096988511
0.0024263554308254
0.00242632650894482
0.00242632650894482
0.00242632650894482
0.00242632650894482
0.00242632650894482
0.00242632650894482
0.00242632650894482
0.00242632650894482
0.00242632650894482
0.00242632650894482
0.00242632650894482
0.00242632650894482
0.00242632650894482
0.00242632650894482
0.00242632650894482
0.00242632650894482
0.00242632650894482
0.00242632650894482
0.00242632650894482
0.00242632650894482
0.00242632650894482
0.00242632650894482
0.00242632650894482
0.00242697314920667
0.00242632650894482
0.00242632650894482
0.00242632650894482
0.00242632650894482
0.00242632650894482
0.00242632650894482
0.00242632650894482
0.00242632650894482
0.00242632650894482
0.00242632650894482
0.00242632650894482
0.00242632650894482
0.00242632650894482
0.00242632650894482
0.00242632650894482
0.00242632650894482
0.00242632650894482
