0.0326065469946306
0.0326065469946306
0.0326065469946306
0.0326065469946306
0.0326065469946306
0.0326065469946306
0.0326614569794049
0.0326614569794049
0.0326066270486078
0.0326680191371845
0.03266805655295
0.0328120944712952
0.0325795856584194
0.0325794928780363
0.0325180207354824
0.0325180581512479
0.0325180581512479
0.0326595742505659
0.0326595742505659
0.0326595742505659
0.0326595742505659
0.0326595742505659
0.0326595742505659
0.0326596546794438
0.0326596546794438
0.0326596172636783
0.0326572493161425
0.0326572493161425
0.0326572493161425
0.0326572493161425
0.032858962175535
0.032858962175535
0.0326659795335879
0.0326737439982599
0.0326648099187764
0.0326648099187764
0.0328559570072795
0.0329789012923873
0.0327483733661727
0.0327333517796593
0.0327659660860121
0.0329713027255789
0.0329700652926984
0.0327682719864531
0.0327682719864531
0.0327681915575753
0.0327559747760438
0.0330832436798015
0.0333519636019978
0.0347379757430195
0.0347872127767727
0.0346287115214573
0.0346397077590803
0.0328179301512798
0.0329219933628664
0.0329716928307647
0.0329255833033151
0.0329255833033151
0.0328469256934586
0.0331974113603803
0.0331433018362969
0.0331519466027315
0.0331981321780215
0.0331981321780215
0.0331981321780215
0.0331518838748332
0.0329405659931667
0.0332015788282502
0.0332016001800439
0.033194856544598
0.0332563286871519
0.0332563500389456
0.033073212268257
0.033181430865208
0.0330799132001155
0.0331881317970666
0.0332323148995272
0.0332323484887027
0.0332083916714187
0.0332360764256138
0.0332850632711511
0.0332198284804385
0.033121854789364
0.0333097949884984
0.0332895440308132
0.0330731939911235
0.0329550509852132
0.0332030975984072
0.0332030975984072
0.033290585929502
0.0332111838505243
0.0332524856926906
0.0332966697807029
0.0331746864907247
0.0331189756366934
0.0331737254955951
