0.000683877585912122
0.000683877585912122
0.000683877585912122
0.000683877585912122
0.000683877585912122
0.000683877585912122
0.000683877585912122
0.000683877585912122
0.000683877585912122
0.000683877585912122
0.000683877585912122
0.000683877585912122
0.000683877585912122
0.000683877585912122
0.000683877585912122
0.000683877585912122
0.000683877585912122
0.000683877585912122
0.000683877585912122
0.000683877585912122
0.000683877585912122
0.000683877585912122
0.000683877585912122
0.000683877585912122
0.000683877585912122
0.000683877585912122
0.000683877585912122
0.000683877585912122
0.000683877585912122
0.000683877585912122
0.000683877585912122
0.000683877585912122
0.000683877585912122
0.000683877585912122
0.000683877585912122
0.000683877585912122
0.000683877585912122
0.000683877585912122
0.000683877585912122
0.000683878940922998
0.000683878940922998
0.000683877585912122
0.000683877585912122
0.000683877585912122
0.000683877585912122
0.000683877585912122
0.000683877585912122
0.000683877585912122
0.000683877585912122
0.000683877585912122
0.000683881568836069
0.000683878940922998
0.000683877626966463
0.000683877626966463
0.000683878940922998
0.000683877585912122
0.000683877585912122
0.000683877585912122
0.000683877585912122
0.000683877585912122
0.000683877585912122
0.000683877585912122
0.000683877585912122
0.000683877585912122
0.000683877585912122
0.000683877585912122
0.000683877585912122
0.000683877585912122
0.000683877585912122
0.000683877585912122
0.000683877585912122
0.000683877585912122
0.000683877585912122
0.000683877585912122
0.000683877585912122
0.000683877585912122
0.000683877585912122
0.000683877585912122
0.000684072959760603
0.000683877585912122
0.000683877585912122
0.000683877585912122
0.000683877585912122
0.000683877585912122
0.000683877585912122
0.000683877585912122
0.000683877585912122
0.000683877585912122
0.000683877585912122
0.000683877585912122
0.000683877585912122
0.000683877585912122
0.000683877585912122
0.000683877585912122
0.000683877585912122
0.000683877585912122
