3.64990846413773e-05
3.64990846413773e-05
3.64990846413773e-05
3.64990846413773e-05
3.64990846413773e-05
3.64990846413773e-05
3.64990846413773e-05
3.64990846413773e-05
3.64990846413773e-05
3.64990846413773e-05
3.4578080186568e-05
3.64990846413773e-05
3.64990846413773e-05
3.4578080186568e-05
3.4578080186568e-05
3.4578080186568e-05
3.4578080186568e-05
3.4578080186568e-05
3.4578080186568e-05
3.4578080186568e-05
3.4578080186568e-05
3.4578080186568e-05
3.4578080186568e-05
3.4578080186568e-05
3.4578080186568e-05
3.4578080186568e-05
3.4578080186568e-05
3.4578080186568e-05
3.4578080186568e-05
3.4578080186568e-05
3.4578080186568e-05
3.4578080186568e-05
0
0
0
0
3.26570757317586e-05
3.26570757317586e-05
3.26570757317586e-05
3.26570757317586e-05
3.26570757317586e-05
3.26570757317586e-05
3.26570757317586e-05
3.26570757317586e-05
3.26570757317586e-05
3.26570757317586e-05
3.26570757317586e-05
3.26570757317586e-05
3.26570757317586e-05
3.26570757317586e-05
3.26570757317586e-05
3.26570757317586e-05
3.26570757317586e-05
3.4578080186568e-05
3.26570757317586e-05
3.26570757317586e-05
3.26570757317586e-05
3.26570757317586e-05
3.26570757317586e-05
3.26570757317586e-05
3.26570757317586e-05
3.26570757317586e-05
3.26570757317586e-05
3.26570757317586e-05
3.26570757317586e-05
3.26570757317586e-05
3.26570757317586e-05
3.26570757317586e-05
3.26570757317586e-05
3.26570757317586e-05
3.26570757317586e-05
3.26570757317586e-05
3.26570757317586e-05
3.26570757317586e-05
3.26570757317586e-05
3.26570757317586e-05
3.26570757317586e-05
3.26570757317586e-05
3.26643037286811e-05
3.26570757317586e-05
3.26570757317586e-05
3.26570757317586e-05
3.26570757317586e-05
3.26570757317586e-05
3.26570757317586e-05
3.26570757317586e-05
3.26570757317586e-05
3.26570757317586e-05
3.26570757317586e-05
3.26570757317586e-05
3.26570757317586e-05
3.26570757317586e-05
3.26570757317586e-05
3.26570757317586e-05
3.26570757317586e-05
3.26570757317586e-05
