0.128732507384397
0.128732507384397
0.128732507384397
0.128732507384397
0.128732396970717
0.128732350591013
0.128732304211492
0.128732304211492
0.128732304211492
0.128732304211492
0.128732304211492
0.128732056926213
0.128732115426771
0.128732115426771
0.128732115426771
0.128732115426771
0.128732115426771
0.128732115426771
0.128732115426771
0.128732115426771
0.128732115426771
0.128732115426771
0.128732115426771
0.128732115426771
0.128732115426771
0.128732115426771
0.128732115426771
0.128732115426771
0.128732115426771
0.128732115426771
0.128732115426771
0.128732115426771
0.128732115426771
0.128732115426771
0.128732115426771
0.128732115426771
0.128732115426771
0.128732115426771
0.128732115426771
0.128732115426771
0.128732115426771
0.128732038138977
0.128732007223973
0.128731976309117
0.128731960841016
0.128731960841016
0.128731868107239
0.128731868107239
0.128731806283364
0.128731806283364
0.128731698082701
0.128731698082701
0.128731698082701
0.128731698082701
0.128731667173829
0.128731667173829
0.128731667173829
0.128731667173829
0.128731667173829
0.128731667173829
0.128731667173829
0.128731667173829
0.128731667173829
0.128731636265105
0.128731636265105
0.128730738819691
0.128730219266816
0.128730183160784
0.128730183160784
0.128730152252171
0.128730152252171
0.128730090262376
0.128721953634234
0.128716116944994
0.128715746126714
0.128715746126714
0.128714409407135
0.128718229702406
0.128718229702406
0.128718229702406
0.128718229702406
0.128718229702406
0.128718229702406
0.128718229702406
0.128718229702406
0.128718229702406
0.128718229702406
0.128718229702406
0.128718229702406
0.128717982524755
0.128717982524755
0.128717982524755
0.128717982524755
0.128717982524755
0.12871795162821
0.12871795162821