0.369791666666667
0.369791666666667
0.369791666666667
0.369791666666667
0.369791666666667
0.369791666666667
0.369791666666667
0.369791666666667
0.369791666666667
0.369791666666667
0.369791666666667
0.369791666666667
0.369791666666667
0.369791666666667
0.369791666666667
0.369791666666667
0.369791666666667
0.369791666666667
0.369791666666667
0.369791666666667
0.369791666666667
0.369791666666667
0.369791666666667
0.369791666666667
0.369791666666667
0.369791666666667
0.369791666666667
0.369791666666667
0.369791666666667
0.369791666666667
0.369791666666667
0.369791666666667
0.369791666666667
0.369791666666667
0.369791666666667
0.369791666666667
0.369791666666667
0.369791666666667
0.369791666666667
0.369791666666667
0.369791666666667
0.369791666666667
0.369791666666667
0.369791666666667
0.369791666666667
0.369791666666667
0.369791666666667
0.369791666666667
0.369791666666667
0.369791666666667
0.375
0.375
0.375
0.375
0.375
0.375
0.375
0.375
0.375
0.375
0.375
0.375
0.375
0.375
0.375
0.375
0.375
0.375
0.375
0.369791666666667
0.369791666666667
0.369791666666667
0.375
0.375
0.375
0.375
0.375
0.375
0.375
0.375
0.375
0.375
0.375
0.375
0.375
0.375
0.375
0.375
0.375
0.375
0.375
0.375
0.375
0.375
0.375
0.375