0.807942818720805
0.992511321550998
0.812222918238242
0.837976365106443
0.837933359902814
0.837885792130552
0.839038939728896
0.839095875744514
0.839099769345465
0.83901913458866
0.838236392545067
0.838236392545067
0.838236392545067
0.838183778594679
0.838160722784002
0.838184732124765
0.838184732124765
0.838184732124765
0.838184732124765
0.838563430648508
0.83888242168674
0.839001716070289
0.839106567097966
0.839230954263977
0.83923780326751
0.839240675822691
0.839381785524805
0.839338679335171
0.839324584263242
0.839324584263242
0.839321262068726
0.839321262068726
0.839321262068726
0.839321262068726
0.839299426416754
0.838655072949222
0.838655072949222
0.838667022196507
0.838667045248535
0.838651349488545
0.838651349488545
0.838651349488545
0.838651349488545
0.838651349488545
0.838082206607087
0.838642547249343
0.838642547249343
0.838640118334554
0.838640118334554
0.838640118334554
0.838814656167628
0.838810594640033
0.838777510530624
0.838742058228213
0.837722530771098
0.837788015036011
0.837721998511832
0.837721998511832
0.837721998511832
0.835962375231426
0.834711229920907
0.834049280900676
0.832861934147323
0.832850991196468
0.832850991196468
0.833404734921169
0.9710181035591
0.971260642187049
0.971341688438578
0.971364416744747
0.971384936670416
0.971387158686325
0.971415249903803
0.970861869578884
0.970910745307174
0.970917612529689
0.970996468002816
0.971046792452129
0.971345476625308
0.971584698190459
0.971747557802611
0.971750997570892
0.971756693791331
0.971757058745666
0.971833102725268
0.971834309299618
0.971849980893663
0.971872431795283
0.97190468084735
0.97190468084735
0.971940646927392
0.972321659650648
0.972324524269819
0.972323301596566
0.972324586232735
0.972360277357777
