0.0198280379846886
0.0887341336751134
0.0201217449518031
0.0169692276350322
0.0169692276350322
0.0169692328613422
0.0169692328613422
0.0169633081446452
0.0169632712660452
0.0169632712660452
0.0169629777842656
0.0169629777842656
0.0169629777842656
0.0169552303104075
0.0169552250127718
0.0169552303104075
0.0169552303104075
0.0169552303104075
0.0169552303104075
0.0169132878308291
0.0168844290452227
0.0168784099191676
0.0168467432333797
0.0168372079721844
0.0168383545568053
0.0168369715435787
0.0168221335124809
0.0168221335124809
0.01682213855177
0.01682213855177
0.0168221375295563
0.0168221375295563
0.0168221375295563
0.0168223860226783
0.0168208962517275
0.0167746179042455
0.0167746041424216
0.0167737769582647
0.0167726705357811
0.0167568131686754
0.0167568131686754
0.0167568131686754
0.0167568131686754
0.0167568131686754
0.0167568131686754
0.0155839506049948
0.0155839506049948
0.0155825436353419
0.0155817149454569
0.0155817149454569
0.0155479364454142
0.015547941824921
0.0155479856449334
0.0167171989871372
0.0167171989871372
0.0167224331452916
0.0167225187698365
0.0167209225219089
0.0167204327696337
0.0165841906021284
0.0164676482182163
0.0164427529626136
0.0163437992412502
0.0163443349931274
0.0163384095756657
0.0161549532203668
0.062032977187037
0.0617595016825688
0.061707174297733
0.061699698978789
0.0617103542993684
0.0617025057799364
0.0616104584653693
0.0616134668537789
0.061586217173181
0.0616270240389436
0.0616026846168174
0.0615504856529126
0.0613951323905255
0.0615784632949326
0.062166863978808
0.0621491494115848
0.0621119124232945
0.0621106009980261
0.0620696798747419
0.0620657843632716
0.0620564947836039
0.0620482738184975
0.0620363716751188
0.0620363716751188
0.0621215002848954
0.0621215002848954
0.0622166111601115
0.0622165580661891
0.0622168643185197
0.0632142820313002
