0.700183994866296
0.700183008518541
0.700183069892976
0.700183069892976
0.700183069892976
0.700183081094754
0.700170959733223
0.700169526244906
0.70016844879093
0.70016844879093
0.700257314476001
0.68981975207482
0.689714967433179
0.689763532206697
0.689951433588118
0.689866084865768
0.68986689205184
0.556699113286362
0.556980345759677
0.55609134563526
0.554659338712851
0.553741498575412
0.552674519102323
0.552135064640887
0.551578582662473
0.551376155219082
0.551391994247145
0.550744990457644
0.550555530562522
0.550704088596552
0.550331868001182
0.549916568886947
0.549946573121452
0.55001145778816
0.550828966132989
0.551561003363674
0.551581105143579
0.551582196508532
0.551522320290924
0.551522320290924
0.551529998641085
0.550965125956015
0.551411721181282
0.551472312613677
0.551515292193398
0.550761485750172
0.549782059138253
0.549781952140925
0.549799180658725
0.549709435745839
0.549914392265877
0.549875774591818
0.549677890856353
0.55036938179346
0.550460661948029
0.550480226696739
0.550504198157869
0.550492659031076
0.549428056927307
0.556901095473132
0.556973697330045
0.561510844870749
0.55710960132515
0.556937859982459
0.556567636235652
0.556310499777655
0.556314297226974
0.55586055806645
0.555857739747675
0.555852799286046
0.555909310842994
0.556310776917949
0.556639998229597
0.556623014721581
0.556326710689808
0.556685723713508
0.556275568137112
0.556326268500263
0.556188361000878
0.556188361000878
0.556219653363713
0.556261473739119
0.556038918355364
0.556086928569944
0.556087318410707
0.556094684708424
0.555943353640855
0.555770870740596
0.555097463312397
0.554598161445054
0.554579839989736
0.554579839989736
0.554461295937025
0.554464921385772
0.554403602551605
0.554403602551605
