0.299313371941643
0.299314463751272
0.299314463751272
0.299314463751272
0.299314463751272
0.299314463751272
0.299326576837541
0.299328200661829
0.299329278115805
0.299329278115805
0.299232081272758
0.309690480742976
0.309796008743998
0.309743603876049
0.309560757988831
0.309650579775989
0.309650163073166
0.302846964349258
0.302674237721297
0.302618213377218
0.302436857570351
0.302436857570351
0.30225804852164
0.302221324560587
0.302183187646247
0.302200941408528
0.302222559473605
0.30214129541025
0.302109583517773
0.302101734384754
0.302109451045881
0.302083380046684
0.302088747585653
0.302080921246345
0.30217542599602
0.302194978880211
0.30219490499213
0.30219642584156
0.302180029306625
0.302180029306625
0.302180029306625
0.302607572815364
0.302140448097731
0.302163730949799
0.302157382290723
0.302148903585006
0.302101393140469
0.302102142815238
0.302102481268263
0.302081718552324
0.301905855706515
0.302048572542366
0.302055651763011
0.301966719748703
0.301995637556088
0.301979548636282
0.302017810442158
0.30200828981685
0.301943234623466
0.293126851754541
0.293138086709824
0.287426040782156
0.292890092151648
0.293061422909499
0.293068029817099
0.29308371306785
0.292981388077853
0.292951992966539
0.292934235876593
0.292934778373337
0.292937970236479
0.29293354124395
0.292992356296804
0.292958766881606
0.292912375736955
0.292956379527886
0.292923598032051
0.292868656124703
0.292946244404184
0.292946244404184
0.292946275190437
0.29293879835781
0.292782076253673
0.292750043396341
0.292750818130546
0.292702357062958
0.29267541317354
0.292583828605504
0.292657710917235
0.292520823934139
0.292514910027359
0.292514910027359
0.292489156909787
0.29248250486617
0.292477997933529
0.292477997933529
