0.00100003590939103
0.000999753007111349
0.000999613068395113
0.000999613068395113
0.000999613068395113
0.00099957570393083
0.000999577629094729
0.000999230331656868
0.000999210378805469
0.000999210378805469
0.00101031858943936
0.00098700439507576
0.000974700586570513
0.000974524866559597
0.000964147271568734
0.000954792489504378
0.000954173362225793
0.000959422369312649
0.000954099856282471
0.000946655430316661
0.000945345087445943
0.000945314647922577
0.000935910702364376
0.000927504422670729
0.000919607914529166
0.000918791716147617
0.000918639075012442
0.000911358660886095
0.000908449950969248
0.000907729495627973
0.00090484150975894
0.000899501237624795
0.000899155548331342
0.000898709341532636
0.000893347369212011
0.000892247695631042
0.00089218650659951
0.000891577374735697
0.000891497293213926
0.000891497293213926
0.000891229539663677
0.000881707416220126
0.00089037526263022
0.000756338519884741
0.000890181751694781
0.000889670924099121
0.000881376503454108
0.000881357361190375
0.000881232856768801
0.000879828762967514
0.00087651915656793
0.000861311584057204
0.000860103535561517
0.000856212284209132
0.000856944304197475
0.000856718353090263
0.000846190668197629
0.00084515265049347
0.000834390021793424
0.000845643265635885
0.000844989198546447
0.000847369159948517
0.00083779156650952
0.000844897786979252
0.000839915332790237
0.000835989052292759
0.000832608873958617
0.00082447438848213
0.000824480878283867
0.000824541223511721
0.000824072133691622
0.000814044379974291
0.00080180806077984
0.000800305510458623
0.000794044961228784
0.000792141185327261
0.000794227409339667
0.000804784917186423
0.000793641182729607
0.000793641182729607
0.000793391634012919
0.000793138349416495
0.00079260805995967
0.000791668653264638
0.000791644070919733
0.000791446820802967
0.000790061420747106
0.000787991211627658
0.000785379442261757
0.000784503730529907
0.000784488367707831
0.000784506118792667
0.000780994106736623
0.000780959472303639
0.00078068269742207
0.00078068269742207
