0
0
0
0
0
0
0
0
0
0
0
0
0
0
0
0
0
0
0
0
0
0
0
0
0
0
0
0
0
0
0
0
0
0
0
0
0
0
0
0
0
0
0
0
0
0
0
0
0
0
0
0
0
0
0
0
0
0
0
0
0
0
3.22277139482254e-05
2.7518596154353e-05
2.73934659876873e-05
2.72932002103153e-05
2.71413568532606e-05
2.68883031079437e-05
2.68883031079437e-05
2.68883031079437e-05
2.68883031079437e-05
2.65474093694368e-05
2.60055865454018e-05
2.59763584093895e-05
2.5675824311718e-05
2.56295114162326e-05
2.56999756444829e-05
2.56999756444829e-05
2.56999756444829e-05
2.56999756444829e-05
2.56999756444829e-05
2.56969861072471e-05
2.56340989663928e-05
2.56340989663928e-05
2.56340989663928e-05
2.56340989663928e-05
2.56242187065653e-05
2.55372209530862e-05
2.54873501494947e-05
2.54410142343499e-05
2.54386068431448e-05
2.54386068431448e-05
2.53084118356759e-05
2.53084118356759e-05
2.53084118356759e-05
2.53084118356759e-05
