0.000796901288001405
0.000796901288001405
0.000796901288001405
0.000796901288001405
0.000796901288001405
0.000796901288001405
0.000796901288001405
0.000796901288001405
0.000796901288001405
0.000796901288001405
0.000796901288001405
0.00078556743580343
0.00078556743580343
0.000774611092113347
0.000764013668065261
0.000752901600340019
0.000753757776710739
0.0010815538173298
0.0010815538173298
0.00106902922026772
0.00106902922026772
0.00106902922026772
0.00105221843558821
0.0010405208610055
0.00102913772354918
0.00102913772354918
0.00102913772354918
0.00101805588542612
0.00101494004444448
0.00101740098033291
0.00100939899743765
0.00100152073523589
0.00100152073523589
0.00100152073523589
0.000993203628573144
0.000993203628573144
0.000993203628573144
0.000993203628573144
0.000993203628573144
0.000993203628573144
0.000993203628573144
0.0005299365585645
0.000992616041211446
0.00099604038117313
0.000983404354344318
0.000983404354344318
0.000982469936636209
0.000982469936636209
0.000982469936636209
0.000982450982913817
0.000977633238110761
0.000953581921299014
0.000953581921299014
0.000952766625645838
0.000953618288328944
0.000953618288328944
0.000939531255991897
0.000941078850583112
0.000921607397521273
0.000923441288285243
0.000923441288285243
0.000923441288285243
0.000928032076867952
0.000932741194661824
0.00092667691925016
0.000921916687098092
0.00091714022939707
0.000906749047265376
0.000906757421096222
0.000906753695606787
0.000906751835135558
0.00089000040980166
0.000876834451541181
0.000876316874623574
0.000871053834147655
0.000868926859935545
0.000871053834147655
0.000871053834147655
0.000871053834147655
0.000871053834147655
0.000871053834147655
0.000871053834147655
0.000871053834147655
0.000871053834147655
0.000871053834147655
0.000871053834147655
0.000870832592694011
0.000869268716912743
0.000866202646902601
0.000858612379725201
0.000858601408634223
0.000858601408634223
0.000856000802164334
0.000863560738282874
0.000863560738282874
0.000863560738282874
