0.000279140863453853
0.000279067811415106
0.000279011835928612
0.000279011835928612
0.000279011835928612
0.000278980236415187
0.000278985753256514
0.000278858862609428
0.000278858862609428
0.000278858862609428
0.000284412967926373
0.000270340816312312
0.000269869162881123
0.000272409368894246
0.000269371862738832
0.000266504257947936
0.000266230415093732
0.0688475110676489
0.0682487409896445
0.0684410705565771
0.0696214499942844
0.0705405592134074
0.0710274233934556
0.0709002913480534
0.0708763309617392
0.0708959647502836
0.0708841317009945
0.0708166533758065
0.0707684067981255
0.0707477897684373
0.0707721129827095
0.0707443394351777
0.0707132769980617
0.0706595061326477
0.070251849458719
0.0695830156848671
0.069568132485036
0.0695390682572226
0.069618028662875
0.069618028662875
0.0696136161418942
0.0695535588037321
0.0695372699539654
0.0695589277163886
0.0695227963847529
0.0702986950493814
0.0703649243726675
0.0703644239000119
0.0703513724201265
0.0703509985764524
0.0701311847773715
0.0701575339685256
0.0701581004445426
0.0697380107255769
0.0696685959389425
0.069715176293874
0.0694087654480742
0.0694009044045002
0.0693496243861599
0.0703587807805602
0.0703012546495217
0.0715101675232459
0.0704870775279714
0.070487517809047
0.0704579395057389
0.0704305933751131
0.0699521115371432
0.0701884288893305
0.0701929987286045
0.0701964354443678
0.0701492724536007
0.0697209174921458
0.0697144907102101
0.069641589877754
0.0695495416153135
0.0693873093737995
0.0695856678438625
0.0695813345476281
0.0695593398121435
0.0695593398121435
0.0695321066799941
0.0695026664276803
0.0692705719547498
0.0692129802617254
0.0692120855707603
0.0692036037855116
0.0690463924705206
0.0690563736384709
0.0692718249049482
0.0699864392312317
0.0700134802743282
0.0700134873747621
0.06994094033647
0.0699379726213124
0.0700043456935982
0.0700043456935982
