0.130960257739291
0.130960257739291
0.130960257739291
0.128733340987463
0.128733340987463
0.128733340987463
0.128733340987463
0.128733340987463
0.128733340987463
0.128733340987463
0.128733340987463
0.128733340987463
0.128733340987463
0.128733340987463
0.128733340987463
0.128733340987463
0.128733340987463
0.128733340987463
0.128733340987463
0.128733340987463
0.128733340987463
0.128733340987463
0.128733340987463
0.128733340987463
0.128733340987463
0.128733340987463
0.128733340987463
0.128733340987463
0.128733340987463
0.128733340987463
0.128733340987463
0.128733340987463
0.128733340987463
0.128733340987463
0.128733340987463
0.128733340987463
0.128733340987463
0.128733340987463
0.128733340987463
0.128733340987463
0.128733340987463
0.128733340987463
0.128733340987463
0.128733340987463
0.128733340987463
0.128733340987463
0.128733340987463
0.128733340987463
0.128733340987463
0.128733340987463
0.128733340987463
0.128733340987463
0.128733340987463
0.128733340987463
0.128733340987463
0.128733340987463
0.128733340987463
0.128733340987463
0.128733340987463
0.128733340987463
0.128733340987463
0.128733340987463
0.128733340987463
0.128733340987463
0.128733340987463
0.128733340987463
0.128733340987463
0.128733340987463
0.128733340987463
0.128733340987463
0.128733340987463
0.128733340987463
0.128733340987463
0.128733340987463
0.128733340987463
0.128733340987463
0.128733340987463
0.128733340987463
0.128733340987463
0.128733340987463
0.128733340987463
0.128733340987463
0.128733340987463
0.128733340987463
0.128733340987463
0.128733340987463
0.128733340987463
0.128733340987463
0.128733340987463
0.128733340987463
0.128733340987463
0.128733340987463
0.128733340987463
0.128733340987463
0.128733340987463
0.128733340987463