0.0319467741484274
0.0319467741482259
0.0319467741482259
0.0313861073305598
0.0313861073305598
0.0313861073305598
0.0313861073305598
0.0313861073305598
0.0313861073305598
0.0313861073305598
0.0313861073305598
0.0313861073305598
0.0313861073305598
0.0313861073305598
0.0313861073305598
0.0313861073305598
0.0313861073305598
0.0313861073305598
0.0313861073305598
0.0313861073305598
0.0313861073305598
0.0313861073305598
0.0313861073305598
0.0313861073305598
0.0313861073305598
0.0313861073305598
0.0313861073305598
0.0313861073305598
0.0313861073305598
0.0313861073305598
0.0313861073305598
0.0313861073305598
0.0313861073305598
0.0313861073305598
0.0313861073305598
0.0313861073305598
0.0313861073305598
0.0313861073305598
0.0313861073305598
0.0313861073305598
0.0313861073305598
0.0313861073305598
0.0313861073305598
0.0313861073305598
0.0313861073305598
0.0313861073305598
0.0313861073305598
0.0313861073305598
0.0313861073305598
0.0313861073305598
0.0313861073305598
0.0313861073305598
0.0313861073305598
0.0313861073305598
0.0313861073305598
0.0313861073305598
0.0313861073305598
0.0313861073305598
0.0313861073305598
0.0313861073305598
0.0313861073305598
0.0313861073305598
0.0313861073305598
0.0313861073305598
0.0313861073305598
0.0313861073305598
0.0313861073305598
0.0313861073305598
0.0313861073305598
0.0313861073305598
0.0313861073305598
0.0313861073305598
0.0313861073305598
0.0313861073305598
0.0313861073305598
0.0313861073305598
0.0313861073305598
0.0313861073305598
0.0313861073305598
0.0313861073305598
0.0313861073305598
0.0313861073305598
0.0313861073305598
0.0313861073305598
0.0313861073305598
0.0313861073305598
0.0313861073305598
0.0313861073305598
0.0313861073305598
0.0313861073305598
0.0313861073305598
0.0313861073305598
0.0313861073305598
0.0313861073305598
0.0313861073305598
0.0313861073305598