0.00143372340160418
0.00143372340160418
0.00143372340160418
0.00143372340160418
0.00143372340160418
0.00143372340160418
0.00143372340160418
0.00143372340160418
0.00143372340160418
0.00143372340160418
0.00143372340160418
0.00143372340160418
0.00143372340160418
0.00143372340160418
0.00143372340160418
0.00143372340160418
0.00143372340160418
0.00143372340160418
0.00143372340160418
0.00143372340160418
0.00143372340160418
0.00143372340160418
0.00143372340160418
0.00143372340160418
0.00143372340160418
0.00143372340160418
0.00143372340160418
0.00143378682876809
0.00143378682876809
0.00143378682876809
0.00143372340160418
0.00143372340160418
0.00143372340160418
0.00143372340160418
0.00143372340160418
0.00143372340160418
0.00143372340160418
0.00143372340160418
0.00143372340160418
0.00143372340160418
0.00143372340160418
0.00143372340160418
0.00143372340160418
0.00143372340160418
0.00143372340160418
0.00143372340160418
0.00143372340160418
0.00143372340160418
0.00143372340160418
0.00143372340160418
0.00143372340160418
0.00143372340160418
0.00143372340160418
0.00143372340160418
0.00143372340160418
0.00143372340160418
0.00143372340160418
0.00143372340160418
0.00143373922427007
0.00143373922427007
0.00143377086960185
0.00143375504693596
0.00143372340160418
0.00143373922427007
0.00143373922427007
0.00143373922427007
0.00143372340160418
0.00143372340160418
0.00143373922427007
0.00143375506965336
0.00143375506965336
0.00143373922427007
0.00143372735514357
0.00143372340160418
0.00143372340160418
0.00143370757893829
0.00143370757893829
0.00143372340160418
0.00143372340160418
0.00143372340160418
0.00143370757893829
0.00143370757893829
0.00143372340160418
0.00143372340160418
0.00143373922427007
0.00143372340160418
0.00143372340160418
0.00143372340160418
0.00143372340160418
0.00143372340160418
0.00143372340160418
0.00143372340160418
0.00143372340160418
0.00143372340160418
0.00143372340160418
0.00143372340160418
