0.00143370757893829
0.00143370757893829
0.00143370757893829
0.00143370757893829
0.00143370757893829
0.00143370757893829
0.00143370757893829
0.00143370757893829
0.00143370757893829
0.00143370757893829
0.00143370757893829
0.00143370757893829
0.00143370757893829
0.00143370757893829
0.00143370757893829
0.00143370757893829
0.00143370757893829
0.00143370757893829
0.00143370757893829
0.00143370757893829
0.00143370757893829
0.00143370757893829
0.00143370757893829
0.00143370757893829
0.00143370757893829
0.00143370757893829
0.00143370757893829
0.00143370757893829
0.00143370757893829
0.0014336917562724
0.0014336917562724
0.00143370757893829
0.00143370757893829
0.00143370757893829
0.00143370757893829
0.00143370757893829
0.00143370757893829
0.00143370757893829
0.00143370757893829
0.00143370757893829
0.00143370757893829
0.00143370757893829
0.00143370757893829
0.00143370757893829
0.00143370757893829
0.00143370757893829
0.00143370757893829
0.00143370757893829
0.00143370757893829
0.00143370757893829
0.00143370757893829
0.00143370757893829
0.00143370757893829
0.00143370757893829
0.00143370757893829
0.00143370757893829
0.00143370757893829
0.00143370757893829
0.00143372340160418
0.00143372340160418
0.00143375504693596
0.00143373922427007
0.00143388288584491
0.00143372340160418
0.00143372340160418
0.00143372340160418
0.00143370757893829
0.00143370757893829
0.00143372340160418
0.00143373924698747
0.00143370757893829
0.00143370757893829
0.0014336917562724
0.0014336917562724
0.0014336917562724
0.0014336917562724
0.0014336917562724
0.0014336917562724
0.0014336917562724
0.0014336917562724
0.0014336917562724
0.0014336917562724
0.0014336917562724
0.0014336917562724
0.00143370757893829
0.0014336917562724
0.0014336917562724
0.0014336917562724
0.0014336917562724
0.0014336917562724
0.0014336917562724
0.0014336917562724
0.0014336917562724
0.0014336917562724
0.0014336917562724
0.0014336917562724
