0.000606561896884478
0.000606561896884478
0.000606561896884478
0.000606561896884478
0.000606561896884478
0.000606561896884478
0.000606561896884478
0.000606561896884478
0.000606561896884478
0.000606561896884478
0.000606561896884478
0.000606561896884478
0.000606561896884478
0.000606561896884478
0.000606561896884478
0.000606561896884478
0.000606561896884478
0.000606561896884478
0.000606561896884478
0.000606561896884478
0.000606561896884478
0.000606561896884478
0.000606561896884478
0.000606561896884478
0.000606561896884478
0.000606561896884478
0.000606561896884478
0.000606561896884478
0.000606561896884478
0.000606561896884478
0.000606561896884478
0.000606561896884478
0.000606561896884478
0.000606561896884478
0.000606561896884478
0.000606561896884478
0.000606561896884478
0.000606561896884478
0.000606561896884478
0.000606561896884478
0.000606561896884478
0.000606561896884478
0.000606561896884478
0.000606561896884478
0.000606561896884478
0.000606561896884478
0.000606561896884478
0.000606561896884478
0.000606561896884478
0.000606561896884478
0.000606561896884478
0.000606561896884478
0.000606561896884478
0.000606561896884478
0.000606561896884478
0.000606561896884478
0.000606561896884478
0.000606561896884478
0.000606561896884478
0.000606561896884478
0.000606569808217422
0.000606561896884478
0.000606561896884478
0.000606561896884478
0.000606561896884478
0.000606561896884478
0.000606561896884478
0.000606561896884478
0.000606561896884478
0.000606561896884478
0.000606561896884478
0.000606561896884478
0.000606561896884478
0.000606561896884478
0.000606561896884478
0.000606561896884478
0.000606561896884478
0.000606561896884478
0.000606561896884478
0.000606561896884478
0.000606561896884478
0.000606561896884478
0.000606561896884478
0.000606561896884478
0.000606561896884478
0.000606561896884478
0.000606561896884478
0.000606561896884478
0.000606561896884478
0.000606561896884478
0.000606561896884478
0.000606561896884478
0.000606561896884478
0.000606561896884478
0.000606561896884478
0.000606561896884478