1.10283981251723e-05
1.10283981251723e-05
1.10283981251723e-05
1.10283981251723e-05
1.10283981251723e-05
1.10283981251723e-05
1.10283981251723e-05
1.10283981251723e-05
1.10283981251723e-05
1.10283981251723e-05
1.10283981251723e-05
1.10283981251723e-05
1.10283981251723e-05
1.10283981251723e-05
1.10283981251723e-05
1.10283981251723e-05
1.10283981251723e-05
1.10283981251723e-05
1.10283981251723e-05
1.10283981251723e-05
1.10283981251723e-05
1.10283981251723e-05
1.10283981251723e-05
1.10283981251723e-05
1.10283981251723e-05
1.10283981251723e-05
1.10283981251723e-05
1.10283981251723e-05
1.10283981251723e-05
1.10283981251723e-05
1.10283981251723e-05
1.10283981251723e-05
1.10283981251723e-05
1.10283981251723e-05
1.10283981251723e-05
1.10283981251723e-05
1.10283981251723e-05
1.10283981251723e-05
1.10283981251723e-05
1.10283981251723e-05
1.10283981251723e-05
1.10283981251723e-05
1.10283981251723e-05
1.10283981251723e-05
1.10283981251723e-05
1.10283981251723e-05
1.10283981251723e-05
1.10283981251723e-05
1.10283981251723e-05
1.10283981251723e-05
1.10283981251723e-05
1.10283981251723e-05
1.10283981251723e-05
1.10283981251723e-05
1.10283981251723e-05
1.10283981251723e-05
1.10283981251723e-05
1.10283981251723e-05
1.10283981251723e-05
1.10283981251723e-05
1.10283981251723e-05
3.3085194375517e-05
3.3085194375517e-05
3.3085194375517e-05
3.3085194375517e-05
3.3085194375517e-05
3.3085194375517e-05
3.3085194375517e-05
3.3085194375517e-05
3.3085194375517e-05
3.3085194375517e-05
3.3085194375517e-05
3.3085194375517e-05
3.3085194375517e-05
3.3085194375517e-05
3.3085194375517e-05
3.3085194375517e-05
3.3085194375517e-05
3.3085194375517e-05
3.3085194375517e-05
3.3085194375517e-05
3.3085194375517e-05
3.3085194375517e-05
3.3085194375517e-05
3.3085194375517e-05
3.3085194375517e-05
3.3085194375517e-05
3.3085194375517e-05
3.3085194375517e-05
3.3085194375517e-05
3.3085194375517e-05
3.3085194375517e-05
3.3085194375517e-05
3.3085194375517e-05
3.3085194375517e-05
3.3085194375517e-05
