0.00388882682532032
0.00388882682532032
0.00388882682532032
0.00388882682532032
0.00388882682532032
0.00388882682532032
0.00388882682532032
0.00388882682532032
0.00388882682532032
0.00388882682532032
0.00388882682532032
0.00388882682532032
0.00388882682532032
0.00388882682532032
0.00388882682532032
0.00388882682532032
0.00388882682532032
0.00391087571023772
0.00387779051586221
0.00387779051586221
0.00387779051586221
0.00387779051586221
0.00387779051586221
0.00386675420640409
0.00386675420640409
0.00386675420640409
0.00386675420640409
0.00160859475427972
0.00160859475427972
0.00160859475427972
0.00160859475427972
0.00203871019249438
0.00203871019249438
0.00203871019249438
0.00295500209272667
0.00295500209272667
0.00383736096740285
0.00383736096740285
0.00382632465794474
0.00382632465794474
0.00382632465794474
0.00382632465794474
0.00382632465794474
0.00382632465794474
0.00382632465794474
0.00382632465794474
0.00382632465794474
0.00382632465794474
0.00382632465794474
0.00382632465794474
0.00382632465794474
0.00382632465794474
0.00382632465794474
0.00382632465794474
0.00382632465794474
0.00382632465794474
0.00382632465794474
0.00382632465794474
0.00378772526450663
0.00339069502066748
0.00382634048061063
0.00384834189753036
0.0034016601281291
0.00385945794910884
0.00380977414942403
0.00380977414942403
0.00383177556634376
0.00380978206075698
0.00339069502066748
0.00218214265878518
0.00202768179436921
0.00202768179436921
0.00203879784594769
0.00380702496122568
0.00380702496122568
0.003762911368725
0.003762911368725
0.00334390237483983
0.00374071062360529
0.00374071062360529
0.00375173902173046
0.00375173902173046
0.00375173902173046
0.00375173902173046
0.00379585261423115
0.00379585261423115
0.00379585261423115
0.00379585261423115
0.00379585261423115
0.00379585261423115
0.00379585261423115
0.00379585261423115
0.00379585261423115
0.00379585261423115
0.00379585261423115
0.00379585261423115
