0.00240971685734957
0.00240971685734957
0.00240971685734957
0.00240971685734957
0.00240971685734957
0.00240971685734957
0.00240971685734957
0.00240971685734957
0.00240971685734957
0.00240971685734957
0.00240971685734957
0.00240971685734957
0.00240971685734957
0.00240695975781828
0.00240695975781828
0.00240695975781828
0.00240695975781828
0.00240695975781828
0.00240695975781828
0.00240695975781828
0.00240695975781828
0.00240695975781828
0.00240695975781828
0.00240695975781828
0.00240695975781828
0.00240695975781828
0.00240695975781828
0.00240695975781828
0.00240695975781828
0.00240695975781828
0.00240695975781828
0.00240695975781828
0.00240695975781828
0.00240695975781828
0.00240695975781828
0.00240695975781828
0.00240695975781828
0.00240695975781828
0.00240695975781828
0.00240695975781828
0.00240695975781828
0.00240695975781828
0.00240695975781828
0.00240695975781828
0.00240695975781828
0.00240695975781828
0.00240695975781828
0.00240695975781828
0.00240695975781828
0.00240695975781828
0.00240695975781828
0.00240695975781828
0.00240695975781828
0.00240695975781828
0.00240695975781828
0.00240695975781828
0.00240695975781828
0.00240695975781828
0.00240695975781828
0.00240971685734957
0.00240971685734957
0.00240971685734957
0.00240971685734957
0.00240971685734957
0.00240971685734957
0.00240971685734957
0.00240971685734957
0.00240971685734957
0.00240971685734957
0.00240971685734957
0.00240971685734957
0.00240971685734957
0.00240971685734957
0.00240971685734957
0.00240971685734957
0.00238766006109922
0.00238766006109922
0.00328647450830077
0.00328647450830077
0.00328371740876948
0.00328371740876948
0.00328371740876948
0.00328371740876948
0.00328371740876948
0.00330577420501982
0.00330577420501982
0.00330577420501982
0.00330577420501982
0.00330577420501982
0.00330577420501982
0.00330577420501982
0.00242901655406862
0.00240971685734957
0.00240971685734957
0.00240971685734957
0.00240971685734957
