0.0
0.0
0.0
0.0
0.0
0.0
0.0
0.0
0.0
0.0
0.0
0.0
0.0
0.0
0.0
0.0
0.0
0.0
0.0
0.0
0.0
0.0
0.0
0.0
0.0
0.0
0.0
0.0
0.0
0.000385993934381031
0.000385993934381031
0.000308795147504825
0.000308795147504825
0.000308795147504825
0.000154397573752412
0.000154397573752412
0.0
0.0
0.0
0.0
0.0
0.0
0.0
0.0
0.0
0.0
0.0
0.0
0.0
0.0
0.0
0.0
0.0
0.0
0.0
0.0
0.0
0.0
0.0
7.71987868762062e-05
0.0
0.0
7.71987868762062e-05
0.0
0.0
0.0
0.0
0.0
7.71987868762062e-05
0.000220567962503446
0.000308795147504825
0.000308795147504825
0.000308795147504825
0.0
0.0
0.0
0.0
7.71987868762062e-05
0.0
0.0
0.0
0.0
0.0
0.0
0.0
0.0
0.0
0.0
0.0
0.0
0.0
0.0
0.0
0.0
0.0
0.0