0.0170131319969318
0.0170131319969318
0.0169910752006815
0.0169910752006815
0.0169910752006815
0.0169910752006815
0.0169910752006815
0.0169910752006815
0.0169910752006815
0.0170718782894787
0.0170718782894787
0.0170718782894787
0.0170718782894787
0.0170718782894787
0.0169910752006815
0.0169910752006815
0.0169910752006815
0.0182831001333954
0.0182831001333954
0.0182831001333954
0.0182831001333954
0.0182831001333954
0.018108435276318
0.0183641036121404
0.0183199900196397
0.0182979332233893
0.0182979332233893
0.0196881805511324
0.0196771521530072
0.0180209752545477
0.0180209752545477
0.0181998163076245
0.0180674755301224
0.0181889632164059
0.0188129017871784
0.0187245869487238
0.0186195618409994
0.0186195618409994
0.0167720963611556
0.0167114401714671
0.0167776105602182
0.0171084625039733
0.0168989229395951
0.0167224685695923
0.0167114401714671
0.0167334969677175
0.0167334969677175
0.0167334969677175
0.0167334969677175
0.0167334969677175
0.0167334969677175
0.0167334969677175
0.0167334969677175
0.0169099513377202
0.0163033894408358
0.016512929005214
0.0162923610427106
0.016512929005214
0.0163475030333365
0.0165772477848155
0.019308632510264
0.0197054867269451
0.0197243902765011
0.0196338021391315
0.019451857304065
0.0194077437115643
0.019396547197614
0.0178272111241261
0.0177585873532518
0.0178827498615258
0.0175298411215202
0.0178165794727747
0.0162399981391655
0.0165790993939651
0.0162261906539596
0.0160359507863003
0.0160359507863003
0.0155706658637444
0.0158587166932552
0.0155719783420007
0.0158366598970049
0.0155499215457504
0.0158366598970049
0.0156381487307518
0.0163758845780329
0.0165992096400676
0.0163758845780329
0.0163758845780329
0.0163758845780329
0.0163758845780329
0.0161994302080301
0.0162132157056866
0.0162021873075614
0.0162021873075614
0.0162021873075614
0.0161139601225601
