0.0625
0.0625
0.0625
0.0625
0.0625
0.0625
0.0625
0.0625
0.0625
0.0625
0.0625
0.0625
0.0625
0.0625
0.0625
0.0625
0.0625
0.0625
0.0625
0.0625
0.0625
0.0625
0.0625
0.0625
0.0625
0.0625
0.0625
0.0625
0.0625
0.0625
0.0625
0.0625
0.0625
0.0625
0.0625
0.0625
0.0625
0.015625
0.015625
0.015625
0.015625
0.05078125
0.05078125
0.05078125
0.078125
0.0
0.109375
0.0625
0.0703125
0.078125
0.01953125
0.01953125
0.015625
0.01171875
0.01171875
0.01171875
0.01171875
0.01171875
0.01171875
0.01171875
0.01171875
0.01171875
0.01171875
0.01171875
0.01171875
0.01171875
0.01171875
0.01171875
0.01171875
0.01171875
0.01171875
0.01171875
0.01171875
0.01171875
0.01171875
0.01171875
0.01171875
0.01171875
0.01171875
0.01171875
0.01171875
0.01171875
0.01171875
0.01171875
0.01171875
0.01171875
0.01171875
0.01171875
0.01171875
0.01171875
0.01171875
0.01171875
0.01171875
0.01171875
0.01171875
0.01171875