0.0776954638221679
0.0776954638221679
0.0776954638221679
0.0776954638221679
0.0776954638221679
0.0776954638221679
0.0776954638221679
0.0776954638221679
0.0776954638221679
0.0776954638221679
0.0776954638221679
0.0776954638221679
0.0776954638221679
0.0776954638221679
0.0776954638221679
0.0776954638221679
0.0776954638221679
0.0776954638221679
0.0776954638221679
0.0776954638221679
0.0776954638221679
0.0776954638221679
0.0776954638221679
0.0776954638221679
0.0776954638221679
0.0776954638221679
0.0776954638221679
0.0776954638221679
0.0776954638221679
0.0776954638221679
0.0776954638221679
0.0776954638221679
0.0776954638221679
0.0776954638221679
0.0776954638221679
0.0776954638221679
0.0891897166957311
0.0891897166957311
0.0891897166957311
0.0891897166957311
0.0891897166957311
0.0891897166957311
0.0891897166957311
0.0891897166957311
0.0891897166957311
0.0891897166957311
0.0891897166957311
0.0891897166957311
0.0891897166957311
0.0891897166957311
0.0776954638221679
0.0776954638221679
0.0776954638221679
0.0776954638221679
0.0776954638221679
0.0776954638221679
0.0776954638221679
0.0776954638221679
0.0776954638221679
0.0776954638221679
0.0776954638221679
0.0776954638221679
0.0776954638221679
0.0778842767615823
0.0778842767615823
0.0778842767615823
0.0778842767615823
0.0778842767615823
0.0778842767615823
0.0778842767615823
0.0778842767615823
0.0778842767615823
0.0778842767615823
0.0778842767615823
0.0778842767615823
0.0778842767615823
0.0778842767615823
0.0778842767615823
0.0778842767615823
0.0795220698989745
0.0795305558737796
0.0778842767615823
0.0778842767615823
0.0778842767615823
0.0778842767615823
0.0778842767615823
0.0778842767615823
0.0778842767615823
0.0778842767615823
0.0778842767615823
0.0778842767615823
0.0778842767615823
0.0778842767615823
0.0778842767615823
0.0778842767615823
0.0778842767615823
