0.0776954638221679
0.0776954638221679
0.0776954638221679
0.0776954638221679
0.0776954638221679
0.0776954638221679
0.0776954638221679
0.0776954638221679
0.0776954638221679
0.0776954638221679
0.0776954638221679
0.0776954638221679
0.0776954638221679
0.0776954638221679
0.0776954638221679
0.0776954638221679
0.0776954638221679
0.0776954638221679
0.0776954638221679
0.0776954638221679
0.0776954638221679
0.0776954638221679
0.0776954638221679
0.0776954638221679
0.0776954638221679
0.0776954638221679
0.0776954638221679
0.0776954638221679
0.0776954638221679
0.0776954638221679
0.0776954638221679
0.0776954638221679
0.0776954638221679
0.0776954638221679
0.0776954638221679
0.0776954638221679
0.0776954638221679
0.0776954638221679
0.0776954638221679
0.0776954638221679
0.0776954638221679
0.0776954638221679
0.0776954638221679
0.0776954638221679
0.0776954638221679
0.0776954638221679
0.0776954638221679
0.0776954638221679
0.0776954638221679
0.0776954638221679
0.0776954638221679
0.0776954638221679
0.0776954638221679
0.0776954638221679
0.0776954638221679
0.0776954638221679
0.0776954638221679
0.0776954638221679
0.0776954638221679
0.0776954638221679
0.0776954638221679
0.0776954638221679
0.0776954638221679
0.0776954638221679
0.0776954638221679
0.0776954638221679
0.0776954638221679
0.0776954638221679
0.0776954638221679
0.0776954638221679
0.0776954638221679
0.0776954638221679
0.0776954638221679
0.0776954638221679
0.0776954638221679
0.0776954638221679
0.0776954638221679
0.0776954638221679
0.0776954638221679
0.0776954638221679
0.0776954638221679
0.0776954638221679
0.0776954638221679
0.0776954638221679
0.0776954638221679
0.0776954638221679
0.0776954638221679
0.0776954638221679
0.0776954638221679
0.0776954638221679
0.0776954638221679
0.0776954638221679
0.0776954638221679
0.0776954638221679
0.0776954638221679
0.0776954638221679
