0.80740804756052
0.80740804756052
0.80740804756052
0.80740804756052
0.80740804756052
0.80740804756052
0.80740804756052
0.80740804756052
0.80740804756052
0.80740804756052
0.80740804756052
0.80740804756052
0.80740804756052
0.80740804756052
0.80740804756052
0.80740804756052
0.80740804756052
0.80740804756052
0.80740804756052
0.80740804756052
0.80740804756052
0.80740804756052
0.80740804756052
0.80740804756052
0.80740804756052
0.80740804756052
0.80740804756052
0.80740804756052
0.80740804756052
0.80740804756052
0.80740804756052
0.80740804756052
0.80740804756052
0.80740804756052
0.80740804756052
0.80740804756052
0.80740804756052
0.80740804756052
0.80740804756052
0.80740804756052
0.80740804756052
0.80740804756052
0.80740804756052
0.80740804756052
0.80740804756052
0.80740804756052
0.80740804756052
0.80740804756052
0.80740804756052
0.80740804756052
0.80740804756052
0.80740804756052
0.80740804756052
0.80740804756052
0.80740804756052
0.80740804756052
0.80740804756052
0.80740804756052
0.80740804756052
0.80740804756052
0.80740804756052
0.80740804756052
0.80740804756052
0.80740804756052
0.80740804756052
0.80740804756052
0.80740804756052
0.80740804756052
0.80740804756052
0.80740804756052
0.80740804756052
0.807408449791343
0.807408449791343
0.807408449791343
0.807408449791343
0.807408449791343
0.807408449791343
0.807408449791343
0.807408449791343
0.807408449791343
0.807408449791343
0.807408449791343
0.807408449791343
0.807408449791343
0.807408449791343
0.807408449791343
0.807408449791343
0.807408449791343
0.807408449791343
0.807408449791343
0.807408449791343
0.807408449791343
0.807408449791343
0.807408449791343
0.807408449791343
0.807408449791343
