0.118104691600644
0.118104691600644
0.118104691600644
0.118104691600644
0.118104691600644
0.118104691600644
0.118104691600644
0.118104691600644
0.118104691600644
0.118104691600644
0.118104691600644
0.118104691600644
0.118104691600644
0.118104691600644
0.118104691600644
0.118104691600644
0.118104691600644
0.118104691600644
0.118104691600644
0.118104691600644
0.118104691600644
0.118104691600644
0.118104691600644
0.118104691600644
0.118104691600644
0.118104691600644
0.118104691600644
0.118104691600644
0.118104691600644
0.118104691600644
0.118104691600644
0.118104691600644
0.118104691600644
0.118104691600644
0.118104691600644
0.118104691600644
0.118104691600644
0.118104691600644
0.118104691600644
0.118104691600644
0.118104691600644
0.118104691600644
0.118104691600644
0.118104691600644
0.118104691600644
0.118104691600644
0.118104691600644
0.118104691600644
0.118104691600644
0.118104691600644
0.118104691600644
0.118104691600644
0.118104691600644
0.118104691600644
0.118104691600644
0.118104691600644
0.118104691600644
0.118104691600644
0.118104691600644
0.118104691600644
0.118104691600644
0.118104691600644
0.118104691600644
0.118104691600644
0.118104691600644
0.118104691600644
0.118104691600644
0.118104691600644
0.118104691600644
0.118104691600644
0.118104691600644
0.118104691600644
0.118104691600644
0.118104691600644
0.118104691600644
0.118104691600644
0.118104691600644
0.118104691600644
0.118104691600644
0.118104691600644
0.118104691600644
0.118104691600644
0.118104691600644
0.118104691600644
0.118104691600644
0.118104691600644
0.118104691600644
0.118104691600644
0.118104691600644
0.118104691600644
0.118104691600644
0.118104691600644
0.118104691600644
0.118104691600644
0.118104691600644
0.118104691600644
