0.00944767441860465
0.0116279069767442
0.00944767441860465
0.00944767441860465
0.00944767441860465
0.0485707364341085
0.00944767441860465
0.00944767441860465
0.00944767441860465
0.00944767441860465
0.00944767441860465
0.00944767441860465
0.00944767441860465
0.00944767441860465
0.00944767441860465
0.00944767441860465
0.00944767441860465
0.00944767441860465
0.00944767441860465
0.00944767441860465
0.00944767441860465
0.00944767441860465
0.00944767441860465
0.00944767441860465
0.00944767441860465
0.00944767441860465
0.00944767441860465
0.00944767441860465
0.00944767441860465
0.00944767441860465
0.00944767441860465
0.00944767441860465
0.00944767441860465
0.00944767441860465
0.00944767441860465
0.00944767441860465
0.00944767441860465
0.00944767441860465
0.00944767441860465
0.00944767441860465
0.00944767441860465
0.00944767441860465
0.00944767441860465
0.00944767441860465
0.00944767441860465
0.00944767441860465
0.00944767441860465
0.00944767441860465
0.00944767441860465
0.00944767441860465
0.00944767441860465
0.00944767441860465
0.00944767441860465
0.00944767441860465
0.00944767441860465
0.00944767441860465
0.00944767441860465
0.00944767441860465
0.00944767441860465
0.00944767441860465
0.00944767441860465
0.00944767441860465
0.00944767441860465
0.00944767441860465
0.00944767441860465
0.00944767441860465
0.00944767441860465
0.00944767441860465
0.00944767441860465
0.00944767441860465
0.00944767441860465
0.00944767441860465
0.00944767441860465
0.00944767441860465
0.00944767441860465
0.00944767441860465
0.00944767441860465
0.00944767441860465
0.00944767441860465
0.00944767441860465
0.00944767441860465
0.00944767441860465
0.00944767441860465
0.00944767441860465
0.00944767441860465
0.00944767441860465
0.00944767441860465
0.00944767441860465
0.00944767441860465
0.00944767441860465
0.00944767441860465
0.00944767441860465
0.00944767441860465
0.00944767441860465
0.00944767441860465
0.00944767441860465
