0.148861434108527
0.151041666666667
0.148861434108527
0.148861434108527
0.148861434108527
0.148861434108527
0.148861434108527
0.148861434108527
0.151283914728682
0.151283914728682
0.151283914728682
0.150072674418605
0.150072674418605
0.14765019379845
0.14765019379845
0.14765019379845
0.14765019379845
0.14765019379845
0.14765019379845
0.14765019379845
0.14765019379845
0.149886329755516
0.149886329755516
0.149886329755516
0.14765019379845
0.14765019379845
0.14765019379845
0.149886329755516
0.149886329755516
0.149360180118559
0.149360180118559
0.149360180118559
0.149360180118559
0.149360180118559
0.14765019379845
0.149068231234638
0.149068231234638
0.149068231234638
0.149068231234638
0.149068231234638
0.149068231234638
0.149068231234638
0.14765019379845
0.149068231234638
0.149068231234638
0.148836714918526
0.148836714918526
0.14765019379845
0.14765019379845
0.149103682170543
0.150180340223945
0.148726851851852
0.148726851851852
0.14765019379845
0.14765019379845
0.148726851851852
0.148726851851852
0.148726851851852
0.148726851851852
0.148726851851852
0.148726851851852
0.148726851851852
0.148726851851852
0.148688399778516
0.148688399778516
0.148688399778516
0.148531095842142
0.148531095842142
0.14765019379845
0.14765019379845
0.14765019379845
0.14843586318877
0.14843586318877
0.14765019379845
0.14765019379845
0.14765019379845
0.14843586318877
0.14843586318877
0.14765019379845
0.14838613727799
0.14838613727799
0.14838613727799
0.14838613727799
0.14838613727799
0.14838613727799
0.14838613727799
0.14765019379845
0.148326234901749
0.148326234901749
0.14765019379845
0.14765019379845
0.14765019379845
0.14765019379845
0.14765019379845
0.148268699488702
0.148268699488702
