0.000726744186046512
0.00218023255813953
0.000726744186046512
0.000726744186046512
0.000726744186046512
0.000726744186046512
0.000726744186046512
0.000726744186046512
0.000726744186046512
0.000726744186046512
0.000726744186046512
0.000726744186046512
0.000726744186046512
0.000726744186046512
0.000726744186046512
0.000726744186046512
0.000726744186046512
0.000726744186046512
0.000726744186046512
0.000726744186046512
0.000726744186046512
0.000726744186046512
0.000726744186046512
0.000726744186046512
0.000726744186046512
0.000726744186046512
0.000726744186046512
0.000726744186046512
0.000726744186046512
0.000726744186046512
0.000726744186046512
0.000726744186046512
0.000726744186046512
0.000726744186046512
0.000726744186046512
0.000726744186046512
0.000726744186046512
0.000726744186046512
0.000726744186046512
0.000726744186046512
0.000726744186046512
0.000726744186046512
0.000726744186046512
0.000726744186046512
0.000726744186046512
0.000726744186046512
0.000726744186046512
0.000726744186046512
0.000726744186046512
0
0
0.000726744186046512
0.000726744186046512
0.000726744186046512
0.000726744186046512
0.000726744186046512
0.000726744186046512
0.000726744186046512
0.000726744186046512
0.000726744186046512
0.000726744186046512
0.000726744186046512
0.000726744186046512
0.000726744186046512
0.000726744186046512
0.000726744186046512
0.000726744186046512
0.000726744186046512
0.000726744186046512
0.000726744186046512
0.000611995104039168
0.000611995104039168
0.000611995104039168
0.000611995104039168
0.000611995104039168
0.000611995104039168
0.000611995104039168
0.000611995104039168
0.000611995104039168
0.000611995104039168
0.000611995104039168
0.000611995104039168
0.000611995104039168
0.000611995104039168
0.000611995104039168
0.000611995104039168
0.000611995104039168
0.000611995104039168
0.000611995104039168
0.000611995104039168
0.000611995104039168
0.000611995104039168
0.000611995104039168
0.000611995104039168
0.000611995104039168
0.000611995104039168
