0.0858769379844961
0.0858769379844961
0.0858769379844961
0.0858769379844961
0.0858769379844961
0.0393000894454383
0.0830258646392367
0.0830258646392367
0.0866595855694693
0.0866595855694693
0.0866595855694693
0.0854483452593918
0.0854483452593918
0.0830258646392367
0.0830258646392367
0.0830258646392367
0.0830258646392367
0.0830258646392367
0.0830258646392367
0.0830258646392367
0.0830258646392367
0.0852620005963029
0.0852620005963029
0.0852620005963029
0.0830258646392367
0.0830258646392367
0.0830258646392367
0.0852620005963029
0.0852620005963029
0.0847358509593462
0.0847358509593462
0.0847358509593462
0.0847358509593462
0.0847358509593462
0.0830258646392367
0.084443902075425
0.084443902075425
0.084443902075425
0.084443902075425
0.084443902075425
0.084443902075425
0.084443902075425
0.0830258646392367
0.084443902075425
0.084443902075425
0.0842123857593127
0.0842123857593127
0.0830258646392367
0.0830258646392367
0.0830258646392367
0.084102522692639
0.084102522692639
0.084102522692639
0.0830258646392367
0.0830258646392367
0.084102522692639
0.084102522692639
0.084102522692639
0.084102522692639
0.084102522692639
0.0819222901344994
0.0819222901344994
0.0819222901344994
0.0818838380611636
0.0818838380611636
0.0818838380611636
0.0817265341247899
0.0817265341247899
0.0808456320810972
0.0808456320810972
0.0824521192292
0.0832377886195206
0.0832377886195206
0.0824521192292
0.0824521192292
0.0824521192292
0.0832377886195206
0.0832377886195206
0.0824521192292
0.0831880627087408
0.0831880627087408
0.0831880627087408
0.0831880627087408
0.0831880627087408
0.0831880627087408
0.0831880627087408
0.0824521192292
0.0831281603324991
0.0831281603324991
0.0824521192292
0.0824521192292
0.0824521192292
0.0824521192292
0.0824521192292
0.0830706249194524
0.0830706249194524
