0.305111434108527
0.305111434108527
0.305111434108527
0.305111434108527
0.305111434108527
0.303713849135361
0.303713849135361
0.303713849135361
0.307589818127609
0.307589818127609
0.307589818127609
0.306620825879547
0.306620825879547
0.304198345259392
0.304198345259392
0.304198345259392
0.304794648181276
0.304794648181276
0.304794648181276
0.304794648181276
0.304794648181276
0.307030784138342
0.307030784138342
0.307030784138342
0.304794648181276
0.304794648181276
0.30255851222421
0.307030784138342
0.307030784138342
0.306478327019538
0.306478327019538
0.306478327019538
0.306478327019538
0.306478327019538
0.302591236165045
0.305427311037422
0.305427311037422
0.305427311037422
0.305427311037422
0.305427311037422
0.305427311037422
0.305427311037422
0.302591236165045
0.305427311037422
0.305427311037422
0.305305764971463
0.305305764971463
0.30333701881667
0.304413676870072
0.304413676870072
0.305490334923474
0.305490334923474
0.305490334923474
0.304413676870072
0.304413676870072
0.305490334923474
0.305490334923474
0.305490334923474
0.305490334923474
0.305490334923474
0.303310102365335
0.303310102365335
0.303310102365335
0.303748456001363
0.303748456001363
0.303748456001363
0.303779916788638
0.303779916788638
0.302856160050927
0.302856160050927
0.30446264719903
0.305248316589351
0.305248316589351
0.30446264719903
0.30446264719903
0.30446264719903
0.305248316589351
0.305248316589351
0.303869914342535
0.305341801301617
0.305341801301617
0.305341801301617
0.305341801301617
0.305341801301617
0.305341801301617
0.305341801301617
0.303940085697561
0.305292167904159
0.305292167904159
0.304572975241075
0.304572975241075
0.304572975241075
0.304572975241075
0.304572975241075
0.305191480931328
0.305191480931328
